0 0.2984375 0.1234375 0.153125 0.1765625
0 0.4046875 0.3109375 0.1609375 0.1171875
0 0.625 0.2109375 0.109375 0.125
0 0.80859375 0.1234375 0.109375 0.1015625
0 0.9359375 0.2953125 0.10625 0.1015625
0 0.73046875 0.3921875 0.1140625 0.121875
0 0.51953125 0.490625 0.1171875 0.1015625
0 0.51953125 0.6640625 0.0984375 0.1171875
0 0.3109375 0.5703125 0.109375 0.1171875
0 0.37890625 0.7171875 0.125 0.09375
0 0.1078125 0.70703125 0.1453125 0.1140625
0 0.2203125 0.4125 0.109375 0.1328125
0 0.0375 0.5078125 0.075 0.1296875
0 0.1078125 0.2125 0.125 0.1015625
0 0.74609375 0.8921875 0.140625 0.153125
0 0.94140625 0.7828125 0.1171875 0.1609375
0 0.5078125 0.0546875 0.1296875 0.109375
0 0.5375 0.96484375 0.109375 0.0703125 0.032309 0.053098 0.064556 0.10574399999999999 0.5375 0.96484375
0 0.97421875 0.04296875 0.0515625 0.084375