0 0.5484375 0.171875 0.184375 0.2
0 0.75625 0.28515625 0.16875 0.1953125
0 0.93515625 0.378125 0.1296875 0.21875
0 0.59765625 0.45703125 0.1796875 0.203125
0 0.83203125 0.5765625 0.1765625 0.2
0 0.9625 0.6859375 0.075 0.1609375
0 0.86875 0.865625 0.1875 0.2109375
0 0.6859375 0.76171875 0.1765625 0.1796875
0 0.4828125 0.63671875 0.1796875 0.1796875
0 0.2578125 0.525 0.1953125 0.1921875
0 0.415625 0.36875 0.184375 0.1953125
0 0.20703125 0.25 0.215625 0.2078125
0 0.35078125 0.0953125 0.2140625 0.190625
0 0.084375 0.3890625 0.15625 0.1875
0 0.11875 0.703125 0.1921875 0.2078125
0 0.3265625 0.80625 0.16875 0.234375
0 0.203125 0.1640625 0.53125 0.91796875 0.194276 0.13620000000000002 0.178482 0.9319000000000001 0.203125 0.1640625
0 0.93671875 0.0796875 0.1265625 0.1265625
0 0.1078125 0.06328125 0.175 0.125
0 0.71953125 0.975 0.153125 0.0484375
0 0.0265625 0.865625 0.053125 0.1921875
0 0.02578125 0.21015625 0.0515625 0.1671875
0 0.765625 0.0171875 0.159375 0.034375
0 0.76953125 0.00859375 0.1546875 0.0171875
0 0.015625 0.8625 0.03125 0.1890625
0 0.01796875 0.21015625 0.0359375 0.175