0 0.8609375 0.35546875 0.2234375 0.2109375
0 0.665625 0.4671875 0.2234375 0.1921875
0 0.9296875 0.5546875 0.125 0.234375
0 0.540625 0.2796875 0.215625 0.1921875
0 0.92265625 0.0796875 0.1359375 0.159375
0 0.5546875 0.7421875 0.234375 0.203125
0 0.8734375 0.8296875 0.2 0.1921875
0 0.76171875 0.6546875 0.2421875 0.215625
0 0.3421875 0.8609375 0.2234375 0.215625
0 0.32421875 0.384375 0.2265625 0.2078125
0 0.7484375 0.1734375 0.2078125 0.1921875
0 0.071875 0.76171875 0.14375 0.1953125
0 0.66015625 0.915625 0.2421875 0.1609375
0 0.1421875 0.4859375 0.184375 0.1453125
0 0.2421875 0.66796875 0.2109375 0.2109375
0 0.459375 0.5609375 0.16875 0.16875
0 0.140625 0.1140625 0.140625 0.94296875 0.18491200000000002 0.086773 0.11074500000000001 0.043408999999999996 0.140625 0.1140625
0 0.02421875 0.58046875 0.0484375 0.1953125
0 0.44765625 0.96796875 0.19375 0.0640625
0 0.978125 0.2625 0.04375 0.1875
0 0.97890625 0.74453125 0.0421875 0.1921875
0 0.98671875 0.25625 0.0265625 0.1859375
0 0.9328125 0.98203125 0.134375 0.0359375
0 0.0171875 0.10078125 0.034375 0.2015625
0 0.98515625 0.740625 0.0296875 0.2
0 0.990625 0.25546875 0.01875 0.1828125
0 0.01328125 0.10390625 0.0265625 0.2078125
0 0.92578125 0.98671875 0.1484375 0.0265625