0 0.8296875 0.8671875 0.2546875 0.234375
0 0.4984375 0.3359375 0.1171875 0.121875
0 0.70703125 0.22265625 0.1484375 0.1453125
0 0.97421875 0.3109375 0.0515625 0.125
0 0.803125 0.41796875 0.0984375 0.1140625
0 0.896875 0.5796875 0.140625 0.1171875
0 0.7171875 0.6796875 0.109375 0.1015625
0 0.59765625 0.5078125 0.1328125 0.121875
0 0.38671875 0.60546875 0.1171875 0.10625
0 0.4859375 0.7734375 0.1328125 0.1140625
0 0.6109375 0.9390625 0.1921875 0.121875
0 0.296875 0.8734375 0.1296875 0.1375
0 0.1875 0.71484375 0.109375 0.109375
0 0.0921875 0.5390625 0.121875 0.153125
0 0.2890625 0.43359375 0.1453125 0.1171875
0 0.19375 0.24375 0.1296875 0.1640625
0 0.38125 0.1421875 0.1640625 0.1328125
0 0.0921875 0.05078125 0.125 0.1015625
0 0.1140625 0.0828125 0.09453125 0.95859375 0.134164 0.12258899999999999 0.906108 0.10652999999999999 0.1140625 0.0828125
0 0.96875 0.7765625 0.0625 0.1703125
0 0.025 0.8125 0.05 0.1296875
0 0.0265625 0.334375 0.053125 0.1203125
0 0.59140625 0.0421875 0.103125 0.084375
0 0.42578125 0.9875 0.175 0.025