0 0.2359375 0.59765625 0.184375 0.1484375
0 0.4046875 0.72265625 0.153125 0.1484375
0 0.4046875 0.4296875 0.1453125 0.1328125
0 0.56640625 0.5484375 0.1640625 0.1296875
0 0.5484375 0.29296875 0.1609375 0.1640625
0 0.915625 0.8421875 0.1609375 0.1453125
0 0.3921875 0.1265625 0.140625 0.1375
0 0.69375 0.1078125 0.140625 0.153125
0 0.8765625 0.24609375 0.121875 0.1328125
0 0.725 0.40234375 0.153125 0.15625
0 0.9 0.5609375 0.1296875 0.125
0 0.725 0.6953125 0.171875 0.15625
0 0.5765625 0.85546875 0.153125 0.1453125
0 0.06640625 0.44921875 0.1328125 0.1484375
0 0.2265625 0.2828125 0.1375 0.1484375
0 0.078125 0.7328125 0.1375 0.153125
0 0.2515625 0.86875 0.1515625 0.125
0 0.53984375 0.03046875 0.1609375 0.0609375
0 0.85 0.0265625 0.1546875 0.053125
0 0.97265625 0.109375 0.0546875 0.1484375
0 0.40703125 0.965625 0.1859375 0.06875
0 0.74609375 0.965625 0.1859375 0.06875
0 0.1680144421875 0.1740007640625 0.986438 0.38912599999999997 0.178125 0.0609375 0.1680144421875 0.1740007640625
0 0.096875 0.96953125 0.1680144421875 0.1740007640625 0.027123 0.136967 0.096875 0.96953125
0 0.9921875 0.38984375 0.015625 0.134375
0 0.9796875 0.3921875 0.040625 0.134375