0 0.4296875 0.31640625 0.2265625 0.21875
0 0.87265625 0.0796875 0.1921875 0.159375
0 0.4296875 0.63671875 0.2109375 0.1875
0 0.5609375 0.1171875 0.2390625 0.203125
0 0.1625 0.1625 0.23125 0.2
0 0.8671875 0.9609375 0.2109375 0.0703125
0 0.259375 0.5171875 0.2390625 0.2234375
0 0.671875 0.81875 0.1953125 0.1765625
0 0.8046875 0.63671875 0.2109375 0.2265625
0 0.915625 0.4234375 0.1609375 0.2
0 0.25625 0.8609375 0.23125 0.1921875
0 0.10546875 0.71875 0.1953125 0.21875
0 0.9546875 0.78515625 0.075 0.1796875
0 0.72265625 0.25390625 0.1953125 0.1796875
0 0.578125 0.4625 0.1484375 0.184375
0 0.064032465625 0.35514704375 0.036492000000000004 0.9131159999999999 0.121875 0.203125 0.064032465625 0.35514704375
0 0.49296875 0.9796875 0.2078125 0.040625
0 0.31875 0.021875 0.2109375 0.04375
0 0.02109375 0.0546875 0.040625 0.109375
0 0.69375 0.0203125 0.203125 0.040625
0 0.4890625 0.9859375 0.1875 0.028125
0 0.11015625 0.990625 0.1765625 0.0171875