0 0.9234375 0.21875 0.1375 0.21875
0 0.8046875 0.04296875 0.234375 0.0859375
0 0.5296875 0.53515625 0.1765625 0.1953125
0 0.3609375 0.31640625 0.215625 0.1796875
0 0.16015625 0.1234375 0.2109375 0.2
0 0.921875 0.9359375 0.1484375 0.121875
0 0.759375 0.3734375 0.2390625 0.2078125
0 0.0859375 0.84765625 0.171875 0.1484375
0 0.203125 0.23125 0.584375 0.1875 0.052622 0.222207 0.026311 0.24184299999999997 0.203125 0.23125
0 0.37734375 0.01953125 0.1875 0.0390625
0 0.30625 0.97890625 0.1453125 0.0421875
0 0.30625 0.98515625 0.1515625 0.0296875