0 0.921875 0.0796875 0.1484375 0.153125
0 0.0859375 0.0921875 0.140625 0.1453125
0 0.5296875 0.44921875 0.1375 0.140625
0 0.3296875 0.63671875 0.153125 0.1484375
0 0.31875 0.2875 0.1375 0.1375
0 0.9234375 0.44921875 0.1375 0.1484375
0 0.7484375 0.6421875 0.121875 0.1375
0 0.7359375 0.25625 0.1453125 0.1765625
0 0.5375 0.109375 0.1453125 0.15625
0 0.0875 0.484375 0.15625 0.121875
0 0.52734375 0.834375 0.121875 0.109375
0 0.110245975 0.1446708703125 0.94921875 0.8375 0.109257 0.10084 0.110245975 0.1446708703125
0 0.110245975 0.1446708703125 0.1015625 0.1375 0.126278 0.855202 0.110245975 0.1446708703125
0 0.74296875 0.9703125 0.1484375 0.059375
0 0.346875 0.96953125 0.1421875 0.0609375