0 0.109375 0.12890625 0.203125 0.2109375
0 0.1171875 0.4609375 0.1953125 0.15625
0 0.7984375 0.703125 0.2703125 0.25
0 0.571875 0.2421875 0.2390625 0.1953125
0 0.384375 0.09765625 0.23125 0.1953125
0 0.1171875 0.78515625 0.21875 0.21875
0 0.7359375 0.05078125 0.215625 0.1015625
0 0.44140625 0.4046875 0.2109375 0.2234375
0 0.2734375 0.2734375 0.2265625 0.2265625
0 0.9546875 0.84765625 0.0828125 0.2109375
0 0.28515625 0.59765625 0.2109375 0.1953125
0 0.8984375 0.140625 0.1796875 0.15625
0 0.3109375 0.9125 0.2078125 0.16875
0 0.74609375 0.390625 0.1640625 0.1640625
0 0.60546875 0.5546875 0.1375 0.1171875
0 0.4515625 0.74609375 0.153125 0.1140625
0 0.65625 0.87890625 0.1921875 0.1296875
0 0.36602253125 0.2687539296875 0.9390625 0.5328125 0.21923499999999999 0.061415 0.36602253125 0.2687539296875
0 0.36602253125 0.2687539296875 0.121875 0.15625 0.8619749999999999 0.969292 0.36602253125 0.2687539296875
0 0.02265625 0.31875 0.0453125 0.203125
0 0.23359375 0.02265625 0.1921875 0.0453125
0 0.525 0.9796875 0.2015625 0.040625
0 0.02578125 0.65859375 0.0515625 0.1796875
0 0.0328125 0.9515625 0.065625 0.096875
0 0.01640625 0.653125 0.0328125 0.16875