0 0.5171875 0.6859375 0.215625 0.1921875
0 0.6390625 0.2671875 0.1921875 0.1796875
0 0.740625 0.5453125 0.1609375 0.171875
0 0.834375 0.7015625 0.121875 0.140625
0 0.95703125 0.77734375 0.0859375 0.2
0 0.365625 0.3375 0.1765625 0.153125
0 0.68125 0.0546875 0.1796875 0.109375
0 0.79296875 0.2046875 0.16875 0.184375
0 0.084375 0.078125 0.16875 0.1453125
0 0.2125 0.6859375 0.1875 0.1765625
0 0.32421875 0.8359375 0.16875 0.1453125
0 0.521875 0.9296875 0.1609375 0.140625
0 0.7484375 0.9453125 0.1609375 0.109375
0 0.16171875 0.92734375 0.1796875 0.1453125
0 0.5609375 0.4984375 0.140625 0.1328125
0 0.95234375 0.08125 0.0953125 0.1625
0 0.0421875 0.7734375 0.084375 0.1578125
0 0.121875 0.140625 0.884375 0.91640625 0.161639 0.16713899999999998 0.802595 0.137749 0.121875 0.140625
0 0.62578125 0.83125 0.1375 0.10625
0 0.2453125 0.01953125 0.16875 0.0390625
0 0.36484375 0.06328125 0.09375 0.0953125
0 0.02421875 0.359375 0.0484375 0.13125