0 0.4859375 0.37890625 0.153125 0.140625
0 0.1546875 0.3296875 0.1609375 0.1375
0 0.1109375 0.60546875 0.1609375 0.1484375
0 0.3359375 0.2359375 0.15625 0.153125
0 0.6546875 0.5171875 0.1609375 0.1375
0 0.4671875 0.63671875 0.184375 0.171875
0 0.94375 0.82421875 0.10625 0.1484375
0 0.84765625 0.16015625 0.1875 0.1328125
0 0.84765625 0.4046875 0.1640625 0.1375
0 0.6234375 0.7671875 0.121875 0.1140625
0 0.421875 0.90625 0.1453125 0.121875
0 0.5296875 0.115625 0.1640625 0.1640625
0 0.30625 0.48828125 0.125 0.10625
0 0.084375 0.875 0.1296875 0.15625
0 0.9703125 0.553125 0.059375 0.1484375
0 0.33181100625000004 0.1120425796875 0.703249 0.034046 0.167967 0.068051 0.33181100625000004 0.1120425796875
0 0.33181100625000004 0.1120425796875 0.046875 0.171875 0.9765625 0.28515625 0.33181100625000004 0.1120425796875
0 0.2390625 0.97421875 0.15625 0.05
0 0.1484375 0.05703125 0.134375 0.1140625
0 0.01796875 0.16875 0.0359375 0.1421875
0 0.025 0.4625 0.05 0.1609375
0 0.0140625 0.165625 0.028125 0.146875
0 0.01171875 0.72421875 0.0234375 0.159375
0 0.009375 0.7265625 0.01875 0.153125