0 0.09375 0.9453125 0.1875 0.1015625
0 0.6125 0.77265625 0.16875 0.175
0 0.0984375 0.2546875 0.16875 0.1921875
0 0.3921875 0.7734375 0.121875 0.1484375
0 0.603125 0.9515625 0.2 0.0890625
0 0.384375 0.49375 0.15625 0.1375
0 0.61875 0.2984375 0.1375 0.1484375
0 0.8484375 0.078125 0.1484375 0.1453125
0 0.871875 0.5390625 0.16875 0.1609375
0 0.8734375 0.771875 0.1765625 0.1640625
0 0.890625 0.9390625 0.21875 0.121875
0 0.35859375 0.96875 0.1375 0.0625
0 0.1183365546875 0.1946744015625 0.121875 0.1328125 0.0609375 0.49375 0.1183365546875 0.1946744015625
0 0.1183365546875 0.1946744015625 0.086057 0.759011 0.129432 0.13686199999999998 0.1183365546875 0.1946744015625