0 0.4078125 0.08203125 0.1453125 0.1328125
0 0.70078125 0.0640625 0.1796875 0.128125
0 0.7578125 0.30859375 0.1375 0.121875
0 0.46875 0.3671875 0.1296875 0.1328125
0 0.1 0.12109375 0.1484375 0.1453125
0 0.2015625 0.65625 0.1765625 0.171875
0 0.1640625 0.3921875 0.1296875 0.1375
0 0.5078125 0.615625 0.1296875 0.125
0 0.7734375 0.553125 0.15625 0.1453125
0 0.83203125 0.81875 0.1640625 0.1484375
0 0.546875 0.85 0.1375 0.1453125
0 0.24609375 0.9078125 0.140625 0.140625 0.9533229999999999 0.038819 0.09335299999999999 0.077577 0.24609375 0.9078125
0 0.97734375 0.2609375 0.0453125 0.15
0 0.02109375 0.928125 0.0421875 0.1421875
0 0.978125 0.5203125 0.04375 0.1578125
0 0.984375 0.2546875 0.03125 0.14375
0 0.01484375 0.93046875 0.028125 0.1390625
0 0.98671875 0.5140625 0.0265625 0.1484375