0 0.10546875 0.4546875 0.1875 0.184375
0 0.23046875 0.28515625 0.1875 0.1875
0 0.5484375 0.31640625 0.184375 0.1640625
0 0.296875 0.6484375 0.1796875 0.1796875
0 0.6796875 0.1421875 0.171875 0.1609375
0 0.13671875 0.8421875 0.1953125 0.1609375
0 0.41015625 0.4921875 0.1640625 0.15625
0 0.16875 0.1453125 0.34765625 0.11875 0.109321 0.091266 0.05477800000000001 0.9543670000000001 0.16875 0.1453125
0 0.79453125 0.02421875 0.18125 0.0484375
0 0.46953125 0.015625 0.19375 0.03125
0 0.14140625 0.034375 0.1734375 0.06875
0 0.02734375 0.640625 0.0546875 0.1640625
0 0.0234375 0.1515625 0.046875 0.14375
0 0.01484375 0.14921875 0.0296875 0.1453125