0 0.75625 0.8046875 0.2 0.1953125
0 0.509375 0.921875 0.184375 0.1484375
0 0.69140625 0.1734375 0.203125 0.2
0 0.44921875 0.2984375 0.203125 0.1921875
0 0.3921875 0.76171875 0.215625 0.1875
0 0.8984375 0.50625 0.1875 0.2078125
0 0.2984375 0.59765625 0.1984375 0.171875
0 0.12890625 0.91015625 0.1796875 0.1640625
0 0.634375 0.665625 0.1453125 0.16875
0 0.3296875 0.1546875 0.16875 0.184375
0 0.59140625 0.0484375 0.1921875 0.096875
0 0.5609375 0.4546875 0.1609375 0.1765625
0 0.1 0.2953125 0.1328125 0.1328125
0 0.0546875 0.1171875 0.109375 0.1484375
0 0.25 0.04296875 0.23125 0.0859375
0 0.9390625 0.053125 0.121875 0.1015625
0 0.9609375 0.2125 0.078125 0.1765625
0 0.7828125 0.3375 0.21875 0.1484375
0 0.0640625 0.72734375 0.128125 0.1796875
0 0.94296875 0.671875 0.1140625 0.125
0 0.1502373359375 0.2694203578125 0.04123 0.15606599999999998 0.020615 0.559799 0.1502373359375 0.2694203578125
0 0.80546875 0.95078125 0.2265625 0.0984375 0.1502373359375 0.2694203578125 0.80546875 0.95078125