0 0.1484375 0.44921875 0.1796875 0.203125
0 0.2421875 0.25390625 0.2109375 0.1640625
0 0.734375 0.78515625 0.2265625 0.1796875
0 0.6109375 0.9296875 0.2078125 0.1328125
0 0.3734375 0.1 0.1921875 0.1765625
0 0.91015625 0.8921875 0.171875 0.2
0 0.7359375 0.3109375 0.23125 0.2078125
0 0.5546875 0.196875 0.21875 0.215625
0 0.6421875 0.4984375 0.2 0.184375
0 0.884375 0.13125 0.2078125 0.2
0 0.6734375 0.046875 0.1921875 0.09375
0 0.8359375 0.59765625 0.1875 0.1953125
0 0.5171875 0.6546875 0.215625 0.215625
0 0.1796875 0.046875 0.203125 0.09375
0 0.3984375 0.84765625 0.1796875 0.203125
0 0.446875 0.384375 0.2078125 0.2
0 0.2171875 0.73046875 0.184375 0.1796875
0 0.921875 0.4046875 0.1484375 0.215625
0 0.31640625 0.5546875 0.203125 0.171875
0 0.1234375 0.9359375 0.246875 0.121875
0 0.05859375 0.1703125 0.1171875 0.1609375
0 0.08962318281250001 0.1997955421875 0.956107 0.711306 0.09375 0.153125 0.08962318281250001 0.1997955421875
0 0.80703125 0.98046875 0.2203125 0.0390625
0 0.2828125 0.97265625 0.1734375 0.0546875
0 0.0203125 0.35546875 0.040625 0.1984375
0 0.9421875 0.0234375 0.115625 0.046875
0 0.0125 0.3484375 0.025 0.1890625
0 0.00859375 0.34453125 0.0171875 0.1796875