0 0.165625 0.91796875 0.1765625 0.1484375
0 0.9046875 0.8359375 0.184375 0.1640625
0 0.7671875 0.1734375 0.1765625 0.16875
0 0.8671875 0.3671875 0.171875 0.1796875
0 0.44140625 0.103125 0.2109375 0.184375
0 0.2484375 0.6625 0.1921875 0.1765625
0 0.9359375 0.0796875 0.121875 0.153125
0 0.1234375 0.478125 0.1609375 0.1765625
0 0.2484375 0.1859375 0.125 0.1453125
0 0.5640625 0.28125 0.15625 0.121875
0 0.6640625 0.4609375 0.15625 0.1453125
0 0.76953125 0.646875 0.153125 0.16875
0 0.946875 0.546875 0.10625 0.1484375
0 0.546875 0.74609375 0.109375 0.1015625
0 0.44140625 0.55859375 0.15625 0.1296875
0 0.3421875 0.3828125 0.1484375 0.1140625
0 0.05625 0.271875 0.1125 0.125
0 0.0453125 0.74609375 0.090625 0.15625
0 0.37890625 0.85 0.1609375 0.1296875
0 0.1390625 0.03125 0.1375 0.0625
0 0.67734375 0.91796875 0.184375 0.1640625
0 0.18828125 0.08671875 0.65234375 0.04375 0.173749 0.04073 0.454754 0.979547 0.18828125 0.08671875
0 0.9421875 0.9796875 0.115625 0.040625
0 0.9421875 0.9859375 0.115625 0.028125
0 0.009375 0.0875 0.01875 0.175
0 0.453125 0.98515625 0.171875 0.0296875