0 0.6171875 0.696875 0.2578125 0.2234375
0 0.22265625 0.3046875 0.2421875 0.234375
0 0.81640625 0.884375 0.21875 0.2
0 0.44921875 0.1484375 0.2265625 0.2109375
0 0.3984375 0.859375 0.25 0.2265625
0 0.6546875 0.3296875 0.2703125 0.246875
0 0.08203125 0.1109375 0.1640625 0.215625
0 0.671875 0.040625 0.203125 0.08125
0 0.171875 0.9671875 0.203125 0.059375
0 0.946875 0.734375 0.0984375 0.1796875
0 0.2734375 0.03125 0.1953125 0.0625
0 0.959375 0.31640625 0.075 0.1640625
0 0.40234375 0.52734375 0.25 0.23125
0 0.81640625 0.540625 0.171875 0.171875
0 0.1674022609375 0.25039434531250004 0.5792740000000001 0.977463 0.24986999999999998 0.045016 0.1674022609375 0.25039434531250004
0 0.94296875 0.9796875 0.1140625 0.040625
0 0.9734375 0.03984375 0.053125 0.0796875
0 0.94453125 0.98515625 0.1109375 0.0296875
0 0.0203125 0.85 0.0390625 0.1703125