0 0.8046875 0.2796875 0.1640625 0.153125
0 0.2875 0.1546875 0.16875 0.153125
0 0.790625 0.5859375 0.1609375 0.1484375
0 0.928125 0.134375 0.1375 0.1375
0 0.953125 0.7171875 0.0859375 0.1375
0 0.1109375 0.6 0.1375 0.1375
0 0.12890625 0.3046875 0.15625 0.1328125
0 0.453125 0.2734375 0.1484375 0.1453125
0 0.59375 0.1390625 0.140625 0.121875
0 0.28515625 0.44140625 0.1296875 0.121875
0 0.48828125 0.59765625 0.153125 0.1328125
0 0.328125 0.74609375 0.125 0.121875
0 0.63671875 0.7171875 0.121875 0.1484375
0 0.484375 0.8828125 0.09375 0.0859375
0 0.82421875 0.8578125 0.109375 0.1328125
0 0.94921875 0.421875 0.1015625 0.1328125
0 0.1375 0.1375 0.1859375 0.90234375 0.166215 0.07582900000000001 0.111534 0.037915 0.1375 0.1375
0 0.95234375 0.96953125 0.0953125 0.0609375
0 0.740625 0.02265625 0.1703125 0.0453125
0 0.67265625 0.971875 0.1421875 0.05625
0 0.0234375 0.76171875 0.046875 0.1359375
0 0.0171875 0.16171875 0.034375 0.153125
0 0.02109375 0.4421875 0.0421875 0.1703125
0 0.31640625 0.975 0.1359375 0.0484375
0 0.0125 0.16171875 0.025 0.1546875
0 0.01484375 0.7609375 0.0296875 0.140625
0 0.01328125 0.44140625 0.0265625 0.1625
0 0.3171875 0.98359375 0.1484375 0.0328125