0 0.921875 0.63671875 0.1484375 0.1875
0 0.31640625 0.08203125 0.1953125 0.1640625
0 0.69921875 0.0859375 0.1875 0.171875
0 0.5484375 0.634375 0.1453125 0.1453125
0 0.7421875 0.44921875 0.140625 0.1328125
0 0.75390625 0.81640625 0.15625 0.1484375
0 0.93359375 0.2671875 0.125 0.1515625
0 0.946875 0.94921875 0.0984375 0.0859375
0 0.3296875 0.8296875 0.1765625 0.1296875
0 0.3359375 0.4546875 0.15625 0.153125
0 0.1171875 0.634375 0.1484375 0.121875
0 0.12890625 0.259375 0.171875 0.1359375
0 0.165625 0.9546875 0.20675600312500003 0.170361825 0.17045 0.080998 0.165625 0.9546875
0 0.20675600312500003 0.170361825 0.527296 0.959341 0.2109375 0.090625 0.20675600312500003 0.170361825
0 0.01796875 0.090625 0.0359375 0.1765625
0 0.0140625 0.828125 0.028125 0.1609375