0 0.81640625 0.103125 0.1796875 0.1765625
0 0.53515625 0.81875 0.1640625 0.1375
0 0.915625 0.5609375 0.1609375 0.153125
0 0.2734375 0.4609375 0.1640625 0.1796875
0 0.2984375 0.1796875 0.15625 0.1484375
0 0.44140625 0.365625 0.15625 0.1453125
0 0.665625 0.225 0.153125 0.16875
0 0.759375 0.4046875 0.121875 0.125
0 0.70703125 0.6734375 0.1796875 0.1484375
0 0.6875 0.94921875 0.1796875 0.1015625
0 0.24375 0.790625 0.1484375 0.140625
0 0.09765625 0.2796875 0.121875 0.1296875
0 0.59765625 0.5234375 0.1015625 0.125
0 0.365625 0.953125 0.1328125 0.09375 0.057750559374999996 0.14328235625000002 0.365625 0.953125
0 0.15703125 0.03828125 0.121875 0.0765625
0 0.95625 0.971875 0.0875 0.05625
0 0.45546875 0.046875 0.13125 0.09375
0 0.95234375 0.0203125 0.0953125 0.040625
0 0.95234375 0.2734375 0.0953125 0.1140625
0 0.86328125 0.84140625 0.1328125 0.13125
0 0.9859375 0.71640625 0.028125 0.15
0 0.99140625 0.71640625 0.0171875 0.1484375
0 0.95234375 0.01640625 0.0953125 0.0328125