0 0.5921875 0.85 0.2078125 0.2078125
0 0.7046875 0.1234375 0.246875 0.2234375
0 0.8359375 0.6734375 0.21875 0.1921875
0 0.09375 0.2171875 0.1875 0.2078125
0 0.3359375 0.0859375 0.2265625 0.171875
0 0.478125 0.2734375 0.2234375 0.2109375
0 0.22265625 0.44921875 0.2578125 0.21875
0 0.4234375 0.6546875 0.2234375 0.184375
0 0.66015625 0.478125 0.2265625 0.2078125
0 0.94921875 0.890625 0.0859375 0.2109375
0 0.1875 0.78515625 0.21875 0.21875
0 0.8734375 0.321875 0.1765625 0.2
0 0.046875 0.584375 0.09375 0.1640625
0 0.36328125 0.95703125 0.1765625 0.0859375
0 0.91953125 0.03671875 0.1609375 0.0734375 0.2883699234375 0.146479753125 0.91953125 0.03671875
0 0.2883699234375 0.146479753125 0.057631 0.186606 0.971184 0.5378580000000001 0.2883699234375 0.146479753125
0 0.7703125 0.978125 0.215625 0.04375
0 0.540625 0.01484375 0.2328125 0.0296875