0 0.5609375 0.7734375 0.1921875 0.1640625
0 0.853125 0.4359375 0.2078125 0.184375
0 0.6484375 0.5171875 0.1953125 0.1609375
0 0.415625 0.1421875 0.184375 0.1921875
0 0.91796875 0.603125 0.1484375 0.2078125
0 0.759375 0.696875 0.2234375 0.2078125
0 0.446875 0.5921875 0.2 0.2
0 0.8671875 0.8921875 0.1953125 0.184375
0 0.2109375 0.2171875 0.171875 0.16875
0 0.7359375 0.2109375 0.2078125 0.1796875
0 0.521875 0.3203125 0.203125 0.171875
0 0.62890625 0.08203125 0.2 0.1640625
0 0.9234375 0.146875 0.153125 0.2
0 0.22265625 0.7046875 0.2390625 0.16875
0 0.31875 0.4125 0.1921875 0.215625
0 0.12109375 0.51171875 0.184375 0.1796875
0 0.0625 0.30625 0.125 0.21875
0 0.1109375 0.06015625 0.221875 0.1203125
0 0.3375 0.8921875 0.2 0.203125
0 0.6578125 0.93125 0.2234375 0.1375
0 0.11875 0.9453125 0.171875 0.109375
0 0.15206389375 0.1850034765625 0.30593400000000004 0.023374 0.174085 0.04671 0.15206389375 0.1850034765625
0 0.15206389375 0.1850034765625 0.1125 0.2265625 0.05625 0.78671875 0.15206389375 0.1850034765625
0 0.97734375 0.32265625 0.0453125 0.1984375
0 0.83359375 0.01796875 0.203125 0.0359375
0 0.990625 0.80390625 0.01875 0.1734375
0 0.984375 0.32265625 0.03125 0.196875
0 0.9875 0.8 0.025 0.1796875