0 0.16015625 0.3359375 0.1375 0.1375
0 0.7578125 0.24375 0.1484375 0.153125
0 0.7984375 0.5453125 0.171875 0.1796875
0 0.19921875 0.640625 0.1609375 0.1328125
0 0.46484375 0.58984375 0.125 0.1171875
0 0.4703125 0.834375 0.1015625 0.1296875
0 0.8828125 0.80859375 0.1296875 0.16875
0 0.26171875 0.8921875 0.15625 0.1453125
0 0.05625 0.953125 0.1125 0.09375
0 0.15122871875 0.164990484375 0.9234375 0.2171875 0.06620000000000001 0.132739 0.15122871875 0.164990484375
0 0.15122871875 0.164990484375 0.1375 0.1640625 0.966788 0.474333 0.15122871875 0.164990484375
0 0.6015625 0.9703125 0.1265625 0.059375
0 0.8671875 0.9921875 0.1484375 0.015625
0 0.97109375 0.76796875 0.0578125 0.1328125
0 0.86875 0.98828125 0.15 0.0234375