0 0.6 0.8359375 0.2390625 0.234375
0 0.59375 0.1796875 0.25 0.21875
0 0.91015625 0.91015625 0.1640625 0.1640625
0 0.8546875 0.0875 0.21875 0.175
0 0.6734375 0.384375 0.2234375 0.2
0 0.0796875 0.21640625 0.159375 0.1921875
0 0.4609375 0.48046875 0.21875 0.1953125
0 0.76171875 0.5609375 0.2265625 0.2
0 0.1734375 0.37890625 0.23125 0.1875
0 0.1234375 0.81640625 0.1765625 0.1484375
0 0.8671875 0.75390625 0.1953125 0.1796875
0 0.509375 0.6484375 0.1375 0.1484375
0 0.296875 0.1546875 0.21875 0.215625
0 0.896875 0.2671875 0.2 0.215625
0 0.3671875 0.31875 0.1328125 0.1375
0 0.26171875 0.54296875 0.184375 0.1375
0 0.05078125 0.66796875 0.1015625 0.1375
0 0.16328125 0.94296875 0.1515625 0.1140625
0 0.21027339218750002 0.0737415140625 0.21328125 0.0859375 0.678125 0.95703125 0.21027339218750002 0.0737415140625
0 0.96640625 0.4359375 0.0671875 0.1734375
0 0.75078125 0.01953125 0.175 0.0390625
0 0.03046875 0.62109375 0.0609375 0.159375
0 0.49453125 0.02578125 0.153125 0.0515625