0 0.56640625 0.38671875 0.2109375 0.1796875
0 0.671875 0.5609375 0.2109375 0.184375
0 0.5625 0.8671875 0.1875 0.171875
0 0.2421875 0.7671875 0.171875 0.16875
0 0.12890625 0.109375 0.1875 0.1875
0 0.259375 0.31875 0.190625 0.16875
0 0.3609375 0.478125 0.1609375 0.16875
0 0.759375 0.2984375 0.1765625 0.153125
0 0.9359375 0.1734375 0.121875 0.1921875
0 0.4625 0.196875 0.1609375 0.15625
0 0.65625 0.115625 0.1875 0.1875
0 0.86875 0.0453125 0.2 0.090625
0 0.8890625 0.490625 0.153125 0.153125
0 0.94921875 0.66015625 0.1015625 0.140625
0 0.46484375 0.68125 0.171875 0.1640625
0 0.7875 0.75 0.16875 0.15625
0 0.890625 0.9234375 0.15625 0.153125
0 0.3546875 0.94296875 0.128125 0.1140625
0 0.1625 0.5875 0.1375 0.1484375
0 0.0609375 0.4078125 0.121875 0.153125
0 0.1608099375 0.172544775 0.358959 0.045416 0.171495 0.090832 0.1608099375 0.172544775
0 0.1608099375 0.172544775 0.1375 0.1875 0.06875 0.8765625 0.1608099375 0.172544775
0 0.6765625 0.98125 0.1859375 0.0375
0 0.1546875 0.98203125 0.159375 0.0359375
0 0.67421875 0.98671875 0.1875 0.0265625
0 0.15390625 0.9875 0.159375 0.025
0 0.684375 0.98671875 0.171875 0.0265625