0 0.1796875 0.2171875 0.1953125 0.1765625
0 0.8109375 0.4046875 0.184375 0.1765625
0 0.8984375 0.103125 0.171875 0.1765625
0 0.7109375 0.2109375 0.1875 0.171875
0 0.509375 0.3109375 0.2078125 0.184375
0 0.57890625 0.05625 0.1984375 0.1125
0 0.9046875 0.5921875 0.1765625 0.184375
0 0.6109375 0.9359375 0.1921875 0.121875
0 0.734375 0.6796875 0.1953125 0.1640625
0 0.2984375 0.88671875 0.153125 0.1484375
0 0.8296875 0.8671875 0.16875 0.15625
0 0.41015625 0.5796875 0.1640625 0.1296875
0 0.103125 0.51171875 0.16875 0.125
0 0.6171875 0.475 0.1640625 0.1375
0 0.953125 0.3140625 0.09375 0.184375
0 0.3921875 0.12109375 0.16875 0.1640625
0 0.28515625 0.384375 0.1640625 0.15625
0 0.20703125 0.6796875 0.171875 0.15625
0 0.4984375 0.7796875 0.215625 0.1765625
0 0.10546875 0.95078125 0.2109375 0.0984375
0 0.07421875 0.0625 0.1484375 0.125
0 0.0359375 0.31875 0.071875 0.178125
0 0.08081803125 0.1826751765625 0.049175 0.16106 0.024587 0.774988 0.08081803125 0.1826751765625
0 0.959375 0.7828125 0.08125 0.178125 0.08081803125 0.1826751765625 0.959375 0.7828125
0 0.92109375 0.98046875 0.1578125 0.0390625
0 0.39453125 0.98359375 0.1984375 0.0328125
0 0.3078125 0.0140625 0.1703125 0.028125
0 0.30625 0.00859375 0.175 0.0171875
0 0.4 0.9875 0.2109375 0.025