0 0.2359375 0.9046875 0.1921875 0.184375
0 0.171875 0.1234375 0.1875 0.215625
0 0.5859375 0.5796875 0.234375 0.215625
0 0.5484375 0.234375 0.215625 0.21875
0 0.478125 0.76171875 0.2 0.2109375
0 0.109375 0.5171875 0.1875 0.1609375
0 0.81640625 0.4296875 0.25 0.1796875
0 0.953125 0.9359375 0.0859375 0.121875
0 0.73046875 0.7421875 0.1796875 0.171875
0 0.725 0.0859375 0.2 0.171875
0 0.63125 0.94375 0.23125 0.10625
0 0.39140625 0.0484375 0.1671875 0.096875
0 0.9546875 0.25390625 0.075 0.1796875
0 0.35 0.3921875 0.15625 0.1609375
0 0.9296875 0.5921875 0.140625 0.15625 0.0846000265625 0.215941996875 0.9296875 0.5921875
0 0.93984375 0.02734375 0.1203125 0.0546875
0 0.0140625 0.28046875 0.028125 0.190625
0 0.946875 0.0171875 0.10625 0.034375