0 0.32421875 0.3984375 0.2734375 0.234375
0 0.603125 0.359375 0.2390625 0.25
0 0.66015625 0.6171875 0.2578125 0.2421875
0 0.9046875 0.5859375 0.184375 0.234375
0 0.91796875 0.8421875 0.15625 0.2078125
0 0.88125 0.321875 0.23125 0.2390625
0 0.57421875 0.103125 0.2109375 0.20625
0 0.6859375 0.8734375 0.2234375 0.23125
0 0.3671875 0.66015625 0.234375 0.2265625
0 0.8609375 0.05078125 0.2390625 0.1015625
0 0.38671875 0.91015625 0.1953125 0.1640625
0 0.0546875 0.44375 0.109375 0.1328125
0 0.071875 0.70703125 0.1328125 0.1921875
0 0.115625 0.95078125 0.140625 0.0984375 0.023955999999999998 0.16615200000000002 0.047913 0.167778 0.115625 0.95078125