0 0.4359375 0.69140625 0.1921875 0.1953125
0 0.91015625 0.228125 0.1640625 0.16875
0 0.7421875 0.3671875 0.2109375 0.21875
0 0.9234375 0.81640625 0.1453125 0.171875
0 0.5921875 0.5296875 0.1921875 0.1765625
0 0.5796875 0.84765625 0.1375 0.171875
0 0.2671875 0.85546875 0.175 0.15625
0 0.91015625 0.51171875 0.171875 0.1875
0 0.4640625 0.95859375 0.153125 0.0828125
0 0.17010834531250002 0.161209715625 0.7751089999999999 0.672406 0.1453125 0.1296875 0.17010834531250002 0.161209715625
0 0.77890625 0.93515625 0.17010834531250002 0.161209715625 0.111787 0.111931 0.77890625 0.93515625
0 0.97734375 0.08359375 0.0453125 0.1578125
0 0.9859375 0.078125 0.028125 0.1546875
0 0.990625 0.07890625 0.01875 0.1546875