0 0.2484375 0.165625 0.1765625 0.1765625
0 0.8609375 0.32421875 0.1609375 0.1640625
0 0.66015625 0.884375 0.1796875 0.1765625
0 0.65625 0.50625 0.15625 0.1375
0 0.0546875 0.7109375 0.109375 0.1640625
0 0.25390625 0.5140625 0.1484375 0.140625
0 0.2578125 0.9125 0.1375 0.1609375
0 0.149930890625 0.16392339218750002 0.6640625 0.1484375 0.13400099999999998 0.13787100000000002 0.149930890625 0.16392339218750002
0 0.149930890625 0.16392339218750002 0.1453125 0.1640625 0.47636500000000004 0.697787 0.149930890625 0.16392339218750002
0 0.45390625 0.021875 0.159375 0.04375
0 0.89375 0.69921875 0.1125 0.1203125
0 0.4671875 0.97890625 0.1703125 0.0421875
0 0.47109375 0.9859375 0.1609375 0.028125
0 0.865625 0.9875 0.15625 0.025