0 0.29296875 0.9609375 0.1953125 0.0703125
0 0.42578125 0.1890625 0.140625 0.140625
0 0.696875 0.15 0.125 0.1453125
0 0.7515625 0.384375 0.1328125 0.109375
0 0.9609375 0.1 0.078125 0.121875
0 0.96875 0.36875 0.0625 0.1171875
0 0.7734375 0.6234375 0.1640625 0.1609375
0 0.81875 0.91796875 0.121875 0.15625
0 0.57421875 0.94921875 0.171875 0.1015625
0 0.5078125 0.6734375 0.140625 0.1375
0 0.4390625 0.428125 0.1140625 0.0859375
0 0.1640625 0.4765625 0.125 0.125
0 0.10546875 0.24375 0.10625 0.09375
0 0.1140625 0.15625 0.209375 0.728125 0.15303899999999998 0.115699 0.157373 0.24161000000000002 0.1140625 0.15625
0 0.99140625 0.60390625 0.0171875 0.140625