0 0.8921875 0.2796875 0.2 0.2
0 0.3671875 0.2671875 0.1640625 0.175
0 0.6859375 0.37890625 0.2078125 0.2109375
0 0.38671875 0.76171875 0.1953125 0.2109375
0 0.259375 0.1109375 0.175 0.184375
0 0.60546875 0.6484375 0.2109375 0.1953125
0 0.1734375 0.85546875 0.184375 0.1875
0 0.290625 0.5859375 0.215625 0.203125
0 0.8046875 0.0921875 0.2109375 0.1765625
0 0.1 0.19921875 0.2 0.2109375
0 0.959375 0.915625 0.075 0.1609375
0 0.5859375 0.1859375 0.234375 0.2
0 0.478125 0.4671875 0.215625 0.1921875
0 0.1546875 0.384375 0.1765625 0.16875
0 0.4671875 0.05078125 0.2234375 0.1015625
0 0.04296875 0.4828125 0.0859375 0.184375
0 0.0875 0.66796875 0.175 0.1796875
0 0.7953125 0.5546875 0.1875 0.1765625
0 0.9546875 0.47265625 0.090625 0.16875
0 0.796875 0.9546875 0.23125 0.090625 0.033259 0.055012000000000005 0.066439 0.10952599999999998 0.796875 0.9546875
0 0.94921875 0.0375 0.1015625 0.075
0 0.16328125 0.0171875 0.1890625 0.034375
0 0.6796875 0.0140625 0.2015625 0.028125
0 0.02421875 0.93515625 0.0484375 0.1296875
0 0.01484375 0.93515625 0.0296875 0.1296875