0 0.38125 0.38671875 0.1640625 0.16875
0 0.66796875 0.3609375 0.2390625 0.1953125
0 0.93515625 0.334375 0.1296875 0.125
0 0.703125 0.615625 0.2265625 0.184375
0 0.921875 0.0609375 0.15625 0.121875
0 0.61328125 0.0921875 0.1765625 0.1453125
0 0.33984375 0.13125 0.16875 0.1765625
0 0.09765625 0.171875 0.1765625 0.1921875
0 0.109375 0.42578125 0.1609375 0.1453125
0 0.43359375 0.646875 0.16875 0.125
0 0.4546875 0.8984375 0.21875 0.15625
0 0.7328125 0.8734375 0.2 0.1875
0 0.19375 0.9296875 0.25 0.1328125
0 0.146875 0.68125 0.26042889687500004 0.24237953124999997 0.06659699999999999 0.155399 0.146875 0.68125
0 0.97578125 0.83828125 0.0484375 0.184375
0 0.98359375 0.8390625 0.0328125 0.1890625