0 0.259375 0.3984375 0.1796875 0.2109375
0 0.4828125 0.5375 0.1328125 0.1921875
0 0.59375 0.36328125 0.16875 0.2234375
0 0.396875 0.2515625 0.1328125 0.1875
0 0.5 0.0921875 0.1875 0.184375
0 0.071875 0.09453125 0.14375 0.1609375
0 0.26171875 0.1328125 0.140625 0.140625
0 0.0625 0.28515625 0.125 0.2109375
0 0.1796875 0.5875 0.1875 0.1796875
0 0.0609375 0.74609375 0.121875 0.2078125
0 0.228125 0.8921875 0.203125 0.215625
0 0.4671875 0.92578125 0.1609375 0.1484375
0 0.3765625 0.7046875 0.16875 0.1875
0 0.584375 0.790625 0.1609375 0.2078125
0 0.6875 0.6578125 0.15625 0.1875
0 0.80078125 0.921875 0.265625 0.15625
0 0.91015625 0.7484375 0.16875 0.16875
0 0.796875 0.478125 0.1640625 0.184375
0 0.95859375 0.571875 0.0828125 0.1875
0 0.90625 0.29296875 0.1875 0.2234375
0 0.7046875 0.2015625 0.1609375 0.1796875
0 0.8125 0.071875 0.171875 0.14375 0.324162490625 0.1371633125 0.8125 0.071875
0 0.324162490625 0.1371633125 0.055201999999999994 0.173122 0.972399 0.10912599999999999 0.324162490625 0.1371633125
0 0.1515625 0.0390625 0.1359375 0.078125
0 0.94453125 0.9765625 0.1109375 0.046875