0 0.259375 0.41015625 0.1984375 0.1796875
0 0.46875 0.3046875 0.15625 0.1484375
0 0.4609375 0.78515625 0.203125 0.1640625
0 0.6734375 0.225 0.2 0.2078125
0 0.1421875 0.2046875 0.2 0.2
0 0.87890625 0.6 0.2109375 0.1765625
0 0.1546875 0.66796875 0.1375 0.15625
0 0.7796875 0.87890625 0.2078125 0.1796875
0 0.25390625 0.85 0.1953125 0.16875
0 0.94140625 0.2984375 0.109375 0.1453125
0 0.3421875 0.1109375 0.153125 0.1609375
0 0.7359375 0.4125 0.1609375 0.16875
0 0.8921875 0.125 0.2 0.1875
0 0.3734375 0.5921875 0.184375 0.16875
0 0.56875 0.484375 0.171875 0.1484375
0 0.6578125 0.6640625 0.1796875 0.1875
0 0.05625 0.49921875 0.1125 0.1359375
0 0.1078125 0.93515625 0.15625 0.1296875
0 0.5796875 0.92578125 0.1609375 0.1484375
0 0.946875 0.7828125 0.10625 0.16875
0 0.56875 0.05078125 0.2078125 0.1015625
0 0.14375 0.09375 0.071875 0.046875 0.061434 0.190875 0.030717 0.823775 0.14375 0.09375
0 0.2515625 0.01953125 0.1921875 0.0390625
0 0.01953125 0.2890625 0.0390625 0.1546875
0 0.01328125 0.2859375 0.0265625 0.1515625