0 0.9234375 0.3359375 0.1375 0.1640625
0 0.478125 0.0609375 0.16875 0.121875
0 0.60546875 0.2484375 0.2109375 0.2
0 0.421875 0.81640625 0.1796875 0.1796875
0 0.9046875 0.81640625 0.16875 0.171875
0 0.1859375 0.4296875 0.2 0.1875
0 0.9546875 0.06640625 0.075 0.1328125
0 0.2046875 0.8921875 0.2 0.1921875
0 0.38671875 0.3359375 0.21875 0.234375
0 0.7171875 0.446875 0.2078125 0.1921875
0 0.296875 0.6484375 0.1875 0.1875
0 0.109375 0.728125 0.1640625 0.1921875
0 0.2875 0.15234375 0.1609375 0.153125
0 0.08984375 0.25625 0.1796875 0.1640625
0 0.509375 0.5390625 0.1453125 0.121875
0 0.6078125 0.725 0.16875 0.1796875
0 0.8296875 0.6421875 0.171875 0.16875
0 0.7109375 0.9046875 0.1875 0.184375
0 0.8109375 0.1484375 0.171875 0.153125
0 0.0888131875 0.19278406406249998 0.965836 0.5394140000000001 0.09375 0.153125 0.0888131875 0.19278406406249998
0 0.046875 0.5296875 0.0888131875 0.19278406406249998 0.068329 0.18468800000000002 0.046875 0.5296875
0 0.503125 0.95859375 0.2015625 0.0828125
0 0.18671875 0.03046875 0.18125 0.0609375
0 0.05078125 0.96171875 0.1015625 0.0765625
0 0.02734375 0.07421875 0.0546875 0.1484375
0 0.96328125 0.959375 0.071875 0.08125
0 0.69375 0.02421875 0.1984375 0.0484375