0 0.4359375 0.08203125 0.1609375 0.1640625
0 0.6953125 0.05078125 0.1609375 0.1015625
0 0.759375 0.2953125 0.125 0.1453125
0 0.475 0.33203125 0.1140625 0.1171875
0 0.484375 0.6078125 0.1140625 0.121875
0 0.7984375 0.55625 0.125 0.1171875
0 0.85 0.86328125 0.140625 0.1328125
0 0.53515625 0.884375 0.1484375 0.1453125
0 0.2359375 0.93125 0.1328125 0.1375
0 0.2046875 0.6578125 0.1375 0.125
0 0.1703125 0.40625 0.1296875 0.1484375
0 0.1109375 0.115625 0.1296875 0.09375 0.95982 0.045129 0.07999 0.089566 0.1109375 0.115625
0 0.03046875 0.94921875 0.0609375 0.1015625
0 0.9765625 0.24375 0.046875 0.1546875
0 0.98515625 0.52109375 0.0296875 0.1421875
0 0.9796875 0.52265625 0.040625 0.15
0 0.990625 0.52265625 0.01875 0.140625
0 0.9859375 0.240625 0.028125 0.1515625