0 0.2359375 0.9296875 0.1921875 0.1328125
0 0.5296875 0.1 0.1921875 0.1765625
0 0.5484375 0.5796875 0.2234375 0.2390625
0 0.6421875 0.3046875 0.2078125 0.21875
0 0.4296875 0.8671875 0.171875 0.1875
0 0.3296875 0.171875 0.2390625 0.203125
0 0.1234375 0.7734375 0.2 0.1953125
0 0.1171875 0.3046875 0.203125 0.2265625
0 0.75390625 0.0484375 0.1953125 0.096875
0 0.3296875 0.665625 0.2234375 0.2
0 0.75625 0.4859375 0.2078125 0.1765625
0 0.6484375 0.7796875 0.21875 0.1921875
0 0.85546875 0.65625 0.1953125 0.1875
0 0.4234375 0.37890625 0.2 0.1875
0 0.7671875 0.921875 0.215625 0.1484375
0 0.8359375 0.196875 0.1953125 0.184375
0 0.2171875 0.4828125 0.1453125 0.1453125
0 0.92578125 0.4 0.1484375 0.1921875
0 0.92734375 0.86484375 0.1453125 0.2078125
0 0.0453125 0.5703125 0.090625 0.23125
0 0.21875 0.0390625 0.1609375 0.078125
0 0.0609375 0.12109375 0.121875 0.2421875
0 0.2528297328125 0.1534177625 0.9625 0.1109375 0.215097 0.048221 0.2528297328125 0.1534177625
0 0.2528297328125 0.1534177625 0.075 0.1640625 0.54784 0.97589 0.2528297328125 0.1534177625
0 0.0171875 0.37265625 0.034375 0.1953125
0 0.9796875 0.57890625 0.040625 0.2125
0 0.01796875 0.8703125 0.0359375 0.19375
0 0.98671875 0.58203125 0.0265625 0.1984375
0 0.05859375 0.98125 0.1171875 0.0375
0 0.0125 0.865625 0.025 0.1953125
0 0.98984375 0.5796875 0.0203125 0.190625