0 0.48046875 0.6234375 0.1796875 0.184375
0 0.6796875 0.69921875 0.171875 0.15625
0 0.37890625 0.3296875 0.171875 0.1609375
0 0.0859375 0.4296875 0.15625 0.1640625
0 0.59765625 0.88671875 0.1796875 0.1875
0 0.78515625 0.4984375 0.1640625 0.1609375
0 0.90234375 0.30625 0.1453125 0.15625
0 0.96640625 0.11484375 0.0671875 0.1359375
0 0.7890625 0.05078125 0.1453125 0.1015625
0 0.46484375 0.13125 0.140625 0.153125
0 0.26171875 0.05859375 0.125 0.1171875
0 0.1578125 0.23828125 0.1609375 0.1765625
0 0.275 0.49375 0.15625 0.1609375
0 0.5875 0.415625 0.1375 0.1453125
0 0.8984375 0.77734375 0.1796875 0.171875
0 0.8046875 0.94921875 0.2078125 0.1015625
0 0.396875 0.80625 0.153125 0.153125
0 0.1859375 0.71875 0.1609375 0.1375
0 0.0625 0.1640625 0.03125 0.646875 0.10983400000000001 0.038166 0.05491700000000001 0.019088 0.0625 0.1640625
0 0.67265625 0.21640625 0.1390625 0.1078125
0 0.01953125 0.146875 0.0390625 0.1453125
0 0.01328125 0.146875 0.0265625 0.15
0 0.0546875 0.01328125 0.109375 0.0265625