0 0.8046875 0.06875 0.1640625 0.1375
0 0.4984375 0.4546875 0.2 0.2
0 0.19140625 0.509375 0.1953125 0.1921875
0 0.2046875 0.8609375 0.1921875 0.1609375
0 0.53515625 0.7734375 0.1796875 0.171875
0 0.4609375 0.12890625 0.1640625 0.171875
0 0.8671875 0.7671875 0.2578125 0.215625
0 0.3734375 0.66796875 0.2 0.2109375
0 0.8296875 0.38671875 0.184375 0.1640625
0 0.6484375 0.296875 0.234375 0.1875
0 0.1734375 0.2109375 0.184375 0.1484375
0 0.31640625 0.31875 0.16875 0.203125
0 0.3078125 0.05625 0.16875 0.1125
0 0.046875 0.0765625 0.09375 0.153125
0 0.05078125 0.39453125 0.1015625 0.215625
0 0.05078125 0.7203125 0.1015625 0.234375
0 0.3734375 0.94921875 0.1921875 0.1015625
0 0.6875 0.603125 0.1796875 0.15625
0 0.740625 0.93359375 0.1875 0.1328125
0 0.95078125 0.19375 0.0984375 0.15625
0 0.323032715625 0.1107464765625 0.646014 0.012654000000000002 0.20602299999999998 0.025252999999999998 0.323032715625 0.1107464765625
0 0.323032715625 0.1107464765625 0.0703125 0.1875 0.96484375 0.5796875 0.323032715625 0.1107464765625
0 0.98515625 0.928125 0.0296875 0.14375
0 0.65703125 0.009375 0.1953125 0.01875