0 0.23046875 0.53515625 0.1796875 0.1875
0 0.7046875 0.6484375 0.184375 0.171875
0 0.81640625 0.16015625 0.1875 0.1953125
0 0.5 0.1859375 0.21875 0.1921875
0 0.5609375 0.821875 0.2078125 0.2
0 0.853125 0.47265625 0.16875 0.1484375
0 0.9359375 0.3046875 0.121875 0.171875
0 0.3734375 0.37890625 0.215625 0.203125
0 0.6796875 0.34765625 0.1953125 0.1953125
0 0.5609375 0.51171875 0.184375 0.15625
0 0.421875 0.66015625 0.15625 0.1875
0 0.3296875 0.0625 0.2 0.125
0 0.625 0.05859375 0.1765625 0.1171875
0 0.91796875 0.0609375 0.1640625 0.121875
0 0.0625 0.084375 0.125 0.1296875
0 0.9078125 0.80078125 0.0984375 0.09375
0 0.05859375 0.3984375 0.1015625 0.0859375
0 0.2671613984375 0.241092121875 0.97265625 0.6265625 0.096782 0.059641999999999994 0.2671613984375 0.241092121875
0 0.2671613984375 0.241092121875 0.0546875 0.125 0.951609 0.970013 0.2671613984375 0.241092121875
0 0.9546875 0.984375 0.090625 0.03125