0 0.571875 0.4671875 0.16875 0.1609375
0 0.3296875 0.0625 0.184375 0.125
0 0.953125 0.4921875 0.0859375 0.171875
0 0.290625 0.2671875 0.1375 0.121875
0 0.1109375 0.9140625 0.153125 0.1640625
0 0.359375 0.884375 0.1875 0.1375
0 0.959375 0.8921875 0.075 0.1921875
0 0.56640625 0.703125 0.1328125 0.1328125
0 0.7890625 0.64453125 0.125 0.1296875
0 0.8109375 0.4453125 0.1640625 0.16875
0 0.7828125 0.26953125 0.153125 0.153125
0 0.571875 0.271875 0.1796875 0.1328125
0 0.54296875 0.0765625 0.1875 0.1328125
0 0.09375 0.26953125 0.1875 0.15625
0 0.09375 0.4046875 0.1875 0.2265625
0 0.09765625 0.6328125 0.1953125 0.1875
0 0.5703125 0.865625 0.1140625 0.109375
0 0.79296875 0.884375 0.1140625 0.10625