0 0.3375 0.24609375 0.1140625 0.125
0 0.46875 0.01171875 0.0625 0.0234375
0 0.5875 0.74375 0.125 0.1640625
0 0.3359375 0.57421875 0.359375 0.54296875 0.359375 0.48828125 0.34765625 0.46875 0.296875 0.46484375 0.27734375 0.4921875 0.29296875 0.5546875 0.3359375 0.57421875
0 0 0.8046875 0.06640625 0.796875 0.09375 0.77734375 0.0703125 0.73828125 0.01171875 0.7265625 0 0.73046875 0 0.8046875
0 0.8984375 0.56640625 0.953125 0.55859375 0.95703125 0.5390625 0.8984375 0.44140625 0.828125 0.44140625 0.8203125 0.51953125 0.83984375 0.546875 0.8984375 0.56640625
0 0.546875 0.16015625 0.52734375 0.16015625 0.53515625 0.25 0.56640625 0.2890625 0.6015625 0.29296875 0.65234375 0.25 0.65625 0.18359375 0.62109375 0.1328125 0.5625 0.12890625 0.546875 0.16015625
0 0.90234375 0.87109375 0.9140625 0.8359375 0.9296875 0.83203125 0.9296875 0.76953125 0.921875 0.75390625 0.87890625 0.7421875 0.84375 0.75 0.87109375 0.875 0.90234375 0.87109375
0 0.53125 0.53515625 0.58984375 0.5703125 0.65625 0.57421875 0.67578125 0.5234375 0.64453125 0.484375 0.609375 0.48046875 0.59375 0.44140625 0.5703125 0.4375 0.515625 0.46875 0.53125 0.53515625
0 0.7421875 0.91015625 0.887876 0.5099980000000001 0.134581 0.140731 0.7421875 0.91015625
0 0.58984375 0.21484375 0.1359375 0.165625
0 0.8984375 0.8109375 0.121875 0.1328125
0 0.8765625 0.04921875 0.1734375 0.0984375
0 0.32109375 0.5171875 0.096875 0.115625
0 0.58671875 0.51328125 0.1625 0.1625
0 0.05234375 0.78671875 0.1046875 0.1234375
0 0.81484375 0.9515625 0.1609375 0.096875