0 0.6734375 0.5484375 0.2078125 0.184375
0 0.5796875 0.8359375 0.1921875 0.1953125
0 0.26171875 0.25625 0.1796875 0.1765625
0 0.38125 0.453125 0.2 0.1875
0 0.8984375 0.91015625 0.1953125 0.171875
0 0.79296875 0.73046875 0.21875 0.1953125
0 0.946875 0.634375 0.0984375 0.1765625
0 0.1734375 0.5484375 0.2078125 0.2
0 0.384375 0.9359375 0.2 0.121875
0 0.2734375 0.7359375 0.1640625 0.153125
0 0.47265625 0.1546875 0.1796875 0.1609375
0 0.65390625 0.071875 0.1609375 0.14375
0 0.08203125 0.8359375 0.1640625 0.171875
0 0.14765625 0.0796875 0.2109375 0.159375
0 0.578125 0.36328125 0.1484375 0.153125
0 0.76953125 0.26953125 0.2 0.153125
0 0.95703125 0.171875 0.0859375 0.140625
0 0.8828125 0.44375 0.1609375 0.153125
0 0.47578125 0.640625 0.1296875 0.10625
0 0.0484375 0.3453125 0.096875 0.15625
0 0.1765625 0.96328125 0.1921875 0.0734375
0 0.68046875 0.96328125 0.1921875 0.0734375 0.36731400000000003 0.035207 0.166077 0.07040199999999999 0.68046875 0.96328125
0 0.0296875 0.646875 0.059375 0.1875
0 0.01953125 0.1671875 0.0390625 0.16875
0 0.878125 0.02109375 0.146875 0.0421875
0 0.87734375 0.0140625 0.14375 0.028125
0 0.015625 0.6375 0.03125 0.184375