0 0.9296875 0.56640625 0.1328125 0.1796875
0 0.66015625 0.91015625 0.1953125 0.1640625
0 0.6484375 0.5921875 0.21875 0.184375
0 0.79296875 0.446875 0.2109375 0.2
0 0.9359375 0.859375 0.121875 0.1875
0 0.5171875 0.06640625 0.215625 0.1328125
0 0.1421875 0.8734375 0.1765625 0.16875
0 0.59765625 0.290625 0.21875 0.2078125
0 0.1171875 0.1859375 0.203125 0.16875
0 0.3046875 0.6796875 0.2109375 0.203125
0 0.2671875 0.3296875 0.1984375 0.153125
0 0.9546875 0.1234375 0.075 0.1765625
0 0.4671875 0.4921875 0.2 0.1953125
0 0.47265625 0.8109375 0.171875 0.2
0 0.225 0.0546875 0.1765625 0.109375
0 0.70703125 0.171875 0.1640625 0.1484375
0 0.89453125 0.2953125 0.171875 0.1765625
0 0.82890625 0.0484375 0.1953125 0.096875
0 0.12890625 0.509375 0.184375 0.1609375
0 0.79765625 0.7484375 0.1796875 0.1390625
0 0.39453125 0.1734375 0.121875 0.1328125 0.1137583546875 0.1864501015625 0.39453125 0.1734375
0 0.1137583546875 0.1864501015625 0.060228000000000004 0.18893100000000002 0.030114000000000002 0.739201 0.1137583546875 0.1864501015625
0 0.3109375 0.96953125 0.1640625 0.0609375
0 0.81796875 0.97734375 0.178125 0.0453125
0 0.0171875 0.08359375 0.034375 0.1640625
0 0.97890625 0.409375 0.0421875 0.175
0 0.0125 0.08359375 0.025 0.1671875
0 0.0703125 0.0078125 0.140625 0.015625
0 0.984375 0.41171875 0.03125 0.1703125