0 0.2046875 0.6421875 0.1453125 0.1296875
0 0.0859375 0.4609375 0.15625 0.15625
0 0.2015625 0.1625 0.1328125 0.1296875
0 0.3125 0.353125 0.153125 0.1375
0 0.41796875 0.53125 0.1375 0.121875
0 0.509375 0.71484375 0.121875 0.1328125
0 0.8515625 0.31875 0.10625 0.090625
0 0.946875 0.509375 0.09375 0.090625
0 0.734375 0.13671875 0.109375 0.1171875
0 0.9390625 0.03125 0.078125 0.0625
0 0.6234375 0.896875 0.1296875 0.1015625
0 0.415625 0.9625 0.1453125 0.0671875
0 0.3140625 0.81640625 0.125 0.10625
0 0.115625 0.9203125 0.1296875 0.1328125
0 0.0413142546875 0.2630904625 0.0234375 0.7421875 0.081456 0.133985 0.0413142546875 0.2630904625
0 0.1 0.0203125 0.1671875 0.040625
0 0.1 0.0140625 0.1578125 0.028125