0 0.228125 0.69140625 0.1609375 0.1328125
0 0.49609375 0.396875 0.16875 0.1609375
0 0.7484375 0.34765625 0.15625 0.15625
0 0.834375 0.5796875 0.140625 0.1484375
0 0.540625 0.6390625 0.1328125 0.1296875
0 0.5796875 0.90234375 0.1640625 0.1609375
0 0.8734375 0.87109375 0.1921875 0.1640625
0 0.2953125 0.94140625 0.1953125 0.1171875
0 0.04296875 0.72265625 0.0859375 0.1375
0 0.06015625 0.94296875 0.1046875 0.1140625
0 0.18359375 0.43125 0.1609375 0.15625
0 0.165625 0.165625 0.2109375 0.2
0 0.45703125 0.1234375 0.2078125 0.15625
0 0.71484375 0.078125 0.2078125 0.15625 0.969238 0.046872000000000004 0.061331000000000004 0.09316100000000001 0.71484375 0.078125
0 0.0359375 0.03125 0.071875 0.0625