0 0.34765625 0.603125 0.1953125 0.1765625
0 0.1796875 0.1421875 0.1953125 0.184375
0 0.696875 0.8671875 0.1765625 0.171875
0 0.321875 0.290625 0.1765625 0.1765625
0 0.8421875 0.69921875 0.2078125 0.1953125
0 0.1859375 0.4609375 0.215625 0.1796875
0 0.3609375 0.88671875 0.1921875 0.1875
0 0.53125 0.7171875 0.1875 0.1609375
0 0.50390625 0.4359375 0.1796875 0.1765625
0 0.8109375 0.134375 0.2 0.1765625
0 0.8296875 0.4234375 0.184375 0.1921875
0 0.9609375 0.859375 0.0703125 0.1328125
0 0.6546875 0.0375 0.153125 0.075
0 0.640625 0.28515625 0.171875 0.1796875
0 0.6625 0.571875 0.140625 0.1453125
0 0.32421875 0.04296875 0.171875 0.0859375
0 0.19375 0.7484375 0.1765625 0.1640625
0 0.05859375 0.90625 0.1015625 0.153125
0 0.0328125 0.60703125 0.065625 0.1515625
0 0.04296875 0.2953125 0.0859375 0.1796875
0 0.95859375 0.56171875 0.0828125 0.1609375
0 0.2396562109375 0.19450977187500001 0.9546875 0.265625 0.18892 0.054442000000000004 0.2396562109375 0.19450977187500001
0 0.2396562109375 0.19450977187500001 0.090625 0.1796875 0.521553 0.9727439999999999 0.2396562109375 0.19450977187500001
0 0.86015625 0.97109375 0.1765625 0.0578125
0 0.1984375 0.978125 0.184375 0.04375
0 0.2 0.984375 0.178125 0.03125