0 0.4234375 0.75 0.2390625 0.21875
0 0.81875 0.759375 0.2390625 0.246875
0 0.6734375 0.19140625 0.2625 0.2421875
0 0.853125 0.384375 0.2625 0.2390625
0 0.4296875 0.353125 0.234375 0.2390625
0 0.6234375 0.9078125 0.215625 0.1765625
0 0.26171875 0.1734375 0.234375 0.2
0 0.0796875 0.34140625 0.159375 0.1984375
0 0.46640625 0.0484375 0.2078125 0.096875
0 0.953125 0.921875 0.0859375 0.1484375
0 0.2171875 0.8921875 0.246875 0.2
0 0.884375 0.0609375 0.2234375 0.121875
0 0.0625 0.734375 0.125 0.2109375
0 0.08984375 0.046875 0.1796875 0.09375
0 0.15188688749999998 0.222995528125 0.980528 0.20678200000000002 0.09453125 0.19609375 0.15188688749999998 0.222995528125
0 0.95234375 0.5984375 0.15188688749999998 0.222995528125 0.038862999999999995 0.225207 0.95234375 0.5984375
0 0.059375 0.9796875 0.11875 0.040625
0 0.06171875 0.98515625 0.1203125 0.0296875