0 0.328125 0.3984375 0.21875 0.2109375
0 0.259375 0.76171875 0.2078125 0.2109375
0 0.484375 0.6234375 0.25 0.2078125
0 0.5609375 0.2421875 0.2390625 0.2109375
0 0.09375 0.5609375 0.1875 0.2
0 0.7796875 0.1 0.2390625 0.2
0 0.9234375 0.28515625 0.1453125 0.2109375
0 0.06875 0.91015625 0.1375 0.171875
0 0.72265625 0.4359375 0.21875 0.2
0 0.8921875 0.6484375 0.2 0.2109375
0 0.6859375 0.81875 0.2234375 0.2
0 0.1484375 0.19921875 0.203125 0.1875
0 0.36640625 0.05625 0.2265625 0.1125
0 0.8296875 0.94921875 0.2 0.09375
0 0.446875 0.9546875 0.2234375 0.075 0.040095 0.046994999999999995 0.08019 0.09398999999999999 0.446875 0.9546875
0 0.98203125 0.86796875 0.0359375 0.2140625
0 0.9859375 0.8609375 0.028125 0.2
0 0.015625 0.35703125 0.03125 0.1640625
0 0.01171875 0.35703125 0.0234375 0.1671875