0 0.07421875 0.1171875 0.1484375 0.1953125
0 0.1625 0.7734375 0.2078125 0.203125
0 0.07421875 0.56640625 0.1484375 0.1796875
0 0.353125 0.2046875 0.2234375 0.215625
0 0.359375 0.6734375 0.1796875 0.2
0 0.4609375 0.390625 0.21875 0.1875
0 0.259375 0.4859375 0.1828125 0.1921875
0 0.665625 0.7421875 0.2 0.171875
0 0.4546875 0.8609375 0.2 0.1921875
0 0.1484375 0.2953125 0.16875 0.1796875
0 0.56640625 0.1171875 0.1171875 0.109375
0 0.75625 0.03125 0.1171875 0.0625
0 0.65234375 0.2984375 0.0828125 0.0984375
0 0.7578125 0.475 0.0859375 0.09375
0 0.87109375 0.66015625 0.09375 0.109375
0 0.55078125 0.5796875 0.16875 0.171875
0 0.7578125 0.946875 0.109375 0.0984375
0 0.95859375 0.84140625 0.0828125 0.1140625
0 0.97421875 0.378125 0.0515625 0.1125
0 0.25859375 0.93515625 0.1953125 0.1296875
0 0.20625 0.1125 0.253125 0.05625 0.171671 0.052198999999999995 0.08629099999999999 0.9738950000000001 0.20625 0.1125
0 0.4390625 0.0140625 0.1859375 0.028125
0 0.0234375 0.39375 0.046875 0.1765625
0 0.58125 0.97578125 0.18125 0.0484375
0 0.01875 0.87890625 0.0359375 0.1578125
0 0.0125 0.8765625 0.025 0.1609375
0 0.4375 0.00859375 0.184375 0.0171875
0 0.584375 0.98515625 0.1734375 0.0296875
0 0.01484375 0.38984375 0.0296875 0.1765625