0 0.69921875 0.57421875 0.1640625 0.15625
0 0.3296875 0.82421875 0.1921875 0.1953125
0 0.4546875 0.225 0.1375 0.1375
0 0.5859375 0.37890625 0.171875 0.1640625
0 0.1484375 0.946875 0.140625 0.0984375
0 0.9234375 0.9234375 0.1375 0.1453125
0 0.79296875 0.7484375 0.125 0.1453125
0 0.29296875 0.3375 0.1453125 0.15625
0 0.3921875 0.5078125 0.16875 0.1640625
0 0.209375 0.6484375 0.140625 0.1375
0 0.10546875 0.4703125 0.1328125 0.1640625
0 0.17578125 0.14453125 0.1375 0.1296875
0 0.3578125 0.05078125 0.140625 0.1015625
0 0.5078125 0.7046875 0.1609375 0.1640625
0 0.63671875 0.89453125 0.184375 0.1609375
0 0.05287712343749999 0.23359993750000002 0.052833 0.137507 0.026416000000000002 0.284133 0.05287712343749999 0.23359993750000002
0 0.053125 0.7734375 0.1015625 0.140625 0.05287712343749999 0.23359993750000002 0.053125 0.7734375
0 0.05703125 0.0328125 0.1140625 0.065625
0 0.0078125 0.603125 0.015625 0.1359375