0 0.4046875 0.07421875 0.23125 0.1484375
0 0.3609375 0.41015625 0.1921875 0.15625
0 0.1734375 0.23046875 0.2234375 0.1796875
0 0.5796875 0.2734375 0.2234375 0.1875
0 0.7421875 0.478125 0.1796875 0.1453125
0 0.7984375 0.09765625 0.2234375 0.1640625
0 0.94140625 0.3109375 0.109375 0.1140625
0 0.3421875 0.87890625 0.16875 0.140625
0 0.9671875 0.109375 0.059375 0.171875
0 0.759375 0.8421875 0.153125 0.121875
0 0.046875 0.0375 0.09375 0.075
0 0.1734375 0.68125 0.1796875 0.15625 0.09918996249999999 0.1462549859375 0.1734375 0.68125
0 0.053125 0.5109375 0.1046875 0.1875
0 0.921875 0.978125 0.15625 0.04375
0 0.02265625 0.74609375 0.0453125 0.1875
0 0.034375 0.4703125 0.06875 0.165625
0 0.7109375 0.02109375 0.20625 0.0421875