0 0.703125 0.0875 0.121875 0.121875
0 0.73828125 0.34375 0.109375 0.1375
0 0.484375 0.38671875 0.1796875 0.1609375
0 0.1796875 0.44921875 0.1484375 0.1453125
0 0.109375 0.1625 0.1375 0.1453125
0 0.53125 0.66796875 0.1453125 0.184375
0 0.79296875 0.6171875 0.1609375 0.1375
0 0.865625 0.865625 0.1296875 0.1484375
0 0.578125 0.9234375 0.171875 0.1296875
0 0.228125 0.73828125 0.125 0.1328125 0.9598829999999999 0.049757 0.080234 0.099424 0.228125 0.73828125
0 0.0609375 0.96484375 0.121875 0.0703125
0 0.2703125 0.940625 0.1515625 0.11875
0 0.025 0.73125 0.05 0.1484375
0 0.01953125 0.73515625 0.0390625 0.153125