0 0.53515625 0.16015625 0.1875 0.1953125
0 0.85546875 0.7359375 0.1796875 0.16875
0 0.3296875 0.734375 0.1921875 0.1875
0 0.9296875 0.44140625 0.1328125 0.15625
0 0.540625 0.6484375 0.2 0.171875
0 0.7421875 0.540625 0.203125 0.2
0 0.6421875 0.37890625 0.1921875 0.1796875
0 0.3375 0.2640625 0.1453125 0.1453125
0 0.44140625 0.4609375 0.1484375 0.15625
0 0.853125 0.271875 0.1328125 0.1453125
0 0.7515625 0.08984375 0.153125 0.1453125
0 0.2328125 0.0796875 0.15625 0.1484375
0 0.05078125 0.171875 0.1015625 0.1375
0 0.1234375 0.3671875 0.1609375 0.153125
0 0.228125 0.5625 0.1921875 0.1375
0 0.046875 0.6578125 0.09375 0.1453125
0 0.13125 0.821875 0.1453125 0.1375
0 0.4296875 0.91796875 0.153125 0.1609375
0 0.665625 0.834375 0.140625 0.1328125
0 0.1765625 0.0625 0.759375 0.96875 0.181222 0.06723599999999999 0.441207 0.033672999999999995 0.1765625 0.0625
0 0.92734375 0.0328125 0.1453125 0.065625
0 0.234375 0.971875 0.1734375 0.05625
0 0.99140625 0.17578125 0.0171875 0.15
0 0.9875 0.17421875 0.025 0.153125