0 0.071875 0.07421875 0.1375 0.1484375
0 0.9046875 0.0609375 0.1765625 0.121875
0 0.071875 0.4171875 0.14375 0.15625
0 0.7046875 0.22265625 0.1453125 0.1484375
0 0.47265625 0.41015625 0.1640625 0.15625
0 0.91015625 0.790625 0.1484375 0.153125
0 0.28515625 0.63671875 0.1484375 0.15625
0 0.2796875 0.946875 0.16875 0.0984375
0 0.09375 0.8046875 0.15625 0.140625
0 0.484375 0.04296875 0.15625 0.0859375
0 0.7171875 0.5796875 0.1296875 0.1375
0 0.26171875 0.22265625 0.1484375 0.1640625
0 0.9125 0.4 0.1328125 0.1484375
0 0.49375 0.76171875 0.1484375 0.1484375
0 0.725 0.94140625 0.153125 0.1171875