0 0.44375 0.5796875 0.23125 0.2546875
0 0.6484375 0.4125 0.21875 0.2
0 0.82421875 0.63671875 0.203125 0.171875
0 0.0625 0.5171875 0.125 0.2
0 0.0546875 0.1171875 0.109375 0.171875
0 0.26171875 0.359375 0.2265625 0.1875
0 0.63671875 0.81875 0.2265625 0.1765625
0 0.671875 0.0546875 0.2109375 0.109375
0 0.859375 0.946875 0.2265625 0.0984375
0 0.4046875 0.94140625 0.184375 0.109375
0 0.97265625 0.103125 0.046875 0.1296875
0 0.22265625 0.740625 0.2390625 0.234375
0 0.0546875 0.921875 0.109375 0.1484375
0 0.446875 0.16796875 0.203125 0.171875
0 0.87890625 0.234375 0.1171875 0.1484375
0 0.136047465625 0.21844405937500003 0.978125 0.38671875 0.056797 0.158804 0.136047465625 0.21844405937500003
0 0.136047465625 0.21844405937500003 0.04375 0.2 0.9715450000000001 0.847199 0.136047465625 0.21844405937500003
0 0.06328125 0.28359375 0.1265625 0.159375
0 0.5515625 0.98515625 0.1796875 0.0296875
0 0.0265625 0.79921875 0.053125 0.1265625
0 0.9609375 0.0234375 0.078125 0.046875
0 0.546875 0.97734375 0.1484375 0.0453125