0 0.48046875 0.2171875 0.1796875 0.16875
0 0.47265625 0.046875 0.1796875 0.09375
0 0.55859375 0.5015625 0.1875 0.16875
0 0.8296875 0.4390625 0.1609375 0.1484375
0 0.88125 0.69140625 0.125 0.1328125
0 0.92734375 0.93515625 0.1453125 0.1296875
0 0.603125 0.7640625 0.1796875 0.184375
0 0.321875 0.8046875 0.1453125 0.16875
0 0.2671875 0.5453125 0.1328125 0.153125
0 0.0328125 0.55 0.065625 0.121875
0 0.0484375 0.828125 0.096875 0.15625
0 0.1953125 0.0859375 0.1625 0.04296875 0.140048 0.048644 0.616376 0.9754799999999999 0.1953125 0.0859375
0 0.0125 0.3109375 0.025 0.159375
0 0.97265625 0.15234375 0.0546875 0.15625
0 0.3609375 0.9796875 0.1546875 0.040625
0 0.01875 0.31171875 0.0375 0.15625
0 0.365625 0.9875 0.1546875 0.025