0 0.59765625 0.37890625 0.1640625 0.1484375
0 0.0546875 0.3421875 0.109375 0.1140625
0 0.790625 0.01953125 0.1296875 0.0390625
0 0.30078125 0.33984375 0.1171875 0.140625
0 0.88671875 0.1109375 0.140625 0.16875
0 0.6078125 0.6171875 0.15625 0.09375
0 0.8765625 0.5921875 0.140625 0.1328125
0 0.83984375 0.3453125 0.15625 0.125
0 0.328125 0.8734375 0.1484375 0.1296875
0 0.61875 0.853125 0.15625 0.109375
0 0.0609375 0.8671875 0.0984375 0.0984375
0 0.0546875 0.0625 0.109375 0.075
0 0.6109375 0.103125 0.16875 0.121875 0.17252647031249999 0.133154084375 0.6109375 0.103125
0 0.17252647031249999 0.133154084375 0.149986 0.134698 0.317099 0.564945 0.17252647031249999 0.133154084375
0 0.5640625 0.5203125 0.15 0.115625