0 0.6109375 0.5546875 0.2234375 0.2109375
0 0.31640625 0.9234375 0.1875 0.1453125
0 0.3359375 0.07421875 0.203125 0.1484375
0 0.44921875 0.7734375 0.2578125 0.25
0 0.571875 0.2171875 0.2 0.215625
0 0.915625 0.7796875 0.1609375 0.2078125
0 0.8984375 0.2171875 0.1953125 0.2234375
0 0.76171875 0.3609375 0.1640625 0.184375
0 0.73046875 0.0625 0.21875 0.125
0 0.071875 0.12265625 0.14375 0.2140625
0 0.2671875 0.59765625 0.2234375 0.2109375
0 0.76171875 0.94140625 0.2265625 0.1015625
0 0.41015625 0.41015625 0.1796875 0.21875
0 0.109375 0.8046875 0.21875 0.203125
0 0.19765625 0.2375 0.203125 0.215625
0 0.07421875 0.44921875 0.1484375 0.2109375
0 0.95234375 0.60234375 0.0953125 0.153125
0 0.9625 0.0546875 0.075 0.109375
0 0.125 0.0859375 0.1796875 0.04296875 0.075756 0.086481 0.038099 0.956582 0.125 0.0859375
0 0.98359375 0.9359375 0.0328125 0.128125