0 0.6109375 0.9046875 0.1609375 0.153125
0 0.0609375 0.3109375 0.121875 0.1765625
0 0.2796875 0.8984375 0.1296875 0.1328125
0 0.50625 0.478125 0.1453125 0.1453125
0 0.946875 0.91796875 0.0984375 0.1484375
0 0.853125 0.2671875 0.1765625 0.175
0 0.1859375 0.2046875 0.16875 0.153125
0 0.8296875 0.7734375 0.1453125 0.1328125
0 0.6546875 0.6171875 0.1609375 0.1640625
0 0.4609375 0.7671875 0.125 0.121875
0 0.165625 0.453125 0.1296875 0.15625
0 0.1109375 0.73046875 0.1375 0.1015625
0 0.3359375 0.3421875 0.1640625 0.1453125
0 0.3140625 0.6109375 0.184375 0.15625
0 0.0484375 0.0734375 0.096875 0.1375
0 0.4129846328125 0.0651819734375 0.535569 0.023395 0.168656 0.046791 0.4129846328125 0.0651819734375
0 0.4129846328125 0.0651819734375 0.16875 0.1484375 0.66796875 0.084375 0.4129846328125 0.0651819734375
0 0.02109375 0.5609375 0.0421875 0.15625
0 0.01328125 0.5609375 0.0265625 0.1546875
0 0.7734375 0.984375 0.1546875 0.03125
0 0.76875 0.98828125 0.153125 0.0234375
0 0.5328125 0.01640625 0.1765625 0.0328125