0 0.915625 0.4859375 0.1609375 0.16875
0 0.3046875 0.3046875 0.140625 0.125
0 0.4984375 0.4984375 0.1453125 0.1375
0 0.72265625 0.6734375 0.15625 0.1375
0 0.5234375 0.8609375 0.1640625 0.1609375
0 0.31640625 0.6796875 0.1484375 0.125
0 0.1109375 0.884375 0.1609375 0.121875
0 0.91015625 0.0859375 0.1640625 0.171875
0 0.921875 0.8734375 0.1484375 0.153125
0 0.09765625 0.1234375 0.1796875 0.1609375
0 0.50390625 0.1484375 0.184375 0.1484375
0 0.153125 0.1609375 0.7109375 0.303125 0.123745 0.12761 0.10255099999999999 0.50123 0.153125 0.1609375
0 0.29296875 0.015625 0.1953125 0.03125
0 0.74921875 0.9765625 0.14375 0.046875
0 0.7171875 0.01328125 0.1515625 0.0265625
0 0.32734375 0.98203125 0.153125 0.0359375
0 0.71796875 0.00859375 0.15625 0.0171875
0 0.33125 0.9859375 0.1625 0.028125