0 0.38125 0.3359375 0.1328125 0.1296875
0 0.6625 0.2828125 0.15625 0.1328125
0 0.94296875 0.23515625 0.1140625 0.1203125
0 0.70703125 0.5453125 0.1375 0.121875
0 0.75390625 0.8265625 0.1328125 0.15625
0 0.4359375 0.603125 0.140625 0.1484375
0 0.1484375 0.6078125 0.1484375 0.1640625
0 0.071875 0.3890625 0.1328125 0.1296875
0 0.053125 0.109375 0.10625 0.184375
0 0.33515625 0.0640625 0.1609375 0.128125
0 0.6390625 0.05078125 0.1609375 0.1015625
0 0.15453843125 0.13632200625 0.921556 0.038387 0.148862 0.07675 0.15453843125 0.13632200625
0 0.15453843125 0.13632200625 0.1453125 0.1375 0.2265625 0.8921875 0.15453843125 0.13632200625
0 0.97734375 0.53046875 0.0453125 0.178125
0 0.46328125 0.86015625 0.103125 0.10625