0 0.82421875 0.3609375 0.2109375 0.215625
0 0.47265625 0.9125 0.2109375 0.16875
0 0.7359375 0.09375 0.2078125 0.1875
0 0.1171875 0.225 0.1953125 0.2078125
0 0.3921875 0.6171875 0.2078125 0.21875
0 0.5859375 0.728125 0.21875 0.2078125
0 0.4359375 0.16015625 0.2390625 0.2109375
0 0.884375 0.6484375 0.2078125 0.2109375
0 0.16015625 0.9359375 0.2109375 0.121875
0 0.0875 0.6984375 0.175 0.21875
0 0.7109375 0.540625 0.203125 0.1765625
0 0.634375 0.259375 0.2 0.1984375
0 0.3046875 0.3421875 0.203125 0.2078125
0 0.7984375 0.8359375 0.1921875 0.1953125
0 0.946875 0.9234375 0.0984375 0.1375
0 0.171875 0.484375 0.1796875 0.15625
0 0.48828125 0.4375 0.1796875 0.1796875
0 0.9234375 0.19921875 0.153125 0.2265625
0 0.2359375 0.0765625 0.2078125 0.153125
0 0.2515625 0.80859375 0.1828125 0.2
0 0.3023816703125 0.11884207499999999 0.083826 0.190232 0.9580870000000001 0.477588 0.3023816703125 0.11884207499999999
0 0.03828125 0.409375 0.0765625 0.196875
0 0.67578125 0.96953125 0.18125 0.0609375
0 0.96171875 0.03984375 0.0765625 0.0796875
0 0.01953125 0.8796875 0.0390625 0.1609375
0 0.05859375 0.01953125 0.1171875 0.0390625
0 0.0578125 0.015625 0.1125 0.03125