0 0.6 0.2046875 0.1765625 0.153125
0 0.37890625 0.0546875 0.1484375 0.109375
0 0.37890625 0.384375 0.1640625 0.1609375
0 0.1859375 0.196875 0.16875 0.1453125
0 0.603125 0.9359375 0.16875 0.121875
0 0.41015625 0.7875 0.15625 0.1765625
0 0.7875 0.3921875 0.1375 0.1375
0 0.18359375 0.58203125 0.1453125 0.1640625
0 0.80625 0.765625 0.140625 0.140625
0 0.122492059375 0.148944496875 0.793026 0.030168 0.150685 0.06033500000000001 0.122492059375 0.148944496875
0 0.122492059375 0.148944496875 0.08125 0.15625 0.040625 0.40625 0.122492059375 0.148944496875
0 0.9703125 0.93828125 0.059375 0.1234375
0 0.0390625 0.040625 0.078125 0.08125