0 0.6421875 0.4984375 0.2 0.2
0 0.56640625 0.19921875 0.2109375 0.203125
0 0.9234375 0.4046875 0.1453125 0.215625
0 0.821875 0.5796875 0.2234375 0.2
0 0.696875 0.7734375 0.2234375 0.2109375
0 0.0921875 0.91015625 0.184375 0.171875
0 0.196875 0.7421875 0.2078125 0.1953125
0 0.8984375 0.8609375 0.1953125 0.1765625
0 0.259375 0.2796875 0.1984375 0.2
0 0.34765625 0.09765625 0.1796875 0.1796875
0 0.3359375 0.56640625 0.203125 0.2109375
0 0.7484375 0.2984375 0.215625 0.1921875
0 0.44140625 0.3734375 0.203125 0.184375
0 0.6734375 0.05078125 0.2 0.1015625
0 0.13671875 0.4546875 0.2265625 0.1921875
0 0.4046875 0.8359375 0.153125 0.1796875
0 0.5171875 0.665625 0.1921875 0.2
0 0.859375 0.12890625 0.1875 0.1640625
0 0.290625 0.9546875 0.16875 0.075
0 0.06640625 0.17578125 0.1328125 0.171875
0 0.625 0.94296875 0.171875 0.1140625
0 0.121875 0.0484375 0.2 0.096875
0 0.04609375 0.6515625 0.0921875 0.20625
0 0.28853166875 0.16629218437499999 0.928398 0.023580999999999998 0.143204 0.04716 0.28853166875 0.16629218437499999
0 0.28853166875 0.16629218437499999 0.109375 0.20625 0.9453125 0.7046875 0.28853166875 0.16629218437499999
0 0.45234375 0.0125 0.1734375 0.025
0 0.796875 0.9859375 0.2015625 0.028125
0 0.9859375 0.21484375 0.028125 0.16875
0 0.803125 0.9875 0.196875 0.025
0 0.9796875 0.2203125 0.040625 0.1765625