0 0.41015625 0.63671875 0.1484375 0.1328125
0 0.62890625 0.4546875 0.15625 0.1375
0 0.6109375 0.0609375 0.184375 0.121875
0 0.8421875 0.603125 0.1375 0.1296875
0 0.0375 0.259375 0.075 0.1359375
0 0.2109375 0.8296875 0.1328125 0.121875
0 0.203125 0.0796875 0.15625 0.1453125
0 0.421875 0.25390625 0.1484375 0.1328125
0 0.828125 0.2421875 0.1484375 0.153125
0 0.1875 0.44921875 0.1765625 0.1609375
0 0.42265625 0.95859375 0.1453125 0.0828125
0 0.084375 0.190625 0.9578125 0.41875 0.060806000000000006 0.125174 0.030437 0.6377390000000001 0.084375 0.190625
0 0.84375 0.96953125 0.1625 0.0609375
0 0.965625 0.05078125 0.06875 0.1015625
0 0.034375 0.97421875 0.06875 0.0515625
0 0.0296875 0.978125 0.059375 0.04375