0 0.08203125 0.6625 0.1640625 0.2390625
0 0.8421875 0.7046875 0.23125 0.2234375
0 0.09375 0.28515625 0.1875 0.25
0 0.69375 0.1421875 0.2390625 0.215625
0 0.2734375 0.51171875 0.234375 0.2265625
0 0.884375 0.3109375 0.1921875 0.1921875
0 0.4359375 0.6796875 0.23125 0.2109375
0 0.665625 0.509375 0.2 0.184375
0 0.2875 0.1171875 0.23125 0.21875
0 0.2109375 0.8609375 0.21875 0.215625
0 0.4984375 0.3046875 0.215625 0.21875
0 0.4046875 0.9609375 0.23125 0.0625
0 0.4921875 0.0375 0.1875 0.075
0 0.90703125 0.0484375 0.1765625 0.096875
0 0.9453125 0.91640625 0.109375 0.1671875
0 0.9453125 0.91640625 0.109375 0.1671875
0 0.96015625 0.5421875 0.0796875 0.184375
0 0.096875 0.03515625 0.19375 0.0703125
0 0.17530026875 0.1632237234375 0.8482879999999999 0.978237 0.19316899999999998 0.043526999999999996 0.17530026875 0.1632237234375
0 0.17530026875 0.1632237234375 0.1140625 0.0890625 0.05703125 0.95546875 0.17530026875 0.1632237234375
0 0.85546875 0.98671875 0.1921875 0.0265625