0 0.884375 0.04296875 0.1375 0.0859375
0 0.953125 0.7046875 0.0859375 0.153125
0 0.6171875 0.6734375 0.140625 0.1296875
0 0.12890625 0.4984375 0.1484375 0.1375
0 0.69921875 0.13671875 0.1328125 0.15625
0 0.1421875 0.2359375 0.184375 0.1609375
0 0.4546875 0.53515625 0.1453125 0.1328125
0 0.09765625 0.759375 0.1640625 0.1375
0 0.51171875 0.259375 0.15625 0.1359375
0 0.2734375 0.63671875 0.15625 0.15625
0 0.671875 0.4046875 0.15625 0.1375
0 0.3296875 0.10546875 0.1609375 0.1640625
0 0.803125 0.546875 0.1609375 0.15625
0 0.4390625 0.7828125 0.1640625 0.1640625
0 0.3109375 0.37890625 0.1875 0.1640625
0 0.78125 0.8265625 0.1796875 0.1609375
0 0.834375 0.27734375 0.1953125 0.1921875
0 0.25390625 0.8984375 0.16875 0.15625
0 0.50390625 0.04296875 0.1453125 0.0859375
0 0.57578125 0.93515625 0.1203125 0.1296875
0 0.140625 0.09375 0.9203125 0.94921875 0.122997 0.041221999999999995 0.061499000000000005 0.979239 0.140625 0.09375
0 0.01796875 0.35 0.034375 0.1328125
0 0.0125 0.34921875 0.025 0.1375
0 0.0640625 0.98515625 0.128125 0.0296875
0 0.0125 0.05390625 0.025 0.1078125