0 0.8296875 0.6796875 0.2 0.203125
0 0.478125 0.44921875 0.2078125 0.2109375
0 0.5796875 0.6171875 0.2078125 0.1875
0 0.3125 0.1171875 0.21875 0.1875
0 0.921875 0.1796875 0.1484375 0.203125
0 0.5296875 0.19921875 0.1765625 0.203125
0 0.1859375 0.375 0.2234375 0.21875
0 0.8921875 0.41796875 0.2 0.21875
0 0.7359375 0.9046875 0.184375 0.184375
0 0.2984375 0.5484375 0.1984375 0.153125
0 0.4609375 0.85546875 0.1796875 0.1796875
0 0.7046875 0.109375 0.184375 0.1875
0 0.1109375 0.21484375 0.1609375 0.1140625
0 0.07734375 0.0796875 0.1296875 0.159375
0 0.93359375 0.89609375 0.1328125 0.2078125
0 0.6484375 0.7578125 0.153125 0.109375
0 0.384375 0.70703125 0.1953125 0.1453125
0 0.553125 0.946875 0.153125 0.10625
0 0.725 0.5078125 0.1375 0.1171875
0 0.6546875 0.359375 0.121875 0.1375
0 0.79296875 0.259375 0.140625 0.1015625
0 0.38125 0.290625 0.1453125 0.121875
0 0.934375 0.59921875 0.13125 0.2046875
0 0.8609375 0.0421875 0.234375 0.084375
0 0.21021180625000002 0.0415665140625 0.21640625 0.11484375 0.48828125 0.0578125 0.21021180625000002 0.0415665140625
0 0.98046875 0.74296875 0.0390625 0.1703125
0 0.02265625 0.50859375 0.0453125 0.184375
0 0.9859375 0.33828125 0.028125 0.18125
0 0.01328125 0.49921875 0.0265625 0.175