0 0.4609375 0.8921875 0.171875 0.1765625
0 0.4671875 0.540625 0.184375 0.16875
0 0.6546875 0.31640625 0.1921875 0.1875
0 0.8671875 0.8671875 0.1640625 0.1640625
0 0.2421875 0.31640625 0.1484375 0.140625
0 0.853125 0.134375 0.1765625 0.16875
0 0.2359375 0.696875 0.1765625 0.1609375
0 0.8609375 0.50625 0.1921875 0.16875
0 0.6546875 0.696875 0.1609375 0.1609375
0 0.0546875 0.1546875 0.109375 0.1609375
0 0.453125 0.1265625 0.15625 0.1609375
0 0.0453125 0.5140625 0.090625 0.140625
0 0.1582264921875 0.119758384375 0.653395 0.019505 0.169869 0.038995999999999996 0.1582264921875 0.119758384375
0 0.1582264921875 0.119758384375 0.09375 0.1328125 0.046875 0.8921875 0.1582264921875 0.119758384375
0 0.68671875 0.96171875 0.1640625 0.0765625
0 0.98671875 0.3171875 0.0265625 0.1546875
0 0.22734375 0.01484375 0.1828125 0.0296875
0 0.99140625 0.31796875 0.0171875 0.153125