0 0.7484375 0.928125 0.2078125 0.1375
0 0.4921875 0.06640625 0.1796875 0.1171875
0 0.29296875 0.8359375 0.1484375 0.15625
0 0.5171875 0.8984375 0.184375 0.15625
0 0.9671875 0.8609375 0.059375 0.153125
0 0.19921875 0.046875 0.1640625 0.09375
0 0.84765625 0.7671875 0.125 0.0984375
0 0.22265625 0.6796875 0.1484375 0.1484375
0 0.959375 0.103125 0.075 0.16875
0 0.0375 0.640625 0.075 0.125
0 0.196875 0.1859375 0.1375 0.153125
0 0.30625 0.46484375 0.184375 0.1375
0 0.3890625 0.62890625 0.1640625 0.125
0 0.46875 0.765625 0.1328125 0.1140625
0 0.6421875 0.3140625 0.1453125 0.121875
0 0.8921875 0.521875 0.184375 0.153125
0 0.0390625 0.82421875 0.078125 0.1328125
0 0.0910507640625 0.20985283125 0.349937 0.948415 0.18316300000000002 0.103169 0.0910507640625 0.20985283125
0 0.08046875 0.4078125 0.11875 0.11875
0 0.64921875 0.0265625 0.125 0.053125
0 0.57890625 0.98125 0.1765625 0.0375
0 0.75703125 0.61484375 0.1234375 0.1265625
0 0.3375 0.11953125 0.1515625 0.1296875
0 0.01171875 0.48671875 0.0234375 0.16875
0 0.578125 0.98515625 0.1875 0.0296875
0 0.86328125 0.0453125 0.109375 0.0890625