0 0.071875 0.03125 0.14375 0.0625
0 0.1578125 0.2359375 0.1375 0.125
0 0.38125 0.3296875 0.1484375 0.1609375
0 0.59765625 0.43359375 0.1453125 0.1453125
0 0.896875 0.2890625 0.1296875 0.1140625
0 0.73046875 0.69921875 0.15625 0.125
0 0.08203125 0.428125 0.1375 0.1375
0 0.2953125 0.509375 0.1328125 0.1171875
0 0.6328125 0.884375 0.1375 0.1171875
0 0.8421875 0.9625 0.1453125 0.075
0 0.3921875 0.80078125 0.1296875 0.121875
0 0.2125 0.734375 0.1484375 0.1171875
0 0.0953125 0.890625 0.15625 0.109375
0 0.321875 0.96875 0.1796875 0.0625
0 0.69375 0.24609375 0.1140625 0.1375
0 0.1140625 0.1171875 0.5171875 0.609375 0.11984399999999999 0.124089 0.9391349999999999 0.796863 0.1140625 0.1171875
0 0.03125 0.1546875 0.0625 0.1484375
0 0.03203125 0.5921875 0.0640625 0.159375