0 0.2796875 0.2671875 0.2390625 0.190625
0 0.37890625 0.4296875 0.2109375 0.1953125
0 0.6875 0.53515625 0.21875 0.1953125
0 0.290625 0.7171875 0.2390625 0.2
0 0.1859375 0.0921875 0.2078125 0.184375
0 0.4046875 0.8984375 0.246875 0.1953125
0 0.4921875 0.6109375 0.2265625 0.215625
0 0.4859375 0.16796875 0.184375 0.2109375
0 0.59765625 0.8109375 0.21875 0.2
0 0.69921875 0.0859375 0.2109375 0.171875
0 0.94375 0.1546875 0.10625 0.215625
0 0.884375 0.4296875 0.2078125 0.1875
0 0.09765625 0.3609375 0.1953125 0.1765625
0 0.8046875 0.725 0.21875 0.2
0 0.1796875 0.5296875 0.203125 0.184375
0 0.9546875 0.6234375 0.0828125 0.215625
0 0.7796875 0.234375 0.215625 0.171875
0 0.0390625 0.62890625 0.078125 0.2078125
0 0.084375 0.821875 0.16875 0.1296875
0 0.1953125 0.9625 0.2 0.075
0 0.7015625 0.9546875 0.2078125 0.090625
0 0.8984375 0.896875 0.16875 0.16875
0 0.25441192031250004 0.07241484687500001 0.365625 0.0453125 0.211621 0.074761 0.25441192031250004 0.07241484687500001
0 0.25441192031250004 0.07241484687500001 0.1796875 0.090625 0.8932399999999999 0.037389 0.25441192031250004 0.07241484687500001
0 0.03515625 0.1703125 0.0703125 0.18125