0 0.0921875 0.1171875 0.184375 0.1953125
0 0.50390625 0.8046875 0.1796875 0.171875
0 0.27890625 0.0875 0.1671875 0.175
0 0.8421875 0.3671875 0.16875 0.1640625
0 0.88671875 0.6234375 0.1953125 0.2
0 0.23046875 0.2359375 0.15625 0.121875
0 0.56875 0.5296875 0.2078125 0.203125
0 0.24242210156250002 0.2629572328125 0.7984375 0.9 0.197511 0.181067 0.24242210156250002 0.2629572328125
0 0.16484375 0.97734375 0.140625 0.0453125
0 0.55234375 0.9 0.1890625 0.1828125
0 0.1671875 0.98515625 0.159375 0.0296875