0 0.25625 0.946875 0.1453125 0.0984375
0 0.4125 0.0609375 0.16875 0.121875
0 0.82421875 0.41015625 0.1640625 0.15625
0 0.453125 0.79296875 0.15625 0.1328125
0 0.62890625 0.22265625 0.1875 0.15625
0 0.415625 0.4234375 0.16875 0.1609375
0 0.203125 0.2484375 0.1875 0.16875
0 0.87890625 0.7796875 0.171875 0.1296875
0 0.665625 0.603125 0.1453125 0.1296875
0 0.25390625 0.625 0.140625 0.1609375
0 0.65 0.93359375 0.140625 0.1328125
0 0.8359375 0.0625 0.1328125 0.1140625
0 0.04296875 0.4234375 0.0859375 0.1796875
0 0.078125 0.153125 0.0390625 0.0765625 0.044611 0.169424 0.977695 0.21894999999999998 0.078125 0.153125
0 0.98046875 0.60859375 0.0390625 0.1671875
0 0.984375 0.61171875 0.03125 0.16875
0 0.9859375 0.94140625 0.028125 0.1171875