0 0.6796875 0.3421875 0.2421875 0.2078125
0 0.16015625 0.16015625 0.1875 0.21875
0 0.07421875 0.48828125 0.1484375 0.1609375
0 0.8984375 0.2109375 0.1953125 0.203125
0 0.50390625 0.11328125 0.1640625 0.1796875
0 0.290625 0.30859375 0.16875 0.1953125
0 0.0546875 0.84765625 0.109375 0.2265625
0 0.165625 0.0234375 0.1375 0.046875
0 0.4078125 0.4671875 0.184375 0.15625
0 0.20483425156249999 0.21721351093750002 0.739738 0.047203 0.21233200000000002 0.09440699999999999 0.20483425156249999 0.21721351093750002
0 0.02734375 0.03671875 0.0546875 0.0734375