0 0.390625 0.328125 0.15625 0.140625
0 0.696875 0.30078125 0.125 0.121875
0 0.63046875 0.05625 0.1453125 0.1125
0 0.3609375 0.078125 0.1484375 0.140625
0 0.1078125 0.109375 0.1875 0.1484375
0 0.13125 0.3734375 0.1453125 0.1640625
0 0.5015625 0.8578125 0.16875 0.1609375
0 0.7796875 0.8109375 0.1453125 0.1609375
0 0.453125 0.6 0.1484375 0.1484375
0 0.93359375 0.275 0.1328125 0.1640625
0 0.1796875 0.896875 0.16875 0.1296875
0 0.2630279203125 0.1422970609375 0.9223459999999999 0.041105 0.15036 0.082113 0.2630279203125 0.1422970609375
0 0.2630279203125 0.1422970609375 0.0703125 0.171875 0.96484375 0.5171875 0.2630279203125 0.1422970609375
0 0.81953125 0.9875 0.1375 0.025