0 0.7421875 0.78515625 0.203125 0.1796875
0 0.1234375 0.134375 0.1921875 0.1765625
0 0.4359375 0.21875 0.215625 0.1875
0 0.86015625 0.0484375 0.1921875 0.096875
0 0.5234375 0.85546875 0.1640625 0.1953125
0 0.8609375 0.9296875 0.2 0.1328125
0 0.3359375 0.48046875 0.1875 0.1796875
0 0.53515625 0.38671875 0.1953125 0.203125
0 0.6109375 0.1171875 0.16875 0.1640625
0 0.9234375 0.6875 0.1375 0.1875
0 0.35546875 0.9390625 0.1484375 0.1140625
0 0.22265625 0.3109375 0.1953125 0.184375
0 0.3359375 0.0609375 0.203125 0.121875
0 0.73046875 0.29296875 0.1640625 0.1640625
0 0.946875 0.19140625 0.0984375 0.1484375
0 0.05625 0.40703125 0.1125 0.1359375
0 0.11875 0.603125 0.1796875 0.153125
0 0.41796875 0.66796875 0.1953125 0.171875
0 0.65 0.5953125 0.2265625 0.1765625
0 0.8515625 0.490625 0.171875 0.2
0 0.2421875 0.7875 0.153125 0.1453125
0 0.1630819609375 0.20955080937499998 0.645421 0.978836 0.186534 0.04217 0.1630819609375 0.20955080937499998
0 0.1630819609375 0.20955080937499998 0.1375 0.16875 0.06875 0.8828125 0.1630819609375 0.20955080937499998
0 0.01796875 0.6640625 0.0359375 0.16875
0 0.98203125 0.86328125 0.0359375 0.175
0 0.51875 0.0078125 0.1828125 0.015625
0 0.9859375 0.8625 0.028125 0.1796875
0 0.0125 0.66484375 0.025 0.1640625
0 0.521875 0.0125 0.1859375 0.0234375
0 0.009375 0.21875 0.01875 0.1921875
0 0.01171875 0.2125 0.0234375 0.1953125
0 0.9921875 0.390625 0.015625 0.16875