0 0.11875 0.92109375 0.2375 0.1484375
0 0.7171875 0.28515625 0.2625 0.2109375
0 0.72265625 0.4859375 0.25 0.215625
0 0.9234375 0.31875 0.1453125 0.1375
0 0.5921875 0.0765625 0.2 0.153125
0 0.4359375 0.4609375 0.1921875 0.1875
0 0.9078125 0.790625 0.1765625 0.2078125
0 0.47265625 0.19921875 0.1796875 0.1640625
0 0.6546875 0.66015625 0.203125 0.1453125
0 0.69921875 0.80625 0.171875 0.1328125
0 0.3578125 0.32421875 0.1796875 0.09375
0 0.92734375 0.4875 0.1453125 0.190625
0 0.2275658140625 0.17313245156249998 0.290625 0.2171875 0.167062 0.126064 0.2275658140625 0.17313245156249998
0 0.2275658140625 0.17313245156249998 0.1765625 0.1375 0.844047 0.652719 0.2275658140625 0.17313245156249998
0 0.21484375 0.046875 0.1765625 0.09375
0 0.18828125 0.08046875 0.209375 0.1609375
0 0.98515625 0.65234375 0.0296875 0.1328125
0 0.4859375 0.97578125 0.190625 0.0484375
0 0.8328125 0.04453125 0.2015625 0.0890625