0 0.8609375 0.26171875 0.1765625 0.171875
0 0.9296875 0.921875 0.125 0.1484375
0 0.2421875 0.09765625 0.1953125 0.1796875
0 0.75859375 0.0796875 0.1984375 0.159375
0 0.8734375 0.7421875 0.1921875 0.1796875
0 0.665625 0.8421875 0.1921875 0.184375
0 0.56640625 0.6734375 0.1953125 0.1609375
0 0.45234375 0.0328125 0.2078125 0.065625
0 0.5609375 0.171875 0.1453125 0.1453125
0 0.93515625 0.0484375 0.1296875 0.096875
0 0.66015625 0.36328125 0.16875 0.15625
0 0.9546875 0.4609375 0.090625 0.1453125
0 0.7671875 0.5609375 0.1484375 0.1296875
0 0.4375 0.4609375 0.1609375 0.140625
0 0.323637646875 0.2746783859375 0.2078125 0.171875 0.76711 0.971175 0.323637646875 0.2746783859375
0 0.98671875 0.1671875 0.0265625 0.1515625
0 0.99140625 0.1671875 0.0171875 0.146875