0 0.72265625 0.1109375 0.15625 0.1609375
0 0.4359375 0.1484375 0.121875 0.0984375
0 0.1484375 0.18125 0.1296875 0.1140625
0 0.19140625 0.4359375 0.109375 0.140625
0 0.4609375 0.3578125 0.0984375 0.1015625
0 0.79296875 0.33984375 0.1171875 0.121875
0 0.7953125 0.5796875 0.10625 0.09375
0 0.95859375 0.06875 0.0828125 0.125
0 0.51953125 0.6109375 0.121875 0.109375
0 0.23046875 0.6890625 0.153125 0.1640625
0 0.265625 0.946875 0.140625 0.10625
0 0.5390625 0.90234375 0.121875 0.140625
0 0.1560658390625 0.17112719999999998 0.9787649999999999 0.297645 0.1296875 0.1453125 0.1560658390625 0.17112719999999998
0 0.8609375 0.8609375 0.1560658390625 0.17112719999999998 0.04247 0.15365800000000002 0.8609375 0.8609375
0 0.01796875 0.728125 0.0359375 0.125
0 0.9859375 0.29609375 0.028125 0.1515625
0 0.0125 0.7265625 0.025 0.1296875