0 0.2953125 0.23828125 0.1140625 0.0859375
0 0.89453125 0.15234375 0.1015625 0.1140625
0 0.9375 0.4046875 0.1015625 0.1140625
0 0.6265625 0.44921875 0.125 0.10625
0 0.3515625 0.4921875 0.1375 0.1296875
0 0.04296875 0.275 0.0859375 0.109375
0 0.09375 0.5296875 0.121875 0.1484375
0 0.1109375 0.775 0.1015625 0.1171875
0 0.39453125 0.73046875 0.1171875 0.10625
0 0.6875 0.7109375 0.1609375 0.1140625
0 0.9546875 0.7046875 0.090625 0.1171875
0 0.734375 0.9453125 0.1796875 0.109375
0 0.4125 0.97421875 0.09375 0.0515625
0 0.23510635937500002 0.07791750625 0.26204 0.025916 0.15764499999999998 0.051832 0.23510635937500002 0.07791750625
0 0.23510635937500002 0.07791750625 0.171875 0.2 0.5953125 0.19921875 0.23510635937500002 0.07791750625
0 0.028125 0.0453125 0.05625 0.090625
0 0.978125 0.9328125 0.04375 0.1078125
0 0.575 0.01328125 0.1640625 0.0265625
0 0.98359375 0.93125 0.0328125 0.1