0 0.7796875 0.5609375 0.1921875 0.215625
0 0.821875 0.10546875 0.215625 0.1953125
0 0.290625 0.07421875 0.1765625 0.1484375
0 0.9359375 0.6734375 0.121875 0.1921875
0 0.4984375 0.16015625 0.1921875 0.1953125
0 0.6484375 0.7359375 0.1875 0.184375
0 0.1796875 0.25625 0.171875 0.1375
0 0.6859375 0.28515625 0.2234375 0.2109375
0 0.3671875 0.353125 0.1953125 0.2
0 0.071875 0.8984375 0.14375 0.171875
0 0.57421875 0.47265625 0.1953125 0.1875
0 0.884375 0.37890625 0.1765625 0.1875
0 0.8296875 0.84765625 0.1609375 0.140625
0 0.3296875 0.821875 0.1921875 0.1765625
0 0.071875 0.41171875 0.14375 0.1765625
0 0.240625 0.5296875 0.1609375 0.1796875
0 0.44375 0.640625 0.2 0.1765625
0 0.1546875 0.73046875 0.2109375 0.1765625
0 0.5484375 0.93125 0.1796875 0.1375
0 0.1453125 0.075 0.21484375 0.9625 0.19927 0.08048999999999999 0.6047629999999999 0.040256 0.1453125 0.075
0 0.96640625 0.21328125 0.0671875 0.171875
0 0.73203125 0.96953125 0.16875 0.0609375
0 0.01796875 0.60625 0.0359375 0.171875
0 0.1046875 0.021875 0.1921875 0.04375
0 0.025 0.15390625 0.05 0.171875
0 0.0140625 0.146875 0.028125 0.175