0 0.4359375 0.7046875 0.184375 0.1609375
0 0.1171875 0.66796875 0.171875 0.15625
0 0.7359375 0.759375 0.16875 0.16875
0 0.478125 0.4234375 0.153125 0.1609375
0 0.1796875 0.0859375 0.15625 0.15625
0 0.5609375 0.8734375 0.1765625 0.184375
0 0.603125 0.5796875 0.153125 0.153125
0 0.328125 0.2484375 0.15625 0.1609375
0 0.2484375 0.8296875 0.1609375 0.1921875
0 0.04296875 0.2015625 0.0859375 0.121875
0 0.146875 0.37890625 0.125 0.1296875
0 0.2640625 0.52734375 0.1453125 0.1484375
0 0.8890625 0.93125 0.1640625 0.1375
0 0.046910359375 0.41434966093750003 0.034588999999999995 0.151248 0.017332 0.494332 0.046910359375 0.41434966093750003
0 0.0703125 0.9140625 0.140625 0.1609375 0.046910359375 0.41434966093750003 0.0703125 0.9140625
0 0.01171875 0.49140625 0.0234375 0.1484375