0 0.7359375 0.6421875 0.2078125 0.184375
0 0.1171875 0.4921875 0.1875 0.1796875
0 0.5546875 0.2875 0.203125 0.2078125
0 0.859375 0.821875 0.21875 0.1609375
0 0.9234375 0.5484375 0.1375 0.1921875
0 0.10546875 0.0625 0.1875 0.125
0 0.8421875 0.3734375 0.215625 0.1765625
0 0.73046875 0.2109375 0.2109375 0.2109375
0 0.321875 0.4046875 0.2078125 0.1921875
0 0.3984375 0.1 0.2109375 0.1765625
0 0.415625 0.5796875 0.2 0.184375
0 0.5375 0.7796875 0.2 0.1921875
0 0.6421875 0.0546875 0.184375 0.109375
0 0.23046875 0.6796875 0.1875 0.203125
0 0.6234375 0.47265625 0.1765625 0.1875
0 0.34765625 0.87890625 0.21875 0.2265625
0 0.209375 0.196875 0.1640625 0.16875
0 0.92734375 0.09453125 0.1453125 0.1765625
0 0.05625 0.29765625 0.1125 0.1921875
0 0.62890625 0.915625 0.2 0.16875
0 0.1234375 0.9390625 0.2 0.121875
0 0.126114590625 0.21102016093749998 0.927327 0.9706110000000001 0.145347 0.058778 0.126114590625 0.21102016093749998
0 0.97109375 0.27265625 0.0578125 0.1875
0 0.44375 0.97265625 0.2 0.0546875
0 0.98046875 0.7296875 0.0390625 0.19375
0 0.9859375 0.72890625 0.028125 0.19375
0 0.44453125 0.98359375 0.2 0.0328125