0 0.36875 0.11328125 0.1171875 0.1015625
0 0.171875 0.21875 0.1328125 0.1375
0 0.265625 0.41015625 0.0984375 0.10625
0 0.69140625 0.19921875 0.125 0.10625
0 0.8984375 0.12109375 0.1171875 0.109375
0 0.96875 0.33203125 0.0625 0.1171875
0 0.790625 0.4078125 0.0984375 0.121875
0 0.08203125 0.50390625 0.121875 0.121875
0 0.38671875 0.59375 0.125 0.109375
0 0.5796875 0.5 0.1453125 0.140625
0 0.7046875 0.69921875 0.125 0.1296875
0 0.9203125 0.57421875 0.1140625 0.121875
0 0.81875 0.87109375 0.1296875 0.140625
0 0.4921875 0.78515625 0.140625 0.1484375
0 0.1875 0.6859375 0.1296875 0.121875
0 0.28125 0.87109375 0.121875 0.1296875
0 0.1015625 0.0859375 0.10546875 0.95703125 0.11342 0.07811 0.058355000000000004 0.039057999999999995 0.1015625 0.0859375
0 0.97734375 0.75859375 0.0453125 0.115625
0 0.56015625 0.02578125 0.1203125 0.0515625
0 0.02734375 0.77421875 0.0546875 0.1375
0 0.984375 0.7546875 0.03125 0.1109375
0 0.55859375 0.02109375 0.1265625 0.0421875