0 0.81640625 0.31640625 0.15625 0.1484375
0 0.859375 0.75390625 0.15625 0.15625
0 0.9046875 0.484375 0.1765625 0.171875
0 0.1625 0.046875 0.1375 0.09375
0 0.44140625 0.796875 0.1171875 0.125
0 0.94921875 0.2046875 0.09375 0.1453125
0 0.2671875 0.1953125 0.1140625 0.1171875
0 0.40625 0.0703125 0.10625 0.1171875
0 0.1390625 0.31640625 0.1140625 0.10625
0 0.03515625 0.140625 0.0703125 0.15625
0 0.2421875 0.4859375 0.1296875 0.1296875
0 0.37109375 0.38671875 0.140625 0.1328125
0 0.5328125 0.26953125 0.1453125 0.1375
0 0.703125 0.1703125 0.1375 0.1296875
0 0.84375 0.0609375 0.140625 0.121875
0 0.65 0.428125 0.121875 0.0984375
0 0.50625 0.546875 0.1453125 0.1296875
0 0.34765625 0.6734375 0.125 0.1140625
0 0.7421875 0.5875 0.109375 0.090625
0 0.7109375 0.86875 0.121875 0.090625
0 0.1772498265625 0.1976403859375 0.956598 0.944267 0.125 0.090625 0.1772498265625 0.1976403859375
0 0.546875 0.9546875 0.1772498265625 0.1976403859375 0.086804 0.11099200000000001 0.546875 0.9546875
0 0.25859375 0.93203125 0.15 0.1328125
0 0.96875 0.64375 0.0625 0.140625
0 0.56328125 0.02109375 0.128125 0.0421875
0 0.56171875 0.015625 0.13125 0.03125