0 0.634375 0.75390625 0.215625 0.203125
0 0.915625 0.3609375 0.1609375 0.1921875
0 0.1234375 0.7421875 0.1921875 0.203125
0 0.8359375 0.6546875 0.234375 0.1921875
0 0.44375 0.8671875 0.23125 0.2109375
0 0.3125 0.6734375 0.21875 0.2390625
0 0.9359375 0.8421875 0.121875 0.1609375
0 0.75625 0.915625 0.2078125 0.1609375
0 0.540625 0.56640625 0.1921875 0.1640625
0 0.21484375 0.91953125 0.2109375 0.1609375
0 0.0484375 0.55546875 0.096875 0.1828125
0 0.9609375 0.0953125 0.078125 0.190625
0 0.74375 0.4703125 0.676365190625 0.432622690625 0.057038 0.18778999999999998 0.74375 0.4703125
0 0.676365190625 0.432622690625 0.971481 0.549288 0.0984375 0.109375 0.676365190625 0.432622690625
0 0.528125 0.9765625 0.190625 0.046875
0 0.05703125 0.96953125 0.1140625 0.0609375