0 0.1546875 0.07421875 0.1921875 0.1484375
0 0.5921875 0.78515625 0.2 0.1796875
0 0.28515625 0.725 0.2109375 0.2
0 0.37890625 0.4234375 0.203125 0.2
0 0.1859375 0.5234375 0.2078125 0.1875
0 0.0765625 0.3359375 0.153125 0.171875
0 0.875 0.4234375 0.21875 0.2078125
0 0.384375 0.8921875 0.2 0.1921875
0 0.78515625 0.696875 0.2109375 0.1921875
0 0.4671875 0.62890625 0.2 0.1875
0 0.240625 0.24375 0.1765625 0.1484375
0 0.4546875 0.14453125 0.1953125 0.1453125
0 0.6578125 0.0609375 0.1765625 0.121875
0 0.5875 0.3265625 0.15625 0.1296875
0 0.7578125 0.2265625 0.15625 0.15625
0 0.94296875 0.13046875 0.1140625 0.1671875
0 0.678125 0.51171875 0.1640625 0.1296875
0 0.946875 0.6015625 0.10625 0.16875
0 0.9046875 0.9 0.184375 0.2
0 0.675 0.94296875 0.203125 0.1140625 0.027703 0.168941 0.055372 0.172792 0.675 0.94296875
0 0.35 0.02421875 0.19375 0.0484375
0 0.85703125 0.015625 0.2109375 0.03125
0 0.98515625 0.7671875 0.0296875 0.178125
0 0.98125 0.76953125 0.0375 0.184375
0 0.48359375 0.99140625 0.178125 0.0171875
0 0.34453125 0.0140625 0.1765625 0.028125
0 0.9859375 0.3 0.028125 0.1859375