0 0.2421875 0.7359375 0.2421875 0.1921875
0 0.4609375 0.38671875 0.1875 0.1796875
0 0.5484375 0.6734375 0.1921875 0.1921875
0 0.2734375 0.28125 0.203125 0.1875
0 0.7671875 0.7984375 0.215625 0.1765625
0 0.3609375 0.57421875 0.215625 0.1484375
0 0.66015625 0.4921875 0.1796875 0.171875
0 0.06875 0.62890625 0.1375 0.1875
0 0.13671875 0.9046875 0.2109375 0.1765625
0 0.1625 0.44921875 0.1765625 0.1953125
0 0.084375 0.16015625 0.1296875 0.153125
0 0.8765625 0.60546875 0.1375 0.153125
0 0.94140625 0.90234375 0.1171875 0.16875
0 0.640625 0.9390625 0.1453125 0.121875 0.0960124140625 0.2190375421875 0.640625 0.9390625
0 0.3171875 0.96953125 0.1609375 0.0609375
0 0.83515625 0.978125 0.1953125 0.04375
0 0.01640625 0.80546875 0.0328125 0.2109375
0 0.0125 0.80078125 0.025 0.2015625
0 0.834375 0.98671875 0.1890625 0.0265625