0 0.07421875 0.87890625 0.1484375 0.1484375
0 0.0546875 0.12890625 0.109375 0.1875
0 0.2328125 0.3046875 0.15625 0.1171875
0 0.45703125 0.4921875 0.1453125 0.1453125
0 0.65 0.6734375 0.16875 0.1609375
0 0.89453125 0.834375 0.1453125 0.1140625
0 0.2578125 0.6875 0.1171875 0.125
0 0.12894198437499998 0.138864034375 0.675978 0.978646 0.14663299999999999 0.042291 0.12894198437499998 0.138864034375
0 0.26328125 0.97578125 0.1703125 0.0484375
0 0.4734375 0.85390625 0.1203125 0.1171875
0 0.2609375 0.9859375 0.178125 0.028125
0 0.26171875 0.98515625 0.178125 0.0296875