0 0.41015625 0.48046875 0.2109375 0.1875
0 0.5296875 0.3109375 0.2 0.184375
0 0.1484375 0.8109375 0.203125 0.184375
0 0.2484375 0.6546875 0.215625 0.1921875
0 0.2171875 0.259375 0.184375 0.2078125
0 0.3421875 0.0859375 0.1921875 0.171875
0 0.0625 0.134375 0.125 0.121875
0 0.06875 0.4546875 0.0999425859375 0.31077624843749996 0.11392899999999999 0.103239 0.06875 0.4546875
0 0.0999425859375 0.31077624843749996 0.056972999999999996 0.94838 0.1375 0.1375 0.0999425859375 0.31077624843749996
0 0.01328125 0.621875 0.0265625 0.184375
0 0.01875 0.63046875 0.0359375 0.1765625
0 0.009375 0.62734375 0.01875 0.18125