0 0.3578125 0.30859375 0.1375 0.1296875
0 0.3921875 0.57421875 0.109375 0.1140625
0 0.10546875 0.6234375 0.1328125 0.125
0 0.071875 0.3578125 0.1328125 0.140625
0 0.146875 0.8453125 0.15625 0.1375
0 0.421875 0.8296875 0.2 0.1609375
0 0.6578125 0.2796875 0.1453125 0.1875
0 0.195155321875 0.0931820984375 0.612418 0.043338 0.147123 0.086675 0.195155321875 0.0931820984375
0 0.195155321875 0.0931820984375 0.125 0.1015625 0.9375 0.19375 0.195155321875 0.0931820984375
0 0.95625 0.48046875 0.0875 0.1390625
0 0.9765625 0.75390625 0.046875 0.14375
0 0.878125 0.02421875 0.1421875 0.0484375
0 0.7125 0.77109375 0.128125 0.1296875
0 0.7734375 0.515625 0.128125 0.1515625
0 0.984375 0.75 0.03125 0.1390625
0 0.82265625 0.96953125 0.1296875 0.0609375