0 0.6859375 0.5796875 0.215625 0.1921875
0 0.6421875 0.8421875 0.215625 0.2
0 0.20390625 0.3125 0.1875 0.184375
0 0.37890625 0.8359375 0.2265625 0.203125
0 0.4359375 0.56640625 0.215625 0.1875
0 0.9359375 0.84765625 0.121875 0.203125
0 0.1734375 0.8109375 0.1921875 0.1296875
0 0.95078125 0.0890625 0.0984375 0.178125
0 0.6859375 0.31640625 0.2 0.1796875
0 0.228125 0.0625 0.2 0.125
0 0.421875 0.31640625 0.203125 0.1796875
0 0.3359375 0.9671875 0.15625 0.059375
0 0.921875 0.28515625 0.1484375 0.1953125
0 0.171875 0.5546875 0.21875 0.1796875
0 0.13671875 0.9546875 0.1796875 0.0828125
0 0.421875 0.084375 0.16875 0.16875
0 0.6703125 0.078125 0.234375 0.15625
0 0.9625 0.6015625 0.075 0.1453125
0 0.903125 0.98359375 0.19375 0.0328125 0.018204 0.062832 0.036201 0.12414499999999999 0.903125 0.98359375
0 0.0140625 0.0625 0.028125 0.1234375