0 0.4609375 0.421875 0.1609375 0.1484375
0 0.75 0.37890625 0.10625 0.09375
0 0.6859375 0.115625 0.121875 0.10625
0 0.94921875 0.0796875 0.1015625 0.121875
0 0.4234375 0.1734375 0.16875 0.140625
0 0.12109375 0.196875 0.121875 0.15625
0 0.171875 0.48828125 0.121875 0.10625
0 0.1875 0.703125 0.1328125 0.125
0 0.4984375 0.6796875 0.1609375 0.10625
0 0.7890625 0.6578125 0.125 0.125
0 0.828125 0.9140625 0.1015625 0.1484375
0 0.54453125 0.93515625 0.1484375 0.1296875
0 0.1693615125 0.146169134375 0.9696260000000001 0.34224 0.1640625 0.078125 0.1693615125 0.146169134375
0 0.2328125 0.9609375 0.1693615125 0.146169134375 0.060748 0.11955800000000001 0.2328125 0.9609375
0 0.03046875 0.96875 0.0609375 0.0625
0 0.0078125 0.75625 0.015625 0.1265625
0 0.0234375 0.9703125 0.046875 0.059375