0 0.66015625 0.7734375 0.25 0.1796875
0 0.928125 0.384375 0.1375 0.215625
0 0.2421875 0.07421875 0.1953125 0.1484375
0 0.8609375 0.2046875 0.2234375 0.184375
0 0.3359375 0.225 0.203125 0.2
0 0.665625 0.2984375 0.2 0.1984375
0 0.41796875 0.8734375 0.1796875 0.2078125
0 0.546875 0.5859375 0.2265625 0.1953125
0 0.5296875 0.1546875 0.184375 0.215625
0 0.9296875 0.8671875 0.1328125 0.203125
0 0.1421875 0.3359375 0.215625 0.203125
0 0.1484375 0.78515625 0.2109375 0.1953125
0 0.0796875 0.12265625 0.159375 0.1921875
0 0.2484375 0.5234375 0.215625 0.203125
0 0.859375 0.69375 0.2109375 0.2078125
0 0.7484375 0.4984375 0.215625 0.2234375
0 0.4546875 0.41015625 0.215625 0.1953125
0 0.34765625 0.7046875 0.203125 0.1765625
0 0.06875 0.5921875 0.1375 0.2
0 0.75703125 0.0640625 0.1984375 0.128125
0 0.2359375 0.9546875 0.2078125 0.090625
0 0.349081021875 0.3254106390625 0.972922 0.5906520000000001 0.2078125 0.121875 0.349081021875 0.3254106390625
0 0.775 0.9390625 0.349081021875 0.3254106390625 0.054156 0.20001600000000003 0.775 0.9390625
0 0.02578125 0.88125 0.0515625 0.215625
0 0.56796875 0.97578125 0.20625 0.0484375
0 0.0234375 0.41484375 0.046875 0.2046875
0 0.57421875 0.984375 0.2171875 0.03125