0 0.446875 0.384375 0.121875 0.1609375
0 0.40625 0.109375 0.1453125 0.15625
0 0.70703125 0.084375 0.125 0.121875
0 0.85 0.85546875 0.1328125 0.1375
0 0.4921875 0.63125 0.1484375 0.1375
0 0.50625 0.875 0.125 0.140625
0 0.28125 0.91796875 0.1484375 0.153125
0 0.240625 0.67578125 0.1296875 0.16875
0 0.20703125 0.43125 0.140625 0.1484375
0 0.15625 0.146875 0.1296875 0.1453125 0.760327 0.325258 0.140797 0.139565 0.15625 0.146875
0 0.9578125 0.05390625 0.084375 0.1078125
0 0.97734375 0.30546875 0.0453125 0.1328125
0 0.98359375 0.303125 0.0328125 0.125
0 0.978125 0.69375 0.04375 0.1953125
0 0.984375 0.69375 0.03125 0.1796875