0 0.38125 0.37890625 0.2390625 0.21875
0 0.5796875 0.2796875 0.1921875 0.2
0 0.5796875 0.7484375 0.2390625 0.2234375
0 0.1796875 0.9234375 0.234375 0.1375
0 0.7671875 0.1734375 0.215625 0.1921875
0 0.8921875 0.7984375 0.2078125 0.16875
0 0.703125 0.91015625 0.21875 0.1640625
0 0.94140625 0.5546875 0.1015625 0.203125
0 0.1734375 0.4859375 0.215625 0.215625
0 0.69140625 0.4546875 0.203125 0.215625
0 0.16484375 0.0484375 0.1984375 0.096875
0 0.4921875 0.5609375 0.2109375 0.2
0 0.8921875 0.359375 0.2 0.171875
0 0.07421875 0.75390625 0.1484375 0.171875
0 0.271875 0.6546875 0.1953125 0.16875
0 0.384375 0.85 0.1921875 0.1765625
0 0.21016843281250003 0.16292605 0.9453125 0.09765625 0.187732 0.144735 0.21016843281250003 0.16292605
0 0.21016843281250003 0.16292605 0.109375 0.171875 0.798133 0.639637 0.21016843281250003 0.16292605
0 0.9375 0.95546875 0.125 0.0890625
0 0.02421875 0.11015625 0.0484375 0.2015625
0 0.49375 0.971875 0.203125 0.05625
0 0.03671875 0.56171875 0.0734375 0.190625
0 0.3609375 0.01796875 0.171875 0.0359375