0 0.8984375 0.7171875 0.171875 0.16875
0 0.4046875 0.5796875 0.1765625 0.153125
0 0.2421875 0.4375 0.1796875 0.1875
0 0.38671875 0.3109375 0.1796875 0.16875
0 0.9125 0.9609375 0.16875 0.0703125
0 0.5859375 0.7359375 0.15625 0.1765625
0 0.25390625 0.7484375 0.15625 0.153125
0 0.75625 0.87890625 0.1453125 0.15625
0 0.7359375 0.5859375 0.1609375 0.171875
0 0.56640625 0.4359375 0.15625 0.153125
0 0.88671875 0.42578125 0.1640625 0.1609375
0 0.7109375 0.2875 0.171875 0.1453125
0 0.5546875 0.15 0.16875 0.1484375
0 0.4140625 0.88671875 0.1796875 0.1609375
0 0.08203125 0.9078125 0.1609375 0.1609375
0 0.5921875 0.9765625 0.203125 0.046875
0 0.96875 0.5453125 0.0625 0.1609375
0 0.06875 0.2859375 0.1375 0.1328125
0 0.21484375 0.1484375 0.1375 0.1328125
0 0.36953125 0.0296875 0.1328125 0.059375
0 0.87421875 0.11875 0.1453125 0.15
0 0.17734375 0.0671875 0.70859375 0.03359375 0.150177 0.045942 0.24329499999999998 0.976909 0.17734375 0.0671875