0 0.82421875 0.4859375 0.1640625 0.16875
0 0.4296875 0.91015625 0.1640625 0.15625
0 0.2046875 0.3359375 0.16875 0.140625
0 0.859375 0.87890625 0.15625 0.1484375
0 0.62890625 0.69140625 0.1640625 0.1484375
0 0.228125 0.7109375 0.16875 0.1484375
0 0.415625 0.1421875 0.1609375 0.1609375
0 0.0375 0.5296875 0.075 0.1453125
0 0.6484375 0.3359375 0.15625 0.1484375
0 0.4234375 0.509375 0.16875 0.1453125
0 0.821875 0.134375 0.184375 0.1765625
0 0.0328125 0.159375 0.065625 0.1375
0 0.965625 0.3296875 0.06875 0.1625
0 0.096324465625 0.17808870000000002 0.965625 0.66953125 0.09864 0.142566 0.096324465625 0.17808870000000002
0 0.096324465625 0.17808870000000002 0.06875 0.1625 0.04932 0.899186 0.096324465625 0.17808870000000002
0 0.21171875 0.025 0.140625 0.05
0 0.95625 0.02578125 0.0875 0.0515625
0 0.62109375 0.01328125 0.14375 0.0265625
0 0.61953125 0.00859375 0.14375 0.0171875
0 0.2640625 0.971875 0.1546875 0.05625
0 0.6296875 0.9875 0.1625 0.025
0 0.62890625 0.99140625 0.15625 0.0171875
0 0.628125 0.9828125 0.1546875 0.034375