0 0.13671875 0.353125 0.2265625 0.2
0 0.353125 0.4984375 0.1921875 0.1765625
0 0.19140625 0.7359375 0.2109375 0.2078125
0 0.540625 0.2984375 0.1765625 0.16875
0 0.69375 0.0921875 0.1765625 0.1765625
0 0.290625 0.1421875 0.190625 0.2
0 0.41015625 0.88671875 0.1953125 0.1796875
0 0.5921875 0.6734375 0.1609375 0.153125
0 0.05625 0.05078125 0.1125 0.1015625
0 0.05078125 0.5546875 0.1015625 0.2109375
0 0.22485962499999998 0.0954473890625 0.090625 0.1375 0.05078125 0.93125 0.22485962499999998 0.0954473890625
0 0.965625 0.546875 0.06875 0.215625
0 0.98359375 0.37578125 0.0328125 0.1515625