0 0.73046875 0.384375 0.2109375 0.2
0 0.896875 0.7734375 0.2 0.2109375
0 0.696875 0.9203125 0.2078125 0.153125
0 0.928125 0.3984375 0.1375 0.171875
0 0.2984375 0.51171875 0.215625 0.1953125
0 0.44921875 0.734375 0.203125 0.1796875
0 0.53515625 0.3609375 0.21875 0.184375
0 0.0921875 0.1046875 0.184375 0.209375
0 0.9234375 0.196875 0.1453125 0.2
0 0.9390625 0.05078125 0.1140625 0.1015625
0 0.9296875 0.5796875 0.1328125 0.1765625
0 0.09765625 0.4984375 0.1953125 0.16875
0 0.7578125 0.0375 0.1875 0.075
0 0.3015625 0.1203125 0.21875 0.2
0 0.1109375 0.6859375 0.184375 0.184375
0 0.47734375 0.07109375 0.1875 0.1421875
0 0.40625 0.915625 0.1875 0.1484375
0 0.19375 0.83203125 0.16875 0.1609375
0 0.24375 0.671875 0.1296875 0.109375
0 0.72890625 0.14609375 0.1921875 0.1703125
0 0.2524137890625 0.16466920000000002 0.372967 0.029316 0.16499 0.058601 0.2524137890625 0.16466920000000002
0 0.57109375 0.03359375 0.203125 0.0671875
0 0.56015625 0.17734375 0.1625 0.1765625
0 0.51640625 0.5421875 0.1765625 0.159375
0 0.97421875 0.93828125 0.0515625 0.1234375
0 0.0546875 0.04140625 0.109375 0.0828125
0 0.02578125 0.13046875 0.0515625 0.2
0 0.0546875 0.0390625 0.109375 0.078125
0 0.346875 0.96875 0.1796875 0.0625
0 0.0640625 0.22578125 0.128125 0.1640625
0 0.17578125 0.0234375 0.2375 0.046875