0 0.1734375 0.32421875 0.2234375 0.21875
0 0.9359375 0.571875 0.121875 0.1453125
0 0.8046875 0.41015625 0.1640625 0.1640625
0 0.259375 0.790625 0.23125 0.215625
0 0.1234375 0.6171875 0.1609375 0.171875
0 0.6859375 0.25390625 0.153125 0.1328125
0 0.228125 0.0609375 0.1765625 0.121875
0 0.509375 0.3671875 0.2078125 0.1875
0 0.06875 0.1546875 0.1375 0.1609375
0 0.87890625 0.1234375 0.1640625 0.16875
0 0.4609375 0.6734375 0.1796875 0.153125
0 0.59765625 0.81875 0.15625 0.1765625
0 0.3609375 0.196875 0.2 0.16875
0 0.1 0.921875 0.1765625 0.1484375
0 0.4234375 0.9296875 0.2078125 0.1328125
0 0.31640625 0.4921875 0.15625 0.1640625
0 0.64453125 0.5484375 0.1484375 0.1484375
0 0.775 0.709375 0.1375 0.1328125
0 0.853125 0.87890625 0.171875 0.1609375
0 0.5453125 0.0875 0.1875 0.175
0 0.05078125 0.46484375 0.1015625 0.171875
0 0.6984375 0.95078125 0.171875 0.0984375
0 0.375659715625 0.10551043906249999 0.725259 0.018339 0.16166799999999998 0.036646 0.375659715625 0.10551043906249999
0 0.375659715625 0.10551043906249999 0.059375 0.184375 0.9703125 0.296875 0.375659715625 0.10551043906249999
0 0.02578125 0.7625 0.0515625 0.1984375
0 0.975 0.0453125 0.05 0.090625
0 0.9859375 0.7609375 0.028125 0.1421875
0 0.9796875 0.76640625 0.040625 0.1546875