0 0.296875 0.515625 0.1875 0.1875
0 0.2046875 0.72265625 0.16875 0.125
0 0.4125 0.821875 0.1375 0.1453125
0 0.8296875 0.0625 0.153125 0.125
0 0.928125 0.759375 0.1375 0.184375
0 0.9234375 0.3109375 0.1453125 0.153125
0 0.0765625 0.42578125 0.1328125 0.1765625
0 0.53125 0.63125 0.140625 0.1484375
0 0.7265625 0.69375 0.140625 0.1328125
0 0.63671875 0.884375 0.121875 0.1609375
0 0.83203125 0.953125 0.140625 0.09375
0 0.0625 0.1484375 0.96875 0.5765625 0.12968200000000002 0.047411999999999996 0.065151 0.023705999999999998 0.0625 0.1484375
0 0.98046875 0.1171875 0.0390625 0.1421875
0 0.98515625 0.115625 0.0296875 0.1421875
0 0.990625 0.115625 0.01875 0.1375