0 0.1859375 0.38671875 0.1921875 0.1953125
0 0.44375 0.728125 0.1765625 0.2
0 0.1109375 0.6859375 0.2078125 0.215625
0 0.2484375 0.859375 0.2234375 0.2421875
0 0.3109375 0.56640625 0.1921875 0.2109375
0 0.75390625 0.44140625 0.171875 0.1953125
0 0.446875 0.41015625 0.1921875 0.1953125
0 0.2046875 0.109375 0.16875 0.1953125
0 0.72265625 0.73046875 0.1484375 0.1796875
0 0.5796875 0.59765625 0.184375 0.203125
0 0.63671875 0.2734375 0.1484375 0.171875
0 0.69140625 0.0375 0.1484375 0.075
0 0.8359375 0.165625 0.1796875 0.1609375
0 0.47265625 0.1171875 0.1484375 0.171875
0 0.946875 0.31640625 0.0984375 0.1796875
0 0.0640625 0.20859375 0.128125 0.1359375
0 0.05078125 0.49375 0.1015625 0.1484375
0 0.9078125 0.65625 0.184375 0.234375
0 0.195639284375 0.098451490625 0.405732 0.026901 0.201781 0.053802 0.195639284375 0.098451490625
0 0.195639284375 0.098451490625 0.140625 0.1171875 0.0796875 0.94140625 0.195639284375 0.098451490625
0 0.97890625 0.06640625 0.0421875 0.1328125
0 0.428125 0.953125 0.165625 0.09375
0 0.0171875 0.80703125 0.034375 0.196875
0 0.98515625 0.0671875 0.0296875 0.134375
0 0.2921875 0.259375 0.1125 0.103125