0 0.6328125 0.25703125 0.215625 0.16875
0 0.87890625 0.9359375 0.1796875 0.121875
0 0.859375 0.7046875 0.1484375 0.1921875
0 0.0859375 0.0609375 0.171875 0.121875
0 0.08203125 0.2796875 0.1640625 0.1921875
0 0.0625 0.796875 0.125 0.2109375
0 0.08203125 0.53984375 0.1640625 0.1875
0 0.91484375 0.0875 0.1609375 0.175
0 0.08125 0.9703125 0.1625 0.059375
0 0.62890625 0.82421875 0.1796875 0.1953125
0 0.57421875 0.446875 0.15625 0.16875
0 0.8984375 0.54296875 0.1953125 0.1796875
0 0.675 0.0484375 0.121875 0.0921875
0 0.6171875 0.9703125 0.1640625 0.0515625
0 0.3109375 0.4375 0.1296875 0.1609375
0 0.33984375 0.2328125 0.16875 0.1921875
0 0.153125 0.10625 0.31875 0.946875 0.18731199999999998 0.165907 0.547922 0.169815 0.153125 0.10625
0 0.3703125 0.51171875 0.165625 0.1296875
0 0.346875 0.74765625 0.15625 0.1609375
0 0.91953125 0.77734375 0.159375 0.1484375