0 0.3921875 0.09765625 0.2 0.1875
0 0.2484375 0.759375 0.2 0.1921875
0 0.4546875 0.6421875 0.1921875 0.2
0 0.7046875 0.5234375 0.1921875 0.203125
0 0.76171875 0.16015625 0.203125 0.171875
0 0.1109375 0.56875 0.184375 0.2
0 0.5859375 0.88671875 0.171875 0.1640625
0 0.93359375 0.0609375 0.125 0.121875
0 0.91015625 0.3734375 0.1640625 0.2078125
0 0.0796875 0.88671875 0.159375 0.1796875
0 0.5546875 0.2984375 0.171875 0.1921875
0 0.9671875 0.6 0.059375 0.1765625
0 0.8109375 0.7421875 0.2234375 0.1875
0 0.2109375 0.19375 0.2 0.16875
0 0.35 0.4203125 0.215625 0.1953125
0 0.0484375 0.3625 0.096875 0.190625
0 0.39609375 0.93515625 0.1953125 0.1296875
0 0.159375 0.096875 0.0796875 0.05 0.11308199999999999 0.152116 0.943459 0.923942 0.159375 0.096875
0 0.63125 0.0203125 0.209375 0.040625
0 0.0203125 0.6703125 0.040625 0.1796875
0 0.0140625 0.6703125 0.028125 0.1828125