0 0.44140625 0.8296875 0.1875 0.184375
0 0.44921875 0.353125 0.2109375 0.1921875
0 0.353125 0.63671875 0.1609375 0.1484375
0 0.53984375 0.0796875 0.1984375 0.159375
0 0.8671875 0.1546875 0.203125 0.16875
0 0.66796875 0.728125 0.2265625 0.184375
0 0.259375 0.9234375 0.2078125 0.1453125
0 0.3421875 0.165625 0.1765625 0.16875
0 0.7671875 0.9234375 0.1375 0.1375
0 0.5609375 0.94921875 0.1921875 0.09375
0 0.12890625 0.7484375 0.1484375 0.1453125
0 0.56640625 0.5546875 0.1875 0.1796875
0 0.240625 0.446875 0.1640625 0.1765625
0 0.6546875 0.25390625 0.1609375 0.1375
0 0.76171875 0.45703125 0.121875 0.1375
0 0.859375 0.640625 0.184375 0.153125
0 0.9453125 0.8203125 0.109375 0.1640625
0 0.94140625 0.3765625 0.1171875 0.1609375
0 0.1390625 0.26953125 0.1609375 0.140625
0 0.0625 0.084375 0.125 0.16875
0 0.240625 0.04140625 0.2140625 0.0828125
0 0.7671875 0.04140625 0.21328125 0.0828125 0.2098842625 0.092314640625 0.7671875 0.04140625
0 0.2098842625 0.092314640625 0.088914 0.103365 0.044457 0.555052 0.2098842625 0.092314640625
0 0.06484375 0.98125 0.1296875 0.0375
0 0.98671875 0.075 0.0265625 0.1390625
0 0.0171875 0.35546875 0.034375 0.146875
0 0.990625 0.075 0.01875 0.1359375
0 0.06640625 0.98515625 0.1328125 0.0296875
0 0.01171875 0.8453125 0.0234375 0.171875
0 0.01171875 0.35546875 0.0234375 0.1484375
0 0.9921875 0.5609375 0.015625 0.1484375
0 0.98671875 0.553125 0.0265625 0.1546875
0 0.98671875 0.55859375 0.0265625 0.15
0 0.00859375 0.8453125 0.0171875 0.1671875
0 0.01640625 0.84765625 0.0328125 0.1734375
0 0.00859375 0.35546875 0.0171875 0.1453125