0 0.540625 0.734375 0.153125 0.09375
0 0.23046875 0.9546875 0.1640625 0.0828125
0 0.2046875 0.49609375 0.1171875 0.1328125
0 0.5171875 0.23828125 0.1796875 0.090625
0 0.9546875 0.26171875 0.0828125 0.1484375
0 0.7484375 0.1484375 0.1609375 0.1375
0 0.18359375 0.2734375 0.1453125 0.15625
0 0.8265625 0.73046875 0.1640625 0.1609375
0 0.796875 0.46484375 0.121875 0.1296875
0 0.1875 0.0859375 0.1859375 0.04296875 0.165576 0.068186 0.511692 0.9658300000000001 0.1875 0.0859375
0 0.81796875 0.23671875 0.15 0.1234375
0 0.52265625 0.0421875 0.190625 0.084375
0 0.81015625 0.03515625 0.1953125 0.0703125