0 0.259375 0.82421875 0.1671875 0.1484375
0 0.8984375 0.78515625 0.1875 0.1796875
0 0.54296875 0.19921875 0.1796875 0.1484375
0 0.415625 0.94140625 0.1765625 0.109375
0 0.2171875 0.2171875 0.16875 0.1453125
0 0.5796875 0.7984375 0.1765625 0.1609375
0 0.696875 0.0625 0.1765625 0.125
0 0.5859375 0.4984375 0.2109375 0.1609375
0 0.73046875 0.66015625 0.1796875 0.1640625
0 0.3671875 0.3671875 0.140625 0.1484375
0 0.3671875 0.0640625 0.1375 0.121875
0 0.72265625 0.34375 0.15625 0.140625
0 0.8921875 0.49375 0.1765625 0.140625
0 0.22265625 0.50625 0.1765625 0.1484375
0 0.0640625 0.37578125 0.128125 0.1453125
0 0.053125 0.6546875 0.10625 0.171875
0 0.38125 0.646875 0.140625 0.153125
0 0.73359375 0.93515625 0.1484375 0.1296875
0 0.0953125 0.94921875 0.190625 0.1015625
0 0.0484375 0.07421875 0.096875 0.1484375
0 0.19189600625 0.12369354375 0.9773820000000001 0.056768 0.045045 0.113012 0.19189600625 0.12369354375
0 0.19189600625 0.12369354375 0.1765625 0.125 0.87578125 0.1734375 0.19189600625 0.12369354375
0 0.98515625 0.63125 0.0296875 0.1671875
0 0.98671875 0.325 0.0265625 0.1390625
0 0.98359375 0.05703125 0.0328125 0.1109375
0 0.98046875 0.63125 0.0390625 0.1609375
0 0.99140625 0.3265625 0.0171875 0.1375