0 0.3109375 0.6796875 0.1921875 0.171875
0 0.56875 0.321875 0.2 0.184375
0 0.6484375 0.59765625 0.171875 0.1796875
0 0.8921875 0.2421875 0.1921875 0.171875
0 0.7171875 0.88125 0.1765625 0.16875
0 0.3921875 0.928125 0.1765625 0.1375
0 0.4546875 0.4859375 0.16875 0.184375
0 0.8359375 0.7109375 0.171875 0.1640625
0 0.2171875 0.8296875 0.2 0.1921875
0 0.13125 0.57421875 0.1765625 0.1796875
0 0.7421875 0.41796875 0.1953125 0.1796875
0 0.2421875 0.4 0.1609375 0.184375
0 0.0453125 0.759375 0.090625 0.1921875
0 0.5140625 0.78515625 0.1875 0.1953125
0 0.90625 0.946875 0.1875 0.10625
0 0.205963071875 0.22924703906250002 0.935659 0.530915 0.12868200000000002 0.16933800000000002 0.205963071875 0.22924703906250002
0 0.205963071875 0.22924703906250002 0.0671875 0.171875 0.96640625 0.81875 0.205963071875 0.22924703906250002
0 0.08046875 0.97734375 0.1609375 0.0453125
0 0.37109375 0.203125 0.15625 0.165625
0 0.61640625 0.98515625 0.1890625 0.0296875
0 0.61875 0.98828125 0.196875 0.0234375
0 0.0734375 0.984375 0.146875 0.03125