0 0.4046875 0.8734375 0.2390625 0.2234375
0 0.7875 0.9046875 0.2 0.1765625
0 0.19140625 0.696875 0.1953125 0.2
0 0.921875 0.1796875 0.1484375 0.2109375
0 0.696875 0.5234375 0.215625 0.2265625
0 0.5484375 0.7109375 0.1921875 0.234375
0 0.91015625 0.7171875 0.171875 0.215625
0 0.5796875 0.1859375 0.23125 0.2390625
0 0.0921875 0.3359375 0.184375 0.2109375
0 0.36640625 0.05625 0.2578125 0.1125
0 0.31875 0.5296875 0.2078125 0.184375
0 0.0765625 0.884375 0.153125 0.2078125
0 0.20703125 0.17578125 0.140625 0.1453125
0 0.4375 0.375 0.1765625 0.1765625
0 0.23557060000000002 0.10523824687500001 0.71796875 0.05625 0.23450700000000002 0.049468 0.23557060000000002 0.10523824687500001
0 0.23557060000000002 0.10523824687500001 0.1640625 0.1125 0.252163 0.9752660000000001 0.23557060000000002 0.10523824687500001
0 0.9625 0.5640625 0.075 0.175
0 0.79609375 0.36015625 0.15625 0.1421875
0 0.659375 0.9828125 0.2 0.034375
0 0.0234375 0.5296875 0.046875 0.209375
0 0.6609375 0.9875 0.203125 0.025