0 0.6796875 0.509375 0.1640625 0.16875
0 0.2109375 0.09765625 0.1640625 0.15625
0 0.6109375 0.2875 0.1609375 0.16875
0 0.78515625 0.69921875 0.1484375 0.15625
0 0.62890625 0.94921875 0.15625 0.09375
0 0.90625 0.8984375 0.15625 0.1328125
0 0.4359375 0.5546875 0.1765625 0.140625
0 0.5484375 0.7734375 0.1375 0.109375
0 0.34765625 0.353125 0.125 0.1140625
0 0.9671875 0.384375 0.059375 0.1375
0 0.31061551249999997 0.089359259375 0.45860700000000004 0.035237000000000004 0.162763 0.07047400000000001 0.31061551249999997 0.089359259375
0 0.31061551249999997 0.089359259375 0.1234375 0.1578125 0.93828125 0.16953125 0.31061551249999997 0.089359259375