0 0.109375 0.6859375 0.1953125 0.2
0 0.8984375 0.29296875 0.1953125 0.2109375
0 0.7921875 0.103125 0.21875 0.20625
0 0.3109375 0.10546875 0.184375 0.1796875
0 0.9046875 0.7359375 0.184375 0.184375
0 0.28515625 0.5546875 0.1796875 0.1484375
0 0.3921875 0.28515625 0.215625 0.2109375
0 0.51171875 0.4671875 0.2109375 0.1921875
0 0.60546875 0.19140625 0.2109375 0.2109375
0 0.7171875 0.8734375 0.2234375 0.1921875
0 0.3921875 0.7734375 0.184375 0.1640625
0 0.2046875 0.38671875 0.2 0.1953125
0 0.8109375 0.5609375 0.2234375 0.2
0 0.7109375 0.38671875 0.171875 0.1953125
0 0.1 0.19921875 0.1453125 0.153125
0 0.625 0.6703125 0.1875 0.15625
0 0.5140625 0.94140625 0.1953125 0.1171875
0 0.0375 0.4828125 0.075 0.15625
0 0.5015625 0.0453125 0.2 0.090625
0 0.1953125 0.8765625 0.125 0.1171875
0 0.9546875 0.9296875 0.090625 0.1171875 0.046183999999999996 0.939228 0.092253 0.121543 0.9546875 0.9296875
0 0.9484375 0.0421875 0.103125 0.084375
0 0.03671875 0.0515625 0.0734375 0.103125
0 0.19921875 0.02109375 0.209375 0.0421875
0 0.30234375 0.97890625 0.2 0.0421875