0 0.21484375 0.421875 0.18359375 0.43359375 0.171875 0.46484375 0.1328125 0.49609375 0.13671875 0.578125 0.1484375 0.58203125 0.1640625 0.60546875 0.16015625 0.6171875 0.19921875 0.625 0.24016429687500002 0.6287180078125 0.296875 0.609375 0.3203125 0.58984375 0.3125 0.5 0.3203125 0.49609375 0.3203125 0.48046875 0.29296875 0.4375 0.25390625 0.421875 0.21484375 0.421875
0 0.5390625 0.53515625 0.5 0.45703125 0.40625 0.4453125 0.37109375 0.47265625 0.3515625 0.50390625 0.34765625 0.57421875 0.3515625 0.57421875 0.359375 0.62109375 0.3984375 0.625 0.51953125 0.59375 0.5390625 0.53515625
0 0.214249640625 0.612513925 0.13326648125 0.6816512546875 0.1289473953125 0.6719288484375 0.1419047234375 0.745387284375 0.21101029375000002 0.797240375 0.267158684375 0.7885981640625 0.3092698671875 0.705417284375 0.3092698671875 0.65680503125 0.214249640625 0.612513925
0 0.2909136484375 0.7129791171875001 0.307110325 0.801561371875 0.3546203984375 0.8555749562500001 0.479874359375 0.8404512140625 0.5025495890625 0.7378254531249999 0.475555203125 0.647082590625 0.3657147890625 0.6244141328125 0.2909136484375 0.7129791171875001
0 0.48828125 0.7890625 0.48828125 0.828125 0.515625 0.859375 0.55078125 0.859375 0.58984375 0.828125 0.609375 0.84375 0.6328125 0.8359375 0.6640625 0.79296875 0.671875 0.765625 0.68359375 0.7578125 0.672074278125 0.70757778125 0.6504788546875 0.661126140625 0.58245301875 0.65680503125 0.534942871875 0.6708485468750001 0.4820339015625 0.7194607578125 0.48828125 0.7890625
0 0.8945080781250001 0.8836620546875 0.9984375 0.9128293828125 0.9948521765624999 0.7033599453125 0.8923484609375001 0.73566484375 0.8459181953125 0.77887571875 0.8448383875 0.8328892343750001 0.8945080781250001 0.8836620546875
0 0.216409184375 0.9984375 0.246642921875 0.9333545000000001 0.22180807812499997 0.8987857968749999 0.1397451796875 0.891223890625 0.1073518984375 0.8879831250000001 0.07819804375 0.9074280124999999 0.051146093749999996 0.9924230703125 0.216409184375 0.9984375
0 0.2770525703125 0.996066721875 0.467996840625 0.9984375 0.46259795 0.957120453125 0.40968897968749995 0.9214715984374999 0.3438226875 0.9160702234375 0.2770525703125 0.996066721875
0 0.6499197078125001 0.9972812734375 0.816764265625 0.9981707578125001 0.80164739375 0.9311939640625001 0.7109461828125 0.9236320546875 0.681792253125 0.9365953390625 0.6499197078125001 0.9972812734375
0 0.9484967031249999 0.6795390046875001 0.9984375 0.6957430859375 0.9984375 0.505388140625 0.9117845625 0.5401840390625 0.8783113984375 0.5898764843750001 0.8923484609375001 0.642809765625 0.9484967031249999 0.6795390046875001
0 0.578125 0.65234375 0.6875 0.640625 0.70703125 0.625 0.71484375 0.6015625 0.71484375 0.5625 0.703125 0.53515625 0.671875 0.51171875 0.609375 0.48828125 0.5859375 0.48828125 0.5546875 0.49609375 0.53515625 0.5234375 0.53125 0.59375 0.53515625 0.609375 0.578125 0.65234375
0 0.8391566046875001 0.6681252265625 0.87266490625 0.5970548484375 0.87400528125 0.5031882921874999 0.8190515156249999 0.4683235078125 0.768118875 0.45089111718749997 0.6997095859375 0.4961790234375 0.691719640625 0.535371046875 0.6903792656250001 0.6573976140625 0.71182473125 0.681534734375 0.8029677375000001 0.708353796875 0.8391566046875001 0.6681252265625
0 0.3941653234375 0.2175656296875 0.41829135937500006 0.3315464453125 0.536240784375 0.3999349765625 0.5751105890625 0.3610474015625 0.5938751203125 0.2457255890625 0.536240784375 0.1679504609375 0.4494423828125 0.16299196093749999 0.3941653234375 0.2175656296875
0 0.4062263953125 0.0876431984375 0.49200771093749995 0.1774869140625 0.5938733593750001 0.18821453125 0.62604128125 0.17480502343749998 0.560364875 0 0.461503453125 0.007705682812500001 0.388801965625 0.0460736609375 0.4062263953125 0.0876431984375
0 0.7104824062499999 0.2941496484375 0.7681169296875 0.2458753984375 0.7547137187499999 0.146645015625 0.6409118671875 0.113240046875 0.58181015625 0.23246589062499998 0.6300622265625 0.2753763984375 0.7104824062499999 0.2941496484375
0 0.7265625 0.46875 0.796875 0.453125 0.8125 0.46484375 0.80859375 0.4140625 0.859375 0.33984375 0.859375 0.30078125 0.7890625 0.27734375 0.7421875 0.30859375 0.7421875 0.33984375 0.71484375 0.3515625 0.6953125 0.40234375 0.69140625 0.4453125 0.70703125 0.44140625 0.7265625 0.46875
0 0.99609375 0.13671875 0.9453125 0.18359375 0.9375 0.21484375 0.93359375 0.28515625 0.96875 0.31640625 0.99609375 0.30859375 0.99609375 0.13671875
0 0.9296875 0.44921875 0.99609375 0.48828125 0.9921875 0.33203125 0.94140625 0.3671875 0.93359375 0.3984375 0.9296875 0.44921875
0 0.3828125 0.21484375 0.3671875 0.19140625 0.296875 0.18359375 0.22265625 0.2109375 0.1875 0.25390625 0.171875 0.29296875 0.1875 0.328125 0.2265625 0.375 0.265625 0.38671875 0.34375 0.34375 0.3828125 0.21484375
0 0.707795996875 0.32300819999999997 0.649957671875 0.28058739374999997 0.6232116421875 0.47699908906250005 0.6635650546875 0.4892861671875 0.7064556203125 0.399442453125 0.707795996875 0.32300819999999997
0 0.5751028 0.3364177078125 0.649957671875 0.28058739374999997 0.20337 0.20837599999999998 0.585272 0.755612 0.6232116421875 0.47699908906250005 0.571081671875 0.46112620625 0.5751028 0.3364177078125
0 0.2265625 0.528125 0.196875 0.2046875
0 0.4921875 0.2796875 0.2078125 0.21875
0 0.503125 0.09453125 0.228125 0.1890625
0 0.615625 0.56953125 0.1828125 0.1671875
0 0.275 0.2796875 0.19375 0.1921875
0 0.934375 0.80234375 0.13125 0.215625
0 0.6734375 0.20546875 0.1875 0.1828125
0 0.05390625 0.06484375 0.1078125 0.1296875
0 0.44140625 0.53046875 0.1953125 0.1859375
0 0.40390625 0.7296875 0.190625 0.228125
0 0.78828125 0.3671875 0.2109375 0.2015625
0 0.7875 0.57265625 0.1796875 0.2359375
0 0.93984375 0.5921875 0.1203125 0.1890625
0 0.21953125 0.7 0.1828125 0.18125
0 0.63359375 0.3859375 0.14375 0.20625
0 0.15859375 0.94453125 0.20625 0.1109375
0 0.975 0.228125 0.05 0.1953125
0 0.04453125 0.2234375 0.0890625 0.215625
0 0.7390625 0.95859375 0.1828125 0.0828125
0 0.378125 0.96171875 0.1890625 0.0765625
0 0.96328125 0.4171875 0.0734375 0.1640625
0 0.553125 0.97265625 0.1453125 0.0546875