0 0.275 0.1265625 0.121875 0.140625
0 0.0625 0.05859375 0.125 0.1171875
0 0.4765625 0.21875 0.1296875 0.1328125
0 0.5921875 0.053125 0.1296875 0.10625
0 0.80625 0.0921875 0.1328125 0.1453125
0 0.72265625 0.2796875 0.15625 0.15625
0 0.6078125 0.5 0.1453125 0.125
0 0.8140625 0.5625 0.1296875 0.1328125
0 0.7265625 0.75390625 0.1640625 0.1375
0 0.515625 0.6953125 0.1328125 0.140625
0 0.40234375 0.41015625 0.140625 0.1296875
0 0.19375 0.3109375 0.1171875 0.1015625
0 0.07421875 0.51171875 0.1484375 0.1328125
0 0.2953125 0.57421875 0.1328125 0.1328125
0 0.2015625 0.7734375 0.1328125 0.125
0 0.428125 0.86875 0.153125 0.1453125 0.9705299999999999 0.171397 0.058940000000000006 0.138959 0.428125 0.86875
0 0.02265625 0.69453125 0.0453125 0.1234375
0 0.02421875 0.2328125 0.0484375 0.125