0 0.91015625 0.896875 0.171875 0.2
0 0.421875 0.4359375 0.2109375 0.1609375
0 0.1109375 0.853125 0.2 0.1765625
0 0.5171875 0.165625 0.215625 0.2078125
0 0.296875 0.26171875 0.2109375 0.21875
0 0.3109375 0.7421875 0.2234375 0.1875
0 0.60546875 0.3421875 0.1640625 0.184375
0 0.915625 0.44375 0.1609375 0.1765625
0 0.81640625 0.2484375 0.2109375 0.2
0 0.7046875 0.5375 0.153125 0.1765625
0 0.19140625 0.09765625 0.1953125 0.171875
0 0.7171875 0.0625 0.1921875 0.125
0 0.41015625 0.0375 0.1953125 0.075
0 0.9609375 0.6171875 0.0703125 0.1640625
0 0.9609375 0.13671875 0.0703125 0.15625
0 0.1078125 0.3515625 0.16875 0.1921875
0 0.19921875 0.5390625 0.121875 0.125
0 0.5140625 0.6421875 0.1171875 0.1140625
0 0.63125 0.8203125 0.184375 0.15625
0 0.828125 0.7171875 0.153125 0.171875
0 0.4078125 0.9078125 0.2109375 0.16875
0 0.156239178125 0.2591984390625 0.096875 0.1875 0.0484375 0.6546875 0.156239178125 0.2591984390625
0 0.156239178125 0.2591984390625 0.736569 0.9601050000000001 0.205142 0.07979 0.156239178125 0.2591984390625
0 0.2171875 0.96953125 0.184375 0.0609375
0 0.91171875 0.02734375 0.1765625 0.0546875
0 0.9125 0.02734375 0.175 0.0546875
0 0.00859375 0.92421875 0.0171875 0.1515625