0 0.5921875 0.8046875 0.153125 0.15625
0 0.1546875 0.06640625 0.1609375 0.1328125
0 0.2484375 0.25390625 0.125 0.1375
0 0.57421875 0.30859375 0.1015625 0.10625
0 0.70703125 0.0609375 0.140625 0.121875
0 0.88671875 0.4140625 0.1328125 0.109375
0 0.97265625 0.6234375 0.0546875 0.153125
0 0.6890625 0.5234375 0.10625 0.1140625
0 0.4671875 0.609375 0.1375 0.10625
0 0.36328125 0.4453125 0.1015625 0.1140625
0 0.06875 0.334375 0.125 0.1328125
0 0.13671875 0.509375 0.0984375 0.09375
0 0.053125 0.80625 0.078125 0.09375
0 0.271875 0.72265625 0.1328125 0.1328125
0 0.7890625 0.7171875 0.078125 0.09375
0 0.9 0.87890625 0.109375 0.109375
0 0.1940156890625 0.1588022765625 0.96171875 0.16015625 0.13973 0.070987 0.1940156890625 0.1588022765625
0 0.1940156890625 0.1588022765625 0.07578125 0.15859375 0.692086 0.9645060000000001 0.1940156890625 0.1588022765625
0 0.884375 0.02109375 0.1484375 0.0421875
0 0.37421875 0.01875 0.18125 0.0375
0 0.1828125 0.9671875 0.153125 0.065625
0 0.0171875 0.16796875 0.034375 0.1375
0 0.01171875 0.16640625 0.0234375 0.1453125