0 0.384375 0.4859375 0.2 0.16875
0 0.1484375 0.5796875 0.1640625 0.1765625
0 0.16015625 0.10546875 0.1640625 0.15625
0 0.78515625 0.7671875 0.1875 0.1765625
0 0.6859375 0.578125 0.2078125 0.1875
0 0.0234375 0.6734375 0.046875 0.1375
0 0.6015625 0.390625 0.1640625 0.153125
0 0.48046875 0.2203125 0.153125 0.1484375
0 0.37578125 0.0484375 0.1671875 0.096875
0 0.2734375 0.2875 0.171875 0.1484375
0 0.06875 0.3765625 0.1296875 0.16875
0 0.49375 0.6625 0.1328125 0.1484375
0 0.59375 0.86328125 0.2 0.1484375
0 0.90390625 0.9296875 0.1921875 0.140625
0 0.26171875 0.7828125 0.1609375 0.153125
0 0.0640625 0.85078125 0.128125 0.1640625
0 0.3625 0.94296875 0.184375 0.1140625 0.049304178125 0.180074603125 0.3625 0.94296875
0 0.68046875 0.978125 0.1671875 0.04375
0 0.16640625 0.98046875 0.1796875 0.0390625
0 0.16875 0.98671875 0.19375 0.0265625
0 0.0140625 0.19453125 0.028125 0.1640625