0 0.2109375 0.6421875 0.171875 0.1765625
0 0.3671875 0.56640625 0.171875 0.15625
0 0.07421875 0.80078125 0.1484375 0.184375
0 0.3109375 0.37890625 0.153125 0.1328125
0 0.7734375 0.6171875 0.140625 0.140625
0 0.171875 0.44140625 0.1953125 0.1796875
0 0.38671875 0.1640625 0.109375 0.0984375
0 0.7734375 0.18359375 0.1328125 0.1140625
0 0.7265625 0.078125 0.1875 0.140625
0 0.66015625 0.484375 0.1328125 0.1484375
0 0.375 0.8921875 0.1140625 0.1140625
0 0.46484375 0.728125 0.1171875 0.125
0 0.5140625 0.87890625 0.1015625 0.121875
0 0.13671875 0.9453125 0.1921875 0.1015625
0 0.35990603125 0.1329653984375 0.6811550000000001 0.038728 0.119729 0.077456 0.35990603125 0.1329653984375
0 0.35990603125 0.1329653984375 0.078125 0.215625 0.9609375 0.271875 0.35990603125 0.1329653984375
0 0.86796875 0.02578125 0.1328125 0.0515625
0 0.02421875 0.1265625 0.0484375 0.140625
0 0.978125 0.5453125 0.04375 0.15625
0 0.9859375 0.8390625 0.028125 0.128125
0 0.99140625 0.83984375 0.0171875 0.128125
0 0.01640625 0.12734375 0.0328125 0.1359375