0 0.85546875 0.446875 0.21875 0.1921875
0 0.6734375 0.31640625 0.215625 0.2109375
0 0.2171875 0.8984375 0.2 0.1953125
0 0.165625 0.59765625 0.2390625 0.21875
0 0.8109375 0.134375 0.2 0.2
0 0.3671875 0.7359375 0.2421875 0.2
0 0.7109375 0.63125 0.25 0.2390625
0 0.51171875 0.1859375 0.203125 0.184375
0 0.32109375 0.0484375 0.1984375 0.096875
0 0.8921875 0.7484375 0.1296875 0.1765625
0 0.384375 0.359375 0.1765625 0.1484375
0 0.0625 0.7734375 0.125 0.1875
0 0.5328125 0.4921875 0.140625 0.15625
0 0.525 0.8765625 0.1609375 0.1640625
0 0.2015625 0.16796875 0.1640625 0.1484375
0 0.62890625 0.053125 0.1921875 0.10625
0 0.1015625 0.171875 0.94921875 0.30078125 0.132173 0.173523 0.06608699999999999 0.08676199999999999 0.1015625 0.171875
0 0.92109375 0.03984375 0.1578125 0.0796875
0 0.71640625 0.96796875 0.1703125 0.0640625
0 0.965625 0.58828125 0.06875 0.1640625
0 0.396875 0.96796875 0.1953125 0.0640625
0 0.97578125 0.92578125 0.0484375 0.1484375
0 0.04296875 0.4375 0.0859375 0.1734375
0 0.0453125 0.43828125 0.090625 0.175
0 0.98515625 0.9265625 0.0296875 0.146875