0 0.1796875 0.2734375 0.2109375 0.203125
0 0.3609375 0.1796875 0.2 0.1953125
0 0.3671875 0.6546875 0.2421875 0.2078125
0 0.565625 0.0796875 0.1875 0.159375
0 0.7796875 0.446875 0.215625 0.2078125
0 0.94921875 0.821875 0.09375 0.2
0 0.884375 0.1796875 0.2 0.1796875
0 0.8984375 0.634375 0.1875 0.1609375
0 0.290625 0.44140625 0.1984375 0.1796875
0 0.07421875 0.57421875 0.1484375 0.1953125
0 0.48046875 0.3609375 0.1953125 0.2
0 0.6734375 0.25390625 0.2 0.1484375
0 0.44921875 0.8359375 0.1796875 0.1796875
0 0.0796875 0.9671875 0.153125 0.0515625
0 0.9296875 0.3421875 0.1328125 0.1609375
0 0.5640625 0.540625 0.1875 0.15625
0 0.6625 0.7359375 0.1921875 0.1796875
0 0.7734375 0.9234375 0.215625 0.153125
0 0.584375 0.9703125 0.1453125 0.059375
0 0.2828125 0.9390625 0.1828125 0.121875
0 0.1484375 0.75390625 0.1796875 0.140625
0 0.16556083593749998 0.14693180625 0.7698889999999999 0.02853 0.181345 0.05706 0.16556083593749998 0.14693180625
0 0.16556083593749998 0.14693180625 0.078125 0.1640625 0.0390625 0.8671875 0.16556083593749998 0.14693180625
0 0.0265625 0.37421875 0.053125 0.18125
0 0.99140625 0.54296875 0.0171875 0.16875