0 0.10546875 0.07421875 0.1875 0.1484375
0 0.4296875 0.60546875 0.2109375 0.1796875
0 0.8296875 0.8734375 0.215625 0.2078125
0 0.9125 0.134375 0.16875 0.1765625
0 0.3421875 0.8921875 0.2234375 0.184375
0 0.53515625 0.7875 0.2109375 0.1765625
0 0.5234375 0.34765625 0.1953125 0.1953125
0 0.3984375 0.12890625 0.234375 0.1875
0 0.7109375 0.6859375 0.1875 0.1609375
0 0.7203125 0.23046875 0.1921875 0.1484375
0 0.2046875 0.228125 0.2 0.16875
0 0.9671875 0.3109375 0.059375 0.153125
0 0.61875 0.071875 0.1875 0.14375
0 0.05078125 0.3375 0.1015625 0.1796875
0 0.3109375 0.421875 0.21875 0.1875
0 0.1078125 0.5375 0.203125 0.184375
0 0.83203125 0.428125 0.1953125 0.1765625
0 0.9296875 0.609375 0.140625 0.15625
0 0.62109375 0.525 0.1453125 0.125
0 0.96640625 0.7984375 0.0671875 0.171875
0 0.6234375 0.9375 0.2109375 0.125
0 0.225 0.71875 0.15625 0.1453125
0 0.10859375 0.93515625 0.2078125 0.1296875 0.281754 0.022936 0.17740899999999998 0.045824 0.10859375 0.93515625
0 0.43203125 0.97890625 0.1984375 0.0421875
0 0.9296875 0.98203125 0.140625 0.0359375
0 0.92578125 0.9859375 0.1484375 0.028125
0 0.03125 0.79921875 0.0625 0.128125