0 0.4828125 0.140625 0.1640625 0.1453125
0 0.76953125 0.09375 0.1640625 0.1453125
0 0.51953125 0.41015625 0.121875 0.140625
0 0.1859375 0.1640625 0.109375 0.1015625
0 0.26171875 0.446875 0.1328125 0.1484375
0 0.2515625 0.678125 0.1171875 0.1375
0 0.55859375 0.65 0.140625 0.140625
0 0.87109375 0.61328125 0.1328125 0.1328125
0 0.9125 0.8828125 0.1453125 0.121875
0 0.6 0.91015625 0.1453125 0.153125
0 0.35703125 0.94296875 0.1359375 0.1140625
0 0.0706716453125 0.4600004703125 0.06586600000000001 0.137015 0.032959 0.7412620000000001 0.0706716453125 0.4600004703125
0 0.078125 0.9609375 0.121875 0.078125 0.0706716453125 0.4600004703125 0.078125 0.9609375
0 0.98515625 0.0609375 0.0296875 0.1140625
0 0.990625 0.06015625 0.01875 0.1109375