0 0.0484375 0.67890625 0.096875 0.1328125
0 0.04296875 0.0484375 0.0859375 0.096875
0 0.25390625 0.053125 0.121875 0.10625
0 0.259375 0.2828125 0.159375 0.1375
0 0.0328125 0.25703125 0.065625 0.1328125
0 0.040625 0.503125 0.08125 0.14375
0 0.259375 0.484375 0.1328125 0.1015625
0 0.2484375 0.6640625 0.1375 0.1296875
0 0.4921875 0.65234375 0.1453125 0.15625
0 0.7265625 0.4390625 0.1015625 0.10625
0 0.709375 0.25 0.1484375 0.125
0 0.95078125 0.4515625 0.0984375 0.140625
0 0.1549734140625 0.15491151718750001 0.939658 0.066381 0.12068300000000001 0.132761 0.1549734140625 0.15491151718750001
0 0.1549734140625 0.15491151718750001 0.1015625 0.1609375 0.94921875 0.66796875 0.1549734140625 0.15491151718750001
0 0.5 0.2515625 0.1484375 0.1421875
0 0.4859375 0.44375 0.1296875 0.1390625