0 0.19140625 0.82421875 0.2421875 0.2265625
0 0.21875 0.3671875 0.15625 0.1640625
0 0.16015625 0.1796875 0.1953125 0.171875
0 0.046875 0.44921875 0.09375 0.203125
0 0.0921875 0.0375 0.1609375 0.075
0 0.34765625 0.5296875 0.1953125 0.1765625
0 0.1234375 0.634375 0.184375 0.1375
0 0.025 0.2734375 0.05 0.15625
0 0.453125 0.665625 0.1609375 0.1171875
0 0.51953125 0.8296875 0.1328125 0.10625
0 0.6 0.953125 0.1609375 0.09375 0.13674059375 0.2611868984375 0.6 0.953125
0 0.13674059375 0.2611868984375 0.086978 0.18686 0.043489 0.906466 0.13674059375 0.2611868984375