0 0.5234375 0.571875 0.25 0.2546875
0 0.2109375 0.0921875 0.203125 0.184375
0 0.321875 0.7984375 0.2390625 0.2234375
0 0.0875 0.25859375 0.175 0.2296875
0 0.2796875 0.4234375 0.246875 0.246875
0 0.7484375 0.728125 0.2625 0.2390625
0 0.4359375 0.2171875 0.2625 0.2234375
0 0.896875 0.5296875 0.2 0.23125
0 0.103125 0.65390625 0.20625 0.2296875
0 0.9359375 0.8734375 0.121875 0.215625
0 0.8359375 0.165625 0.203125 0.215625
0 0.6859375 0.3671875 0.2390625 0.21875
0 0.62265625 0.05625 0.2234375 0.1125
0 0.22360794843749998 0.136244240625 0.56640625 0.9296875 0.230543 0.061778999999999994 0.22360794843749998 0.136244240625
0 0.22360794843749998 0.136244240625 0.21875 0.125 0.146042 0.96911 0.22360794843749998 0.136244240625
0 0.028125 0.859375 0.05625 0.19375
0 0.94453125 0.0296875 0.1109375 0.059375
0 0.9796875 0.30703125 0.040625 0.2125
0 0.99140625 0.30546875 0.0171875 0.203125