0 0.1417769546875 0.0033567109375 0.17106123281250002 0.0882823828125 0.238562428125 0.13462804687500002 0.30076951875 0.1306555546875 0.3735649046875 0.0538541984375 0.361652925 0 0.1417769546875 0.0033567109375
0 0.5390625 0.01171875 0.53125 0.08984375 0.55078125 0.1484375 0.66015625 0.19921875 0.6796875 0.1875 0.73046875 0.12890625 0.74609375 0.0546875 0.6796875 0 0.5390625 0.01171875
0 0.8125 0.1640625 0.9296875 0.17578125 0.9609375 0.19921875 0.99609375 0.12890625 0.9609375 0.00390625 0.7890625 0 0.78515625 0.109375 0.8125 0.1640625
0 0.26171875 0.37109375 0.265625 0.3359375 0.30859375 0.3125 0.2890625 0.2421875 0.23046875 0.17578125 0.1640625 0.171875 0.140625 0.19140625 0.13671875 0.2265625 0.10546875 0.25 0.11328125 0.3828125 0.1640625 0.40625 0.23046875 0.40234375 0.26171875 0.37109375
0 0.2421875 0.4609375 0.15625 0.44921875 0.08203125 0.4765625 0.0703125 0.55859375 0.0859375 0.65234375 0.13671875 0.671875 0.16796875 0.6640625 0.25 0.578125 0.2578125 0.51953125 0.2421875 0.4609375
0 0.6015625 0.40234375 0.5546875 0.39453125 0.49609375 0.4296875 0.48828125 0.55859375 0.515625 0.59375 0.56640625 0.6171875 0.640625 0.61328125 0.66015625 0.5703125 0.6640625 0.45703125 0.6015625 0.40234375
0 0.703125 0.5234375 0.70703125 0.60546875 0.7734375 0.65234375 0.86328125 0.640625 0.91796875 0.58203125 0.91796875 0.5078125 0.890625 0.45703125 0.796875 0.44921875 0.703125 0.5234375
0 0.8308919250000001 0.6269321875 0.7359798046875 0.657671871875 0.6909790703125 0.7146108359375 0.68700846875 0.8099504765625 0.724067825 0.8351095859375001 0.8458348156250001 0.8324613671875 0.898776934375 0.840406215625 0.9040713078125 0.7397700390625 0.8308919250000001 0.6269321875
0 0.49112249218750004 0.41535029999999995 0.6142129921875 0.4259435984375 0.67112570625 0.387542965625 0.6830376874999999 0.2630717421875 0.645978153125 0.24718177031250002 0.5175935515625001 0.2458576125 0.4964166875 0.3160381875 0.49112249218750004 0.41535029999999995
0 0.8934827390625 0.399460375 0.9530426453124999 0.28161002343749997 0.8963972375000001 0.2011476375 0.8114226515625 0.1836220234375 0.7545095703125 0.2604233828125 0.7743629328125 0.3676805234375 0.8934827390625 0.399460375
0 0.444798075 0.7344733203125 0.562594284375 0.8523237625 0.6605373203125 0.7874397656250001 0.7002438625 0.726528378125 0.67377289375 0.6589960734375 0.5822694765625 0.6016233125 0.46862203593749996 0.620595484375 0.444798075 0.7344733203125
0 0.12109375 0.8671875 0.0490556171875 0.8504096328124999 0.00390625 0.91015625 0 0.99609375 0.19464647968749998 0.9934189999999999 0.1774403046875 0.91396933125 0.12109375 0.8671875
0 0.625 0.92578125 0.189115 0.147759 0.09483899999999999 0.926018 0.44817309375000003 0.9258602140625 0.46875 0.90234375 0.54296875 0.875 0.57421875 0.875 0.625 0.92578125
0 0.5640625 0.50625 0.196875 0.21875
0 0.6375 0.09453125 0.2109375 0.1890625
0 0.2484375 0.0671875 0.209375 0.134375
0 0.55703125 0.72421875 0.2484375 0.2421875
0 0.8046875 0.73671875 0.2328125 0.2296875
0 0.19921875 0.29296875 0.2125 0.25
0 0.81171875 0.54609375 0.221875 0.209375
0 0.853125 0.2953125 0.203125 0.2234375
0 0.16796875 0.5515625 0.1984375 0.209375
0 0.5765625 0.3328125 0.2 0.16875
0 0.515625 0.93515625 0.2203125 0.1296875
0 0.0390625 0.24765625 0.078125 0.215625
0 0.0390625 0.47734375 0.078125 0.21875
0 0.765625 0.95390625 0.2078125 0.090625
0 0.88203125 0.1 0.2265625 0.2
0 0.88203125 0.1 0.2265625 0.2