0 0.4609375 0.3734375 0.1640625 0.1453125
0 0.76171875 0.4609375 0.1640625 0.1484375
0 0.5546875 0.5484375 0.140625 0.153125
0 0.1546875 0.2875 0.153125 0.1375
0 0.790625 0.9234375 0.1765625 0.1375
0 0.9453125 0.8421875 0.1015625 0.153125
0 0.94375 0.3734375 0.10625 0.1765625
0 0.2359375 0.9359375 0.1375 0.121875
0 0.24765625 0.025 0.1515625 0.05
0 0.36328125 0.6578125 0.153125 0.1375
0 0.671875 0.75 0.153125 0.1296875
0 0.8515625 0.671875 0.1484375 0.125
0 0.65234375 0.28515625 0.1453125 0.125
0 0.8609375 0.178125 0.1609375 0.140625
0 0.5390625 0.109375 0.1484375 0.125
0 0.353125 0.196875 0.15625 0.1484375
0 0.05859375 0.0859375 0.1171875 0.1296875
0 0.2578125 0.478125 0.16875 0.1453125
0 0.06875 0.553125 0.1375 0.1453125
0 0.15 0.74609375 0.171875 0.140625
0 0.45703125 0.8375 0.1453125 0.1375
0 0.203125 0.0859375 0.7578125 0.04296875 0.157491 0.046491 0.583256 0.97653 0.203125 0.0859375
0 0.06875 0.97890625 0.1375 0.0421875
0 0.071875 0.984375 0.1421875 0.03125
0 0.0109375 0.84296875 0.021875 0.1765625
0 0.00859375 0.83828125 0.0171875 0.1734375
0 0.01328125 0.84453125 0.0265625 0.1796875
0 0.9859375 0.0921875 0.028125 0.1578125