0 0.478125 0.8984375 0.2 0.171875
0 0.9046875 0.7046875 0.184375 0.1609375
0 0.6859375 0.81640625 0.2 0.1484375
0 0.3671875 0.25390625 0.1875 0.15625
0 0.16015625 0.3359375 0.21875 0.1875
0 0.26171875 0.06640625 0.1875 0.1328125
0 0.5921875 0.63125 0.1921875 0.1765625
0 0.1734375 0.8046875 0.16875 0.15625
0 0.0796875 0.16015625 0.153125 0.15625
0 0.57421875 0.146875 0.1640625 0.15625
0 0.78125 0.05859375 0.171875 0.1171875
0 0.88671875 0.2359375 0.15625 0.1484375
0 0.68359375 0.33203125 0.1640625 0.1484375
0 0.9453125 0.4125 0.109375 0.184375
0 0.78515625 0.5234375 0.1875 0.1765625
0 0.49609375 0.428125 0.1953125 0.1453125
0 0.2484375 0.540625 0.171875 0.125
0 0.0625 0.6390625 0.125 0.1296875
0 0.365625 0.7203125 0.1640625 0.153125
0 0.2515625 0.95703125 0.203125 0.0859375
0 0.80078125 0.9453125 0.2078125 0.109375
0 0.24265527968749998 0.1152656671875 0.462238 0.024137 0.18264 0.048188999999999996 0.24265527968749998 0.1152656671875
0 0.24265527968749998 0.1152656671875 0.10625 0.171875 0.946875 0.90234375 0.24265527968749998 0.1152656671875
0 0.94765625 0.0234375 0.1046875 0.046875
0 0.01875 0.90703125 0.0375 0.1453125
0 0.0203125 0.44140625 0.040625 0.15625
0 0.01328125 0.440625 0.0265625 0.15
0 0.0125 0.903125 0.025 0.1390625
0 0.95078125 0.01796875 0.0984375 0.0359375