0 0.8984375 0.50390625 0.1953125 0.2421875
0 0.8984375 0.8734375 0.1953125 0.2390625
0 0.72265625 0.6859375 0.2421875 0.2546875
0 0.50625 0.85546875 0.2390625 0.2265625
0 0.321875 0.6734375 0.2546875 0.246875
0 0.5296875 0.4921875 0.246875 0.2578125
0 0.76171875 0.321875 0.2265625 0.2390625
0 0.13125 0.4859375 0.23125 0.2234375
0 0.56640625 0.1234375 0.2421875 0.23125
0 0.1 0.82421875 0.2 0.25
0 0.32421875 0.28515625 0.1875 0.1953125
0 0.2953125 0.95703125 0.203125 0.0859375 0.0591294875 0.2404510546875 0.2953125 0.95703125
0 0.709375 0.97109375 0.2296875 0.0578125
0 0.3734375 0.01640625 0.2140625 0.0328125
0 0.0140625 0.6359375 0.0265625 0.1953125
0 0.02265625 0.95390625 0.04375 0.0921875
0 0.009375 0.634375 0.01875 0.203125