0 0.44921875 0.2046875 0.140625 0.1296875
0 0.6484375 0.30078125 0.1328125 0.1375
0 0.76171875 0.56640625 0.1484375 0.140625
0 0.678125 0.759375 0.1328125 0.1375
0 0.88671875 0.8453125 0.1484375 0.125
0 0.3734375 0.85 0.16875 0.1296875
0 0.56640625 0.94921875 0.1171875 0.1015625
0 0.1421875 0.7875 0.1296875 0.1453125
0 0.25 0.5921875 0.153125 0.1765625
0 0.23828125 0.1265625 0.1375 0.1140625
0 0.7421875 0.11328125 0.1375 0.1484375
0 0.521875 0.05078125 0.140625 0.1015625
0 0.1137039765625 0.11349661874999999 0.31673300000000004 0.018071 0.119062 0.036142 0.1137039765625 0.11349661874999999
0 0.0453125 0.0453125 0.090625 0.090625
0 0.3140625 0.01171875 0.128125 0.0234375
0 0.0125 0.6875 0.025 0.1578125