0 0.9296875 0.475 0.1328125 0.2
0 0.5609375 0.6796875 0.23125 0.21875
0 0.09375 0.6859375 0.1875 0.1921875
0 0.88671875 0.76171875 0.2109375 0.2265625
0 0.759375 0.12890625 0.23125 0.203125
0 0.446875 0.4921875 0.2390625 0.21875
0 0.165625 0.8734375 0.2390625 0.2234375
0 0.6734375 0.8609375 0.2234375 0.2
0 0.446875 0.0625 0.215625 0.125
0 0.5484375 0.2109375 0.2234375 0.2109375
0 0.6734375 0.4046875 0.2234375 0.2234375
0 0.359375 0.3109375 0.21875 0.2
0 0.3609375 0.7734375 0.184375 0.1796875
0 0.2421875 0.12890625 0.2265625 0.1953125
0 0.1546875 0.4296875 0.2 0.203125
0 0.884375 0.2984375 0.2078125 0.1921875
0 0.0640625 0.23203125 0.128125 0.1796875
0 0.775 0.58203125 0.1796875 0.1375
0 0.2515625 0.60546875 0.1515625 0.1453125
0 0.2036753359375 0.22087744374999999 0.944562 0.9342370000000001 0.16875 0.121875 0.2036753359375 0.22087744374999999
0 0.45703125 0.9390625 0.2036753359375 0.22087744374999999 0.110876 0.131526 0.45703125 0.9390625
0 0.03359375 0.51015625 0.0671875 0.1953125
0 0.7953125 0.96796875 0.2109375 0.0640625
0 0.95 0.04140625 0.1 0.0828125
0 0.2625 0.98125 0.209375 0.0375
0 0.02109375 0.0703125 0.0421875 0.140625
0 0.14921875 0.0234375 0.2 0.046875
0 0.034375 0.94765625 0.06875 0.1046875
0 0.97890625 0.2015625 0.0421875 0.184375
0 0.64765625 0.0171875 0.1921875 0.034375
0 0.984375 0.1984375 0.03125 0.1796875