0 0.609375 0.10546875 0.3046875 0.2109375
0 0.13671875 0.0796875 0.2265625 0.159375
0 0.93359375 0.1796875 0.125 0.2109375
0 0.9140625 0.4921875 0.1640625 0.2421875
0 0.3671875 0.2875 0.2890625 0.2390625
0 0.6796875 0.9703125 0.21875 0.0515625
0 0.2359375 0.9046875 0.2234375 0.184375
0 0.7171875 0.6484375 0.16875 0.1484375
0 0.9 0.8515625 0.1375 0.1953125
0 0.3711496796875 0.11869827968749999 0.775215 0.028394000000000003 0.253057 0.056738 0.3711496796875 0.11869827968749999
0 0.3711496796875 0.11869827968749999 0.203125 0.15625 0.72265625 0.303125 0.3711496796875 0.11869827968749999
0 0.015625 0.09140625 0.03125 0.1765625
0 0.97109375 0.7015625 0.0578125 0.1859375