0 0.9234375 0.25 0.1453125 0.1875
0 0.6546875 0.6171875 0.1921875 0.1796875
0 0.8609375 0.53515625 0.1921875 0.1796875
0 0.76171875 0.359375 0.1953125 0.1796875
0 0.75390625 0.81640625 0.1796875 0.171875
0 0.6546875 0.1484375 0.2078125 0.1875
0 0.446875 0.2671875 0.1765625 0.159375
0 0.540625 0.446875 0.1921875 0.1609375
0 0.9359375 0.72265625 0.121875 0.171875
0 0.84765625 0.078125 0.1796875 0.15625
0 0.35234375 0.0796875 0.1828125 0.159375 0.551018 0.038927 0.202903 0.077855 0.35234375 0.0796875
0 0.88203125 0.96484375 0.1875 0.0703125
0 0.97734375 0.446875 0.0453125 0.1609375
0 0.9875 0.92265625 0.025 0.1546875
0 0.99140625 0.92421875 0.0171875 0.1515625