0 0.7359375 0.4546875 0.1375 0.1375
0 0.60546875 0.2484375 0.15625 0.1296875
0 0.94921875 0.81640625 0.09375 0.1328125
0 0.1546875 0.35546875 0.1296875 0.1328125
0 0.3296875 0.2265625 0.121875 0.1140625
0 0.51953125 0.0953125 0.125 0.10625
0 0.43359375 0.40625 0.1171875 0.1171875
0 0.834375 0.13125 0.10625 0.090625
0 0.9140625 0.321875 0.10625 0.125
0 0.040625 0.175 0.08125 0.125
0 0.21484375 0.05078125 0.1140625 0.1015625
0 0.2328125 0.5328125 0.1296875 0.125
0 0.85 0.640625 0.1296875 0.1375
0 0.671875 0.7484375 0.16875 0.140625
0 0.80078125 0.94921875 0.153125 0.1015625
0 0.46484375 0.8984375 0.121875 0.109375
0 0.36328125 0.7125 0.1171875 0.0859375
0 0.1625 0.8265625 0.1484375 0.121875
0 0.06640625 0.65234375 0.1328125 0.121875 0.6920550000000001 0.019454 0.135262 0.038907000000000004 0.06640625 0.65234375
0 0.54453125 0.559375 0.1375 0.1171875
0 0.96953125 0.02109375 0.0609375 0.0421875
0 0.02421875 0.959375 0.0484375 0.08125
0 0.9734375 0.01875 0.053125 0.0359375