0 0.5296875 0.0546875 0.16875 0.109375
0 0.859375 0.38671875 0.15625 0.140625
0 0.375 0.4046875 0.15625 0.1296875
0 0.7796875 0.109375 0.1921875 0.171875
0 0.478125 0.21875 0.1609375 0.1921875
0 0.67578125 0.28515625 0.1328125 0.140625
0 0.578125 0.48828125 0.15625 0.1609375
0 0.803125 0.5796875 0.121875 0.1328125
0 0.96875 0.6484375 0.0625 0.1484375
0 0.91015625 0.85546875 0.1640625 0.171875
0 0.95859375 0.17578125 0.0828125 0.1328125
0 0.25 0.1265625 0.1328125 0.140625
0 0.171875 0.29296875 0.1375 0.140625
0 0.0640625 0.05625 0.128125 0.1125
0 0.07421875 0.509375 0.121875 0.140625 0.043058929687500004 0.20332444062500002 0.07421875 0.509375
0 0.01171875 0.21875 0.0234375 0.1375