0 0.19140625 0.41015625 0.1640625 0.1796875
0 0.790625 0.7984375 0.2 0.1921875
0 0.321875 0.59765625 0.1921875 0.1875
0 0.509375 0.4609375 0.16875 0.171875
0 0.8359375 0.5171875 0.21875 0.184375
0 0.8921875 0.2109375 0.2 0.203125
0 0.37890625 0.3046875 0.1796875 0.15625
0 0.56640625 0.171875 0.1875 0.1796875
0 0.66015625 0.63671875 0.1953125 0.1796875
0 0.75390625 0.0625 0.1953125 0.125
0 0.7046875 0.3296875 0.2 0.1921875
0 0.2671875 0.8984375 0.159375 0.1796875
0 0.3984375 0.05078125 0.15625 0.1015625
0 0.478125 0.7671875 0.16875 0.1609375
0 0.1109375 0.7421875 0.16875 0.203125
0 0.5859375 0.9234375 0.203125 0.1375
0 0.2109375 0.10546875 0.15625 0.1484375
0 0.8984375 0.94140625 0.1796875 0.109375
0 0.0640625 0.25078125 0.128125 0.1796875
0 0.03515625 0.540625 0.0703125 0.171875
0 0.9375 0.725 0.125 0.1953125
0 0.121875 0.1875 0.9390625 0.40625 0.191143 0.026850000000000002 0.097013 0.013425000000000001 0.121875 0.1875
0 0.98671875 0.09375 0.0265625 0.1828125
0 0.9828125 0.09140625 0.034375 0.178125
0 0.43203125 0.9875 0.1703125 0.025
0 0.0953125 0.0078125 0.18125 0.015625
0 0.921875 0.0078125 0.15625 0.015625
0 0.98984375 0.09296875 0.0203125 0.1765625