0 0.915625 0.72265625 0.1609375 0.1953125
0 0.8421875 0.5296875 0.2 0.2
0 0.634375 0.625 0.2 0.15625
0 0.41796875 0.25390625 0.21875 0.2109375
0 0.540625 0.9046875 0.2 0.1765625
0 0.6109375 0.1421875 0.2234375 0.2
0 0.19140625 0.82421875 0.1484375 0.140625
0 0.96484375 0.4375 0.0625 0.15625
0 0.2046875 0.353125 0.171875 0.1375
0 0.30625 0.0703125 0.1875 0.140625
0 0.51171875 0.03515625 0.16875 0.0703125
0 0.0546875 0.44375 0.109375 0.1296875
0 0.41015625 0.7203125 0.1765625 0.153125
0 0.3265625 0.96484375 0.1796875 0.0703125
0 0.7359375 0.83203125 0.15625 0.1453125
0 0.0546875 0.90234375 0.109375 0.1765625
0 0.8515625 0.9546875 0.203125 0.090625
0 0.15625 0.140625 0.8453125 0.0703125 0.10570500000000001 0.10152900000000001 0.085428 0.154391 0.15625 0.140625
0 0.04296875 0.03515625 0.0859375 0.0703125
0 0.98046875 0.90078125 0.0390625 0.1796875
0 0.95390625 0.0390625 0.0921875 0.078125