0 0.7171875 0.5171875 0.2390625 0.2390625
0 0.725 0.7671875 0.1765625 0.1609375
0 0.671875 0.959375 0.171875 0.075
0 0.47265625 0.2796875 0.15625 0.121875
0 0.978125 0.53515625 0.0359375 0.125
0 0.97265625 0.78515625 0.046875 0.140625
0 0.98203125 0.05625 0.0265625 0.1125
0 0.4296875 0.7984375 0.171875 0.1453125
0 0.984375 0.2734375 0.0234375 0.125
0 0.953125 0.97265625 0.0859375 0.046875
0 0.3984375 0.48046875 0.1640625 0.1765625
0 0.7328125 0.25625 0.2 0.1875
0 0.74140625 0.0640625 0.1953125 0.128125
0 0.4359375 0.06875 0.16875 0.1375
0 0.36328125 0.95078125 0.1484375 0.0984375