0 0.290625 0.19375 0.1984375 0.1765625
0 0.0859375 0.1796875 0.171875 0.1796875
0 0.4921875 0.6171875 0.2109375 0.203125
0 0.25390625 0.384375 0.21875 0.2234375
0 0.66015625 0.4359375 0.1796875 0.215625
0 0.32890625 0.0484375 0.1609375 0.096875
0 0.22265625 0.78515625 0.1953125 0.1796875
0 0.0625 0.921875 0.125 0.1484375
0 0.9046875 0.6546875 0.184375 0.2546875
0 0.4375 0.946875 0.21875 0.0984375
0 0.0609375 0.540625 0.121875 0.1921875
0 0.5171875 0.05078125 0.1765625 0.1015625
0 0.47265625 0.2109375 0.1484375 0.1640625
0 0.68125 0.8265625 0.15625 0.16875
0 0.84765625 0.9625 0.1796875 0.075
0 0.21875 0.95703125 0.121875 0.0859375
0 0.140625 0.140625 0.0703125 0.37109375 0.194669 0.101396 0.128097 0.050698 0.140625 0.140625
0 0.76328125 0.03046875 0.196875 0.0609375
0 0.946875 0.2390625 0.10625 0.16875
0 0.9609375 0.0875 0.078125 0.175