0 0.22265625 0.06640625 0.1875 0.1328125
0 0.2171875 0.7421875 0.16875 0.15625
0 0.44921875 0.9359375 0.1796875 0.1140625
0 0.44140625 0.56640625 0.1875 0.15625
0 0.05078125 0.5921875 0.1015625 0.153125
0 0.85546875 0.2046875 0.1796875 0.153125
0 0.9765625 0.3734375 0.0390625 0.1375
0 0.6484375 0.04296875 0.171875 0.0859375
0 0.05078125 0.228125 0.1015625 0.1609375
0 0.4296875 0.2109375 0.1484375 0.1640625
0 0.2109375 0.4140625 0.1640625 0.15625
0 0.6421875 0.4 0.140625 0.1453125
0 0.8578125 0.56640625 0.1609375 0.16875
0 0.61875 0.74609375 0.15625 0.1328125
0 0.86875 0.89453125 0.1453125 0.153125
0 0.05859375 0.9453125 0.1171875 0.109375 0.9731350000000001 0.046038 0.053633 0.09165 0.05859375 0.9453125
0 0.98671875 0.72734375 0.0265625 0.1546875
0 0.99140625 0.728125 0.0171875 0.1515625
0 0.9796875 0.72890625 0.040625 0.15625