0 0.48046875 0.915625 0.1796875 0.1609375
0 0.08203125 0.853125 0.1640625 0.2
0 0.09765625 0.4546875 0.1953125 0.215625
0 0.640625 0.5859375 0.21875 0.203125
0 0.4234375 0.0625 0.1921875 0.125
0 0.8359375 0.93359375 0.1953125 0.125
0 0.8109375 0.44140625 0.215625 0.2265625
0 0.41015625 0.3671875 0.1953125 0.1796875
0 0.603125 0.19921875 0.23125 0.2109375
0 0.06875 0.103125 0.1375 0.1453125
0 0.6109375 0.05078125 0.153125 0.1015625
0 0.8421875 0.0625 0.23125 0.125
0 0.94140625 0.6421875 0.109375 0.184375
0 0.2875 0.6859375 0.1453125 0.1375
0 0.1890625 0.55625 0.1453125 0.1140625
0 0.4125 0.5453125 0.15625 0.1640625
0 0.5953125 0.40234375 0.125 0.1296875
0 0.25 0.30625 0.15625 0.15625
0 0.959375 0.18125 0.075 0.2109375
0 0.78515625 0.796875 0.171875 0.1484375
0 0.198907946875 0.23213149843749997 0.9559240000000001 0.934943 0.1953125 0.090625 0.198907946875 0.23213149843749997
0 0.2171875 0.9515625 0.198907946875 0.23213149843749997 0.088152 0.129306 0.2171875 0.9515625
0 0.96796875 0.24140625 0.0640625 0.1765625