0 0.853125 0.9046875 0.2078125 0.184375
0 0.41015625 0.8421875 0.21875 0.1921875
0 0.66015625 0.6859375 0.203125 0.2
0 0.821875 0.4984375 0.2078125 0.153125
0 0.1484375 0.93359375 0.1953125 0.125
0 0.725 0.0375 0.23125 0.075
0 0.896875 0.16015625 0.1640625 0.140625
0 0.959375 0.4546875 0.075 0.0984375
0 0.97265625 0.3296875 0.0546875 0.1484375
0 0.34821246562499997 0.40913647812500004 0.9769140000000001 0.891021 0.1953125 0.0515625 0.34821246562499997 0.40913647812500004
0 0.58984375 0.97421875 0.34821246562499997 0.40913647812500004 0.046171000000000004 0.17762899999999998 0.58984375 0.97421875