0 0.3734375 0.38125 0.121875 0.1296875
0 0.61875 0.3421875 0.1140625 0.1140625
0 0.95859375 0.2921875 0.0828125 0.15625
0 0.646875 0.5921875 0.1171875 0.109375
0 0.6890625 0.859375 0.15625 0.140625
0 0.4203125 0.665625 0.1484375 0.1453125
0 0.1328125 0.9296875 0.09375 0.0984375
0 0.0875 0.6890625 0.0984375 0.125
0 0.0609375 0.4515625 0.1015625 0.1328125
0 0.0375 0.1734375 0.075 0.125
0 0.35 0.109375 0.140625 0.125
0 0.584375 0.08203125 0.125 0.10625 0.1462910875 0.1174018953125 0.584375 0.08203125
0 0.1462910875 0.1174018953125 0.070478 0.12352300000000001 0.964637 0.546037 0.1462910875 0.1174018953125
0 0.928125 0.034375 0.1234375 0.06875
0 0.97734375 0.80859375 0.0453125 0.11875
0 0.984375 0.80390625 0.03125 0.115625