0 0.4609375 0.290625 0.1953125 0.1828125
0 0.66796875 0.19140625 0.2109375 0.1953125
0 0.3734375 0.56640625 0.1921875 0.1796875
0 0.1421875 0.2109375 0.1921875 0.171875
0 0.9359375 0.2796875 0.121875 0.184375
0 0.884375 0.56875 0.2 0.1765625
0 0.7734375 0.375 0.1953125 0.1875
0 0.34765625 0.1109375 0.1796875 0.1609375
0 0.1234375 0.66796875 0.1609375 0.1796875
0 0.884375 0.0859375 0.2078125 0.171875
0 0.546875 0.478125 0.1796875 0.1609375
0 0.2484375 0.384375 0.1609375 0.1765625
0 0.6734375 0.66015625 0.1609375 0.1640625
0 0.0609375 0.48046875 0.121875 0.1796875
0 0.4671875 0.7484375 0.1453125 0.1296875
0 0.7671875 0.8421875 0.1765625 0.15625
0 0.2671875 0.85546875 0.1296875 0.140625
0 0.5765625 0.921875 0.1921875 0.153125
0 0.94296875 0.77265625 0.1140625 0.1921875
0 0.0875 0.93359375 0.175 0.1328125 0.545059 0.030512 0.167096 0.060993 0.0875 0.93359375
0 0.89375 0.9703125 0.184375 0.059375
0 0.37734375 0.97578125 0.1640625 0.0484375
0 0.015625 0.771875 0.03125 0.175
0 0.01875 0.315625 0.0375 0.1546875
0 0.0125 0.31796875 0.025 0.1609375
0 0.01171875 0.771875 0.0234375 0.175
0 0.009375 0.775 0.01875 0.1796875