0 0.4671875 0.40234375 0.1171875 0.1328125
0 0.67578125 0.3140625 0.1171875 0.121875
0 0.88125 0.2046875 0.1328125 0.10625
0 0.95703125 0.390625 0.0859375 0.121875
0 0.771875 0.490625 0.121875 0.1375
0 0.8984375 0.6859375 0.1140625 0.109375
0 0.96875 0.84375 0.0625 0.1375
0 0.7984375 0.94140625 0.1296875 0.1171875
0 0.6859375 0.7734375 0.125 0.1453125
0 0.5875 0.5921875 0.121875 0.1296875
0 0.35546875 0.6734375 0.1328125 0.121875
0 0.48828125 0.86875 0.1296875 0.125
0 0.1890625 0.78125 0.125 0.1328125
0 0.28671875 0.95859375 0.1171875 0.0828125
0 0.0640625 0.5953125 0.1140625 0.1296875
0 0.2890625 0.5 0.1375 0.1453125
0 0.1625 0.31640625 0.1453125 0.140625
0 0.36328125 0.2328125 0.15625 0.15625
0 0.56640625 0.13125 0.125 0.121875
0 0.76875 0.05625 0.1375 0.1125
0 0.2515625 0.053125 0.1359375 0.10625
0 0.1140625 0.10625 0.06640625 0.140625 0.034645999999999996 0.132932 0.017325 0.414466 0.1140625 0.10625
0 0.01171875 0.415625 0.0234375 0.1375