0 0.57421875 0.94375 0.1484375 0.10625
0 0.171875 0.246875 0.2296875 0.184375
0 0.76171875 0.8359375 0.1796875 0.1796875
0 0.8421875 0.2484375 0.1921875 0.184375
0 0.921875 0.728125 0.1484375 0.16875
0 0.8046875 0.5375 0.203125 0.1765625
0 0.25390625 0.9046875 0.2109375 0.1765625
0 0.29296875 0.62890625 0.1796875 0.1796875
0 0.1171875 0.76171875 0.1953125 0.1796875
0 0.66796875 0.3734375 0.1875 0.184375
0 0.4609375 0.5234375 0.203125 0.1796875
0 0.9046875 0.9671875 0.1765625 0.059375
0 0.978125 0.1171875 0.0359375 0.1484375
0 0.153125 0.171875 0.6078125 0.6859375 0.156029 0.041468 0.080925 0.979031 0.153125 0.171875