0 0.12890625 0.7421875 0.21875 0.234375
0 0.7671875 0.2171875 0.2546875 0.2
0 0.87890625 0.8984375 0.2265625 0.1796875
0 0.0859375 0.54296875 0.171875 0.2109375
0 0.8046875 0.44140625 0.2109375 0.234375
0 0.321875 0.1171875 0.2390625 0.1953125
0 0.1421875 0.9234375 0.23125 0.1375
0 0.63125 0.921875 0.2 0.1484375
0 0.4046875 0.9359375 0.1609375 0.121875
0 0.5171875 0.2984375 0.2 0.184375
0 0.94140625 0.6 0.1015625 0.23125
0 0.821875 0.63671875 0.1296875 0.1640625
0 0.94140625 0.2046875 0.109375 0.2
0 0.5859375 0.4859375 0.1953125 0.215625
0 0.54765625 0.0875 0.2390625 0.175
0 0.06875 0.35 0.1375 0.1765625
0 0.5859375 0.6796875 0.1875 0.1953125
0 0.353125 0.703125 0.1765625 0.15625
0 0.05078125 0.1421875 0.1015625 0.1375
0 0.91015625 0.05859375 0.1796875 0.10625
0 0.3390625 0.51171875 0.2265625 0.23125 0.951013 0.393044 0.097974 0.17669600000000002 0.3390625 0.51171875
0 0.01953125 0.834375 0.0390625 0.1953125