0 0.134375 0.75390625 0.23125 0.2109375
0 0.88671875 0.3421875 0.21875 0.23125
0 0.5859375 0.1421875 0.234375 0.23125
0 0.3421875 0.4546875 0.23125 0.2
0 0.3921875 0.69921875 0.2078125 0.2109375
0 0.69375 0.87890625 0.23125 0.234375
0 0.6859375 0.6546875 0.2234375 0.215625
0 0.91015625 0.6109375 0.171875 0.2234375
0 0.44140625 0.921875 0.2421875 0.1484375
0 0.0859375 0.478125 0.171875 0.2
0 0.8671875 0.09375 0.25 0.1875
0 0.94921875 0.875 0.09375 0.21875
0 0.6171875 0.41015625 0.1953125 0.21875
0 0.3109375 0.1796875 0.215625 0.203125
0 0.06640625 0.209375 0.1328125 0.2234375
0 0.134375 0.94140625 0.21875 0.1171875 0.284728 0.013649 0.218498 0.027186 0.134375 0.94140625