0 0.19921875 0.0921875 0.1796875 0.1765625
0 0.85546875 0.6484375 0.15625 0.140625
0 0.609375 0.1109375 0.1484375 0.153125
0 0.6546875 0.8359375 0.121875 0.109375
0 0.44375 0.296875 0.1375 0.140625
0 0.8296875 0.2953125 0.1953125 0.1640625
0 0.2203125 0.87109375 0.1484375 0.1375
0 0.634375 0.48828125 0.140625 0.140625 0.1355566203125 0.1677455296875 0.634375 0.48828125
0 0.1355566203125 0.1677455296875 0.086039 0.135926 0.043035000000000004 0.662822 0.1355566203125 0.1677455296875
0 0.028125 0.29453125 0.05625 0.1484375
0 0.41796875 0.97734375 0.1515625 0.0453125
0 0.97734375 0.46953125 0.0453125 0.125
0 0.97890625 0.0890625 0.0421875 0.15
0 0.984375 0.0828125 0.03125 0.1453125
0 0.41640625 0.984375 0.1546875 0.03125