0 0.56875 0.1234375 0.2 0.2078125
0 0.478125 0.415625 0.246875 0.2390625
0 0.1625 0.790625 0.1765625 0.1453125
0 0.6796875 0.32421875 0.2265625 0.1953125
0 0.38671875 0.6796875 0.1953125 0.1796875
0 0.88125 0.2359375 0.2078125 0.2
0 0.2359375 0.0859375 0.2390625 0.1640625
0 0.25390625 0.51171875 0.2109375 0.2109375
0 0.76171875 0.0625 0.1953125 0.125
0 0.1484375 0.3296875 0.234375 0.1921875
0 0.47265625 0.8984375 0.2265625 0.1953125
0 0.87890625 0.69140625 0.2109375 0.2109375
0 0.0859375 0.62890625 0.1640625 0.1640625
0 0.57421875 0.59765625 0.171875 0.1328125
0 0.78515625 0.9296875 0.2421875 0.1328125
0 0.959375 0.8734375 0.075 0.1765625
0 0.375 0.20703125 0.1765625 0.1796875
0 0.7828125 0.521875 0.16875 0.1609375
0 0.6796875 0.79296875 0.1875 0.1453125
0 0.265625 0.9609375 0.1453125 0.078125
0 0.0484375 0.89921875 0.096875 0.1921875
0 0.1125 0.1171875 0.05625 0.16015625 0.049152 0.17661100000000002 0.024576 0.41599 0.1125 0.1171875
0 0.93828125 0.0203125 0.1234375 0.040625
0 0.453125 0.0265625 0.2078125 0.053125
0 0.0296875 0.02890625 0.0578125 0.0578125