0 0.56875 0.16015625 0.1765625 0.15625
0 0.946875 0.5234375 0.0984375 0.1640625
0 0.79296875 0.3296875 0.1796875 0.16875
0 0.19375 0.51171875 0.1765625 0.15625
0 0.78984375 0.025 0.1515625 0.05
0 0.7984375 0.69921875 0.1609375 0.1328125
0 0.3734375 0.69921875 0.1609375 0.1484375
0 0.384375 0.3296875 0.1609375 0.1375
0 0.946875 0.1734375 0.0984375 0.1609375
0 0.57421875 0.8734375 0.1640625 0.121875
0 0.61875 0.5296875 0.1453125 0.1609375
0 0.17578125 0.16015625 0.109375 0.121875
0 0.0782744921875 0.2689556125 0.058212 0.14874300000000001 0.029114 0.3399 0.0782744921875 0.2689556125
0 0.1859375 0.9140625 0.153125 0.1609375 0.0782744921875 0.2689556125 0.1859375 0.9140625
0 0.04140625 0.71796875 0.0828125 0.1640625
0 0.03359375 0.02890625 0.0671875 0.0578125
0 0.96484375 0.86640625 0.0703125 0.14375
0 0.36171875 0.98125 0.1796875 0.0375
0 0.3609375 0.9875 0.190625 0.025
0 0.78125 0.98671875 0.1625 0.0265625
0 0.7796875 0.98125 0.1515625 0.0375
0 0.35859375 0.990625 0.178125 0.0171875