0 0.41015625 0.50390625 0.2734375 0.2421875
0 0.6546875 0.203125 0.2625 0.25
0 0.9046875 0.16015625 0.184375 0.25
0 0.44140625 0.7734375 0.265625 0.2578125
0 0.6859375 0.4609375 0.2546875 0.2421875
0 0.3671875 0.2484375 0.296875 0.246875
0 0.928125 0.41015625 0.1375 0.2265625
0 0.7171875 0.73046875 0.246875 0.2578125
0 0.1484375 0.8109375 0.234375 0.23125
0 0.12890625 0.5796875 0.2578125 0.246875
0 0.94140625 0.671875 0.109375 0.21875
0 0.0796875 0.32109375 0.159375 0.2140625
0 0.32890625 0.05625 0.2453125 0.1125
0 0.7484375 0.9359375 0.246875 0.121875
0 0.484375 0.9546875 0.2265625 0.075
0 0.59921875 0.025 0.1671875 0.05 0.221120975 0.108735246875 0.59921875 0.025
0 0.221120975 0.108735246875 0.05465299999999999 0.145602 0.972673 0.9271990000000001 0.221120975 0.108735246875
0 0.84765625 0.0078125 0.196875 0.015625