0 0.884375 0.2984375 0.2 0.1765625
0 0.8421875 0.5921875 0.16875 0.1609375
0 0.26171875 0.88671875 0.1640625 0.2109375
0 0.89765625 0.0484375 0.1953125 0.096875
0 0.82421875 0.91015625 0.21875 0.171875
0 0.259375 0.6 0.1671875 0.1765625
0 0.6109375 0.0546875 0.2 0.109375
0 0.59765625 0.3046875 0.1796875 0.15625
0 0.47265625 0.978125 0.125 0.0359375
0 0.32421875 0.0546875 0.1875 0.109375
0 0.5796875 0.5859375 0.1375 0.140625
0 0.55078125 0.87890625 0.1328125 0.1296875
0 0.2984375 0.290625 0.1484375 0.153125 0.045973 0.065303 0.091945 0.130347 0.2984375 0.290625
0 0.04921875 0.54921875 0.0984375 0.18125
0 0.0328125 0.2984375 0.065625 0.1765625