0 0.1171875 0.91015625 0.203125 0.171875
0 0.509375 0.3984375 0.2390625 0.2109375
0 0.790625 0.06640625 0.2078125 0.1328125
0 0.6859375 0.884375 0.23125 0.2234375
0 0.4921875 0.6796875 0.203125 0.1796875
0 0.19921875 0.421875 0.2265625 0.2109375
0 0.946875 0.509375 0.0984375 0.2078125
0 0.9546875 0.88125 0.075 0.2
0 0.31875 0.26171875 0.2 0.1875
0 0.2421875 0.7359375 0.2109375 0.1765625
0 0.8609375 0.69140625 0.16875 0.1953125
0 0.7734375 0.3421875 0.171875 0.1921875
0 0.1484375 0.1171875 0.2265625 0.1875
0 0.3921875 0.88671875 0.16875 0.1640625
0 0.3671875 0.5546875 0.1328125 0.125
0 0.6265625 0.55625 0.140625 0.10625
0 0.615625 0.23828125 0.1609375 0.1328125
0 0.8890625 0.19375 0.1796875 0.121875
0 0.0796875 0.609375 0.1328125 0.1140625
0 0.0484375 0.30625 0.09609375 0.21015625 0.963065 0.046667 0.073556 0.09291 0.0484375 0.30625
0 0.053125 0.0421875 0.10625 0.084375
0 0.60078125 0.9765625 0.215625 0.046875
0 0.87890625 0.9859375 0.203125 0.028125