0 0.665625 0.2734375 0.2 0.171875
0 0.4609375 0.8359375 0.1484375 0.125
0 0.9359375 0.81640625 0.121875 0.1640625
0 0.76171875 0.915625 0.1875 0.1609375
0 0.853125 0.6234375 0.1453125 0.153125
0 0.7359375 0.446875 0.1765625 0.1921875
0 0.4296875 0.3671875 0.171875 0.1640625
0 0.9234375 0.3421875 0.1375 0.1453125
0 0.13671875 0.75390625 0.1640625 0.1484375
0 0.3109375 0.1890625 0.1453125 0.1375
0 0.5375 0.084375 0.15625 0.16875
0 0.82421875 0.171875 0.125 0.1484375
0 0.725 0.053125 0.1796875 0.10625
0 0.5390625 0.55625 0.1640625 0.16875
0 0.640625 0.734375 0.140625 0.1328125
0 0.53984375 0.95078125 0.2078125 0.0984375
0 0.2265625 0.47265625 0.1609375 0.1609375
0 0.3296875 0.6703125 0.153125 0.171875
0 0.1265625 0.2875 0.1375 0.121875
0 0.21015625 0.0484375 0.1609375 0.096875
0 0.0453125 0.09375 0.090625 0.1484375
0 0.04296875 0.5484375 0.0859375 0.1484375
0 0.22265625 0.9234375 0.2 0.1328125 0.977345 0.073289 0.045308 0.138019 0.22265625 0.9234375
0 0.98203125 0.53359375 0.0359375 0.1859375
0 0.98671875 0.534375 0.0265625 0.1875
0 0.04296875 0.97109375 0.0859375 0.0578125
0 0.98359375 0.07421875 0.0328125 0.1359375