0 0.9203125 0.9078125 0.153125 0.1765625
0 0.1109375 0.9234375 0.2078125 0.1375
0 0.225 0.7734375 0.1765625 0.1875
0 0.928125 0.4359375 0.1375 0.2
0 0.3359375 0.5859375 0.203125 0.203125
0 0.6484375 0.4984375 0.1875 0.184375
0 0.84765625 0.6171875 0.1953125 0.2109375
0 0.38671875 0.1234375 0.1875 0.184375
0 0.7359375 0.790625 0.184375 0.1921875
0 0.1859375 0.04296875 0.153125 0.0859375
0 0.25390625 0.29296875 0.2265625 0.2265625
0 0.5796875 0.2171875 0.1921875 0.1765625
0 0.87890625 0.1546875 0.1640625 0.1375
0 0.6859375 0.06640625 0.2 0.1328125
0 0.4046875 0.87890625 0.184375 0.15625
0 0.53515625 0.7171875 0.16875 0.1609375
0 0.4609375 0.41015625 0.1796875 0.16875
0 0.78515625 0.334375 0.153125 0.1796875
0 0.05078125 0.6875 0.1015625 0.16875
0 0.6078125 0.953125 0.184375 0.09375
0 0.125 0.48828125 0.125 0.1296875
0 0.9609375 0.0359375 0.078125 0.0703125
0 0.471875 0.025 0.209375 0.05
0 0.087932678125 0.17646819062500002 0.9779030000000001 0.745936 0.13359375 0.15390625 0.087932678125 0.17646819062500002
0 0.29296875 0.97734375 0.2015625 0.0453125
0 0.0171875 0.38515625 0.034375 0.1703125