0 0.44140625 0.884375 0.1484375 0.1296875
0 0.421875 0.275 0.1484375 0.1328125
0 0.2328125 0.1328125 0.1328125 0.109375
0 0.0765625 0.2734375 0.1453125 0.1609375
0 0.271875 0.43359375 0.1484375 0.121875
0 0.1 0.57421875 0.140625 0.125
0 0.275 0.734375 0.140625 0.125
0 0.11328125 0.8734375 0.1375 0.153125
0 0.6015625 0.4203125 0.1296875 0.140625
0 0.7640625 0.56640625 0.109375 0.121875
0 0.92578125 0.67578125 0.125 0.15625
0 0.90625 0.40625 0.1375 0.1484375
0 0.7328125 0.2640625 0.1140625 0.1140625
0 0.89453125 0.13125 0.1375 0.10625
0 0.6109375 0.7203125 0.125 0.1296875
0 0.7734375 0.8609375 0.121875 0.1328125
0 0.090625 0.03203125 0.18125 0.0640625
0 0.39765625 0.01796875 0.121875 0.0359375
0 0.72890625 0.01796875 0.121875 0.0359375
0 0.5671875 0.12421875 0.1203125 0.09375
0 0.6 0.9640625 0.1921875 0.071875
0 0.3109375 0.97578125 0.1453125 0.0484375
0 0.02421875 0.7265625 0.0484375 0.1375 0.9868439999999999 0.25309499999999996 0.026311 0.13433900000000001 0.02421875 0.7265625
0 0.99140625 0.25390625 0.0171875 0.1359375