0 0.8734375 0.1546875 0.1609375 0.1453125
0 0.6734375 0.353125 0.153125 0.1453125
0 0.0859375 0.91796875 0.1640625 0.1484375
0 0.4921875 0.54296875 0.15625 0.125
0 0.6859375 0.7171875 0.153125 0.1453125
0 0.2671875 0.3359375 0.14375 0.171875
0 0.2734375 0.728125 0.1484375 0.1375
0 0.8984375 0.8984375 0.1875 0.1796875
0 0.4546875 0.15625 0.153125 0.15625
0 0.0625 0.5546875 0.125 0.1484375
0 0.484375 0.921875 0.1609375 0.153125
0 0.046875 0.165625 0.09375 0.1328125 0.251434 0.023233999999999998 0.148979 0.04643 0.046875 0.165625
0 0.6609375 0.01875 0.1609375 0.0375
0 0.6890625 0.9875 0.1515625 0.025
0 0.690625 0.9828125 0.15625 0.034375