0 0.41015625 0.2796875 0.10625 0.10625
0 0.525 0.421875 0.10625 0.09375
0 0.90625 0.1625 0.121875 0.109375
0 0.671875 0.58984375 0.15625 0.1171875
0 0.5078125 0.73828125 0.109375 0.09375
0 0.359375 0.5546875 0.1015625 0.109375
0 0.2125 0.4046875 0.1140625 0.1296875
0 0.053125 0.19921875 0.10625 0.1015625
0 0.30078125 0.8609375 0.1140625 0.1140625
0 0.10546875 0.96875 0.090625 0.0546875
0 0.015625 0.8203125 0.03125 0.10625
0 0.04296875 0.484375 0.0859375 0.184375
0 0.78125 0.03515625 0.184375 0.0703125 0.21810280468749998 0.094864946875 0.78125 0.03515625
0 0.21810280468749998 0.094864946875 0.030263 0.114781 0.984869 0.6530389999999999 0.21810280468749998 0.094864946875
0 0.9875 0.35078125 0.025 0.1515625
0 0.99140625 0.353125 0.0171875 0.1484375
0 0.25625 0.0921875 0.090625 0.0859375
0 0.715625 0.2921875 0.1328125 0.128125