0 0.57421875 0.25625 0.2265625 0.2390625
0 0.7484375 0.08203125 0.1921875 0.1640625
0 0.3984375 0.478125 0.2265625 0.2078125
0 0.32421875 0.10546875 0.2109375 0.1953125
0 0.234375 0.69921875 0.2265625 0.2109375
0 0.0875 0.8671875 0.175 0.171875
0 0.8109375 0.44375 0.2546875 0.2078125
0 0.4671875 0.859375 0.2234375 0.2265625
0 0.6734375 0.6484375 0.2 0.21875
0 0.88671875 0.79296875 0.2109375 0.2109375
0 0.94140625 0.228125 0.1015625 0.215625
0 0.16796875 0.3046875 0.2265625 0.2265625
0 0.12890625 0.03125 0.1953125 0.0625
0 0.71875 0.946875 0.1875 0.0984375
0 0.9609375 0.57421875 0.0703125 0.1640625
0 0.11824763125 0.339441425 0.0828125 0.2234375 0.04296875 0.546875 0.11824763125 0.339441425
0 0.11824763125 0.339441425 0.311612 0.9724579999999999 0.221443 0.05508300000000001 0.11824763125 0.339441425
0 0.01796875 0.17578125 0.0359375 0.20625