0 0.3296875 0.13125 0.1921875 0.1765625
0 0.2421875 0.4296875 0.203125 0.1796875
0 0.12890625 0.2109375 0.1796875 0.171875
0 0.4546875 0.3359375 0.215625 0.1875
0 0.2359375 0.8734375 0.1765625 0.1921875
0 0.32421875 0.60546875 0.1640625 0.1484375
0 0.859375 0.603125 0.1953125 0.1921875
0 0.94140625 0.8046875 0.109375 0.171875
0 0.665625 0.228125 0.2234375 0.2
0 0.8609375 0.12890625 0.184375 0.1796875
0 0.4234375 0.7734375 0.1453125 0.1640625
0 0.5296875 0.4984375 0.1453125 0.153125
0 0.0484375 0.51875 0.096875 0.16875
0 0.1390625 0.69375 0.1296875 0.1296875
0 0.6625 0.6890625 0.16875 0.16875
0 0.78125 0.88671875 0.16875 0.15625
0 0.76953125 0.4078125 0.171875 0.1640625
0 0.953125 0.3125 0.09375 0.15625
0 0.534375 0.05625 0.21875 0.1125
0 0.55390625 0.93515625 0.1984375 0.1296875
0 0.0640625 0.9453125 0.128125 0.109375 0.041464 0.053505000000000004 0.082866 0.106782 0.0640625 0.9453125
0 0.23515625 0.01875 0.1765625 0.0375
0 0.01875 0.77265625 0.0375 0.15
0 0.01328125 0.77265625 0.0265625 0.15