0 0.0484375 0.18671875 0.096875 0.1453125
0 0.365625 0.1625 0.1328125 0.1140625
0 0.66796875 0.103125 0.1609375 0.140625
0 0.921875 0.103125 0.15625 0.2
0 0.93515625 0.3234375 0.1296875 0.184375
0 0.696875 0.375 0.184375 0.1765625
0 0.7265625 0.6390625 0.203125 0.1765625
0 0.4625 0.6875 0.1921875 0.1609375
0 0.4125 0.4203125 0.1609375 0.1484375
0 0.1265625 0.71484375 0.121875 0.109375
0 0.18359375 0.96484375 0.171875 0.0703125
0 0.50859375 0.93515625 0.1796875 0.1296875
0 0.80859375 0.90234375 0.1609375 0.153125
0 0.1182085078125 0.19537439375 0.0859375 0.1796875 0.101657 0.42412799999999995 0.1182085078125 0.19537439375
0 0.1182085078125 0.19537439375 0.95703125 0.603125 0.122004 0.142918 0.1182085078125 0.19537439375
0 0.978125 0.85078125 0.04375 0.1734375