0 0.790625 0.69140625 0.2078125 0.1796875
0 0.7734375 0.2171875 0.203125 0.2
0 0.6734375 0.50390625 0.215625 0.1875
0 0.94140625 0.60546875 0.109375 0.1796875
0 0.88671875 0.415625 0.1953125 0.184375
0 0.478125 0.603125 0.1921875 0.1765625
0 0.6796875 0.94140625 0.1875 0.109375
0 0.35546875 0.4234375 0.1953125 0.1765625
0 0.1484375 0.05078125 0.1875 0.1015625
0 0.5859375 0.7796875 0.171875 0.184375
0 0.2484375 0.6796875 0.2078125 0.1953125
0 0.94140625 0.1109375 0.1015625 0.1765625
0 0.16015625 0.50390625 0.1953125 0.1875
0 0.88671875 0.8671875 0.2109375 0.140625
0 0.3609375 0.859375 0.1765625 0.1875
0 0.5453125 0.30859375 0.1796875 0.171875
0 0.0609375 0.771875 0.121875 0.1484375
0 0.17578125 0.9375 0.2078125 0.121875
0 0.12043836562500002 0.300312140625 0.0625 0.19140625 0.03125 0.590625 0.12043836562500002 0.300312140625
0 0.12043836562500002 0.300312140625 0.48134499999999997 0.978703 0.19961500000000001 0.042588 0.12043836562500002 0.300312140625
0 0.0171875 0.13359375 0.034375 0.1546875
0 0.0125 0.13359375 0.025 0.1578125
0 0.940625 0.98828125 0.11875 0.0234375