0 0.5234375 0.28515625 0.1328125 0.1375
0 0.4390625 0.09375 0.1640625 0.1140625
0 0.63125 0.0296875 0.153125 0.059375
0 0.74375 0.17578125 0.125 0.109375
0 0.9390625 0.0640625 0.121875 0.1140625
0 0.85 0.3609375 0.1484375 0.140625
0 0.640625 0.4546875 0.1765625 0.1453125
0 0.9390625 0.5609375 0.121875 0.140625
0 0.76171875 0.64453125 0.1375 0.1140625
0 0.87890625 0.821875 0.109375 0.1296875
0 0.5703125 0.7515625 0.1375 0.109375
0 0.66796875 0.9234375 0.1640625 0.1328125
0 0.4546875 0.5703125 0.1328125 0.1171875
0 0.3578125 0.3984375 0.1640625 0.1453125
0 0.22265625 0.1875 0.1375 0.140625
0 0.0390625 0.2984375 0.078125 0.1484375
0 0.14453125 0.48828125 0.153125 0.1328125
0 0.2328125 0.6484375 0.1296875 0.1484375
0 0.3578125 0.85 0.1296875 0.1296875
0 0.1625 0.9390625 0.1296875 0.121875
0 0.0390625 0.75390625 0.078125 0.1328125 0.9609989999999999 0.9733499999999999 0.077184 0.053198 0.0390625 0.75390625
0 0.45703125 0.97265625 0.1453125 0.053125