0 0.53125 0.69921875 0.1875 0.1484375
0 0.134375 0.2421875 0.1765625 0.140625
0 0.6421875 0.19140625 0.2 0.15625
0 0.6421875 0.821875 0.184375 0.153125
0 0.66015625 0.0609375 0.1484375 0.121875
0 0.2734375 0.3984375 0.2109375 0.1796875
0 0.94296875 0.52109375 0.1140625 0.1921875
0 0.0234375 0.1234375 0.046875 0.1375
0 0.796875 0.3734375 0.1375 0.1328125
0 0.10625 0.140625 0.946875 0.3375 0.174425 0.152065 0.8396760000000001 0.237249 0.10625 0.140625
0 0.51875 0.07578125 0.1921875 0.1515625
0 0.83515625 0.06015625 0.1703125 0.1203125
0 0.9671875 0.59921875 0.065625 0.16875
0 0.76015625 0.93828125 0.1234375 0.1234375
0 0.95625 0.07890625 0.0875 0.1578125
0 0.95625 0.0796875 0.0875 0.159375
0 0.975 0.240625 0.05 0.1296875