0 0.2984375 0.8671875 0.2390625 0.1875
0 0.88671875 0.759375 0.171875 0.153125
0 0.06640625 0.56640625 0.125 0.0859375
0 0.884375 0.1484375 0.215625 0.1796875
0 0.8984375 0.509375 0.15625 0.1921875
0 0.290625 0.55859375 0.15625 0.1921875
0 0.56875 0.5796875 0.1453125 0.1375
0 0.584375 0.775 0.1875 0.1875
0 0.0625 0.8125 0.125 0.2234375
0 0.58203125 0.1875 0.1640625 0.184375
0 0.88359375 0.94296875 0.2109375 0.1140625 0.127987653125 0.18948789375 0.88359375 0.94296875
0 0.9390625 0.584375 0.121875 0.14375
0 0.265625 0.97421875 0.1890625 0.0515625