0 0.3421875 0.7421875 0.2234375 0.203125
0 0.3296875 0.40625 0.23125 0.21875
0 0.1796875 0.921875 0.1953125 0.1484375
0 0.16796875 0.5796875 0.21875 0.2
0 0.6625 0.6859375 0.23125 0.215625
0 0.8421875 0.7984375 0.2 0.153125
0 0.6109375 0.35546875 0.23125 0.2265625
0 0.57109375 0.0796875 0.1765625 0.159375
0 0.290625 0.09765625 0.190625 0.1484375
0 0.1546875 0.25625 0.2234375 0.2
0 0.7796875 0.1484375 0.2 0.1875
0 0.91015625 0.6421875 0.171875 0.1921875
0 0.06640625 0.79296875 0.1328125 0.1640625
0 0.50390625 0.8921875 0.21875 0.1765625
0 0.91015625 0.3109375 0.1640625 0.1921875
0 0.9234375 0.9359375 0.1453125 0.121875
0 0.484375 0.546875 0.1640625 0.1953125
0 0.45703125 0.2265625 0.1484375 0.15625
0 0.790625 0.5 0.203125 0.1453125
0 0.0375 0.45703125 0.075 0.1328125
0 0.2108533859375 0.095301184375 0.90625 0.0484375 0.192175 0.061352 0.2108533859375 0.095301184375
0 0.2108533859375 0.095301184375 0.1875 0.096875 0.691729 0.969324 0.2108533859375 0.095301184375
0 0.35859375 0.971875 0.2 0.05625
0 0.43125 0.0078125 0.171875 0.015625
0 0.35234375 0.984375 0.2015625 0.03125
0 0.98125 0.1515625 0.0375 0.209375
0 0.98984375 0.14765625 0.0203125 0.2