0 0.23046875 0.4546875 0.1875 0.1921875
0 0.928125 0.5859375 0.1375 0.1796875
0 0.475 0.0921875 0.1765625 0.1765625
0 0.75390625 0.47265625 0.1796875 0.15625
0 0.79765625 0.05625 0.1828125 0.1125
0 0.1109375 0.66796875 0.1609375 0.1484375
0 0.6796875 0.19140625 0.171875 0.1640625
0 0.5296875 0.88671875 0.184375 0.1171875
0 0.35546875 0.2484375 0.1953125 0.1765625
0 0.1546875 0.16796875 0.16875 0.1484375
0 0.053125 0.83984375 0.10625 0.2078125
0 0.0609375 0.375 0.121875 0.2078125
0 0.953125 0.88671875 0.09375 0.1796875 0.019777 0.074809 0.039553 0.149618 0.953125 0.88671875
0 0.38203125 0.9734375 0.19375 0.053125
0 0.26953125 0.02734375 0.1296875 0.0546875
0 0.01796875 0.55 0.0359375 0.184375
0 0.59375 0.00859375 0.1609375 0.0171875
0 0.9765625 0.4109375 0.046875 0.1546875
0 0.59140625 0.0125 0.1625 0.025
0 0.98515625 0.41328125 0.0296875 0.146875