0 0.2484375 0.84765625 0.2 0.203125
0 0.35546875 0.2484375 0.1953125 0.2390625
0 0.1 0.665625 0.16875 0.1765625
0 0.196875 0.07421875 0.184375 0.1484375
0 0.1421875 0.353125 0.1765625 0.1765625
0 0.4984375 0.3984375 0.2 0.1875
0 0.853125 0.16796875 0.16875 0.1953125
0 0.05078125 0.19921875 0.1015625 0.1640625
0 0.5171875 0.0859375 0.1921875 0.15625
0 0.41796875 0.70703125 0.184375 0.16875
0 0.8734375 0.92578125 0.1015625 0.121875
0 0.9390625 0.3140625 0.121875 0.2078125
0 0.0859375 0.94140625 0.1609375 0.1171875
0 0.7125 0.0453125 0.171875 0.090625 0.20602109999999998 0.11153248125 0.7125 0.0453125
0 0.20602109999999998 0.11153248125 0.11701999999999999 0.123169 0.785692 0.46646200000000004 0.20602109999999998 0.11153248125
0 0.39453125 0.0203125 0.203125 0.040625
0 0.97734375 0.0625 0.0453125 0.125
0 0.70625 0.9796875 0.20625 0.040625
0 0.98359375 0.06484375 0.03125 0.1296875
0 0.01328125 0.4859375 0.0265625 0.1421875
0 0.01875 0.484375 0.0375 0.146875