0 0.5453125 0.1796875 0.140625 0.1328125
0 0.7953125 0.15 0.1375 0.125
0 0.853125 0.4234375 0.15625 0.1375
0 0.56875 0.4296875 0.0984375 0.090625
0 0.87890625 0.665625 0.125 0.1296875
0 0.9296875 0.93359375 0.140625 0.1328125
0 0.69140625 0.9609375 0.1453125 0.078125
0 0.2828125 0.48828125 0.140625 0.1640625
0 0.2265625 0.21484375 0.140625 0.1953125
0 0.07421875 0.8265625 0.1171875 0.16875
0 0.3265625 0.76953125 0.1923922578125 0.22554398281250002 0.14560900000000002 0.04456 0.3265625 0.76953125
0 0.1923922578125 0.22554398281250002 0.386774 0.9775219999999999 0.16875 0.1296875 0.1923922578125 0.22554398281250002
0 0.64765625 0.7484375 0.14375 0.1453125
0 0.025 0.51875 0.05 0.140625
0 0.0203125 0.25546875 0.040625 0.165625
0 0.01328125 0.25 0.0265625 0.1640625
0 0.38515625 0.984375 0.140625 0.03125