0 0.2578125 0.140625 0.1296875 0.121875
0 0.54765625 0.0484375 0.1671875 0.096875
0 0.65 0.30078125 0.140625 0.1453125
0 0.859375 0.37109375 0.171875 0.1609375
0 0.6078125 0.9546875 0.140625 0.090625
0 0.1582370984375 0.14906382812500002 0.140625 0.090625 0.0796875 0.9546875 0.1582370984375 0.14906382812500002
0 0.1582370984375 0.14906382812500002 0.396828 0.940734 0.161214 0.118532 0.1582370984375 0.14906382812500002
0 0.02734375 0.70703125 0.0546875 0.165625
0 0.0171875 0.22578125 0.034375 0.1453125
0 0.84453125 0.978125 0.1203125 0.04375
0 0.01171875 0.22578125 0.0234375 0.1484375
0 0.8578125 0.0109375 0.146875 0.021875