0 0.2421875 0.4671875 0.1953125 0.184375
0 0.38671875 0.31640625 0.21875 0.2109375
0 0.8734375 0.44140625 0.2234375 0.2109375
0 0.06875 0.3109375 0.1375 0.2
0 0.3609375 0.0625 0.215625 0.125
0 0.5859375 0.7484375 0.203125 0.1921875
0 0.0796875 0.62890625 0.159375 0.1796875
0 0.69921875 0.2984375 0.2109375 0.215625
0 0.728125 0.5796875 0.215625 0.1609375
0 0.84765625 0.13671875 0.203125 0.1953125
0 0.2109375 0.171875 0.1875 0.1953125
0 0.884375 0.728125 0.1453125 0.1375
0 0.4046875 0.9046875 0.184375 0.184375
0 0.7359375 0.88671875 0.1765625 0.1640625
0 0.6734375 0.05078125 0.1765625 0.1015625
0 0.5375 0.44921875 0.153125 0.16875
0 0.51953125 0.1578125 0.1375 0.1375
0 0.0875 0.91171875 0.175 0.1671875
0 0.071875 0.06640625 0.14375 0.1328125
0 0.38359375 0.60078125 0.128125 0.1375
0 0.21171875 0.78828125 0.128125 0.1375
0 0.965625 0.86953125 0.06875 0.15
0 0.965625 0.5921875 0.06875 0.15
0 0.96484375 0.28203125 0.0703125 0.1640625
0 0.9375 0.05234375 0.11875 0.1046875
0 0.17890625 0.0640625 0.8875 0.96796875 0.160777 0.039576 0.5532549999999999 0.980152 0.17890625 0.0640625
0 0.5546875 0.98671875 0.1625 0.0265625