0 0.62890625 0.2359375 0.1796875 0.1296875
0 0.78515625 0.134375 0.15625 0.1453125
0 0.3296875 0.1734375 0.1375 0.153125
0 0.446875 0.35546875 0.16875 0.125
0 0.140625 0.5546875 0.15625 0.140625
0 0.4921875 0.0796875 0.140625 0.1296875
0 0.9296875 0.0609375 0.1328125 0.121875
0 0.8671875 0.6109375 0.140625 0.1296875
0 0.0859375 0.84765625 0.1328125 0.1484375
0 0.665625 0.0234375 0.10625 0.046875
0 0.1890625 0.2890625 0.1328125 0.121875
0 0.2875 0.4453125 0.121875 0.125
0 0.2203125 0.7265625 0.1328125 0.153125
0 0.4 0.62890625 0.1796875 0.1296875
0 0.5625 0.50625 0.1375 0.121875
0 0.725 0.415625 0.1453125 0.1171875
0 0.87890625 0.2828125 0.1453125 0.10625
0 0.7171875 0.734375 0.1375 0.125
0 0.9375 0.77734375 0.125 0.121875
0 0.7953125 0.884375 0.1328125 0.1171875
0 0.553125 0.8375 0.140625 0.1328125
0 0.3984375 0.9453125 0.1609375 0.109375
0 0.05078125 0.3890625 0.1015625 0.1328125
0 0.0953125 0.0921875 0.1328125 0.1140625 0.21988500000000002 0.030134 0.13494299999999998 0.060268 0.0953125 0.0921875
0 0.9796875 0.20625 0.040625 0.1359375
0 0.62578125 0.9640625 0.1296875 0.071875
0 0.98046875 0.5109375 0.0390625 0.140625
0 0.9859375 0.50546875 0.028125 0.1484375
0 0.99140625 0.51328125 0.0171875 0.140625