0 0.515625 0.2875 0.1796875 0.1875
0 0.771875 0.21875 0.153125 0.1484375
0 0.85 0.5078125 0.140625 0.125
0 0.553125 0.5453125 0.125 0.1640625
0 0.29296875 0.578125 0.1296875 0.16875
0 0.2484375 0.30078125 0.1453125 0.153125
0 0.1953125 0.0609375 0.1375 0.121875
0 0.428125 0.05078125 0.140625 0.1015625
0 0.321875 0.853125 0.153125 0.16875
0 0.59375 0.8109375 0.184375 0.1640625
0 0.86328125 0.7671875 0.121875 0.1171875
0 0.051360084375000004 0.4379380484375 0.055283000000000006 0.145305 0.027642 0.6335759999999999 0.051360084375000004 0.4379380484375
0 0.0453125 0.8890625 0.090625 0.1140625 0.051360084375000004 0.4379380484375 0.0453125 0.8890625
0 0.76015625 0.0234375 0.1578125 0.046875
0 0.9390625 0.97890625 0.1203125 0.0421875
0 0.98515625 0.1859375 0.0296875 0.1265625
0 0.93828125 0.9859375 0.1234375 0.028125
0 0.01796875 0.36015625 0.0359375 0.140625
0 0.01328125 0.35546875 0.0265625 0.1421875
0 0.9796875 0.1875 0.040625 0.1265625
0 0.75703125 0.01328125 0.1515625 0.0265625
0 0.0171875 0.62890625 0.034375 0.1390625
0 0.990625 0.1859375 0.01875 0.121875