0 0.22265625 0.11328125 0.140625 0.121875
0 0.3421875 0.2828125 0.1140625 0.1140625
0 0.75390625 0.1015625 0.1328125 0.1375
0 0.884375 0.25625 0.10625 0.10625
0 0.43359375 0.47265625 0.1140625 0.1375
0 0.5328125 0.665625 0.109375 0.1140625
0 0.946875 0.44921875 0.10625 0.1453125
0 0.646875 0.8421875 0.1140625 0.1328125
0 0.44140625 0.94921875 0.109375 0.1015625
0 0.2171875 0.5875 0.1328125 0.1328125
0 0.0328125 0.66796875 0.065625 0.1015625
0 0.1328125 0.859375 0.10625 0.1171875
0 0.1022808765625 0.12214195000000001 0.922349 0.025113999999999997 0.15140199999999998 0.050112000000000004 0.1022808765625 0.12214195000000001
0 0.75703125 0.97421875 0.140625 0.05
0 0.33515625 0.7625 0.1109375 0.1078125
0 0.1171875 0.38984375 0.090625 0.0890625
0 0.2234375 0.9921875 0.1296875 0.015625
0 0.225 0.98828125 0.1296875 0.0234375