0 0.5609375 0.4046875 0.1921875 0.153125
0 0.7671875 0.1859375 0.184375 0.1296875
0 0.9671875 0.165625 0.059375 0.1375
0 0.771875 0.3609375 0.1609375 0.1484375
0 0.5328125 0.2015625 0.1484375 0.1484375
0 0.55078125 0.571875 0.1296875 0.1375
0 0.7796875 0.5625 0.1375 0.140625
0 0.77734375 0.803125 0.1375 0.1453125
0 0.1 0.796875 0.154576459375 0.1950179265625 0.133874 0.118031 0.1 0.796875
0 0.154576459375 0.1950179265625 0.320206 0.8109500000000001 0.15625 0.1765625 0.154576459375 0.1950179265625
0 0.76484375 0.97265625 0.1328125 0.0546875
0 0.53125 0.03828125 0.175 0.0765625
0 0.2859375 0.03515625 0.1640625 0.0703125
0 0.978125 0.59765625 0.04375 0.1484375
0 0.97890625 0.40390625 0.0421875 0.1546875
0 0.97734375 0.82109375 0.0453125 0.15
0 0.9828125 0.39609375 0.034375 0.1515625
0 0.325 0.9796875 0.1203125 0.0390625
0 0.98359375 0.60859375 0.0328125 0.15625
0 0.9828125 0.40859375 0.034375 0.1453125
0 0.9734375 0.96953125 0.053125 0.0609375
0 0.984375 0.8125 0.03125 0.1421875
0 0.97734375 0.97265625 0.0453125 0.0546875