0 0.69921875 0.6734375 0.1640625 0.153125
0 0.59375 0.4984375 0.1375 0.1328125
0 0.7984375 0.39453125 0.1640625 0.1328125
0 0.96875 0.296875 0.0625 0.109375
0 0.9203125 0.5859375 0.125 0.1328125
0 0.37890625 0.5953125 0.1328125 0.1328125
0 0.5078125 0.78515625 0.1171875 0.1484375
0 0.803125 0.8671875 0.1609375 0.1296875
0 0.6125 0.95078125 0.190625 0.0984375
0 0.3046875 0.88125 0.15625 0.1375
0 0.2109375 0.6875 0.140625 0.15625
0 0.0390625 0.7734375 0.078125 0.1765625
0 0.1894237 0.222147234375 0.976868 0.765154 0.203125 0.109375 0.1894237 0.222147234375
0 0.1015625 0.9453125 0.1894237 0.222147234375 0.046264 0.123427 0.1015625 0.9453125
0 0.92890625 0.9875 0.13125 0.025
0 0.93046875 0.98359375 0.13125 0.0328125
0 0.40859375 0.9875 0.153125 0.025
0 0.4125 0.98359375 0.15 0.0328125
0 0.984375 0.76328125 0.03125 0.115625
0 0.928125 0.99140625 0.1328125 0.0171875