0 0.2734375 0.8984375 0.203125 0.171875
0 0.57421875 0.5296875 0.1796875 0.1765625
0 0.9046875 0.5921875 0.1765625 0.16875
0 0.4859375 0.7984375 0.184375 0.16875
0 0.796875 0.8671875 0.1875 0.15625
0 0.37890625 0.634375 0.1796875 0.1765625
0 0.171875 0.72265625 0.171875 0.1640625
0 0.69140625 0.696875 0.1953125 0.2
0 0.7875 0.4375 0.16875 0.16875
0 0.953125 0.30859375 0.09375 0.1765625
0 0.9546875 0.7953125 0.090625 0.1921875
0 0.578125 0.9546875 0.1953125 0.090625
0 0.06941169999999999 0.5801633374999999 0.064012 0.165608 0.032006 0.8067019999999999 0.06941169999999999 0.5801633374999999
0 0.07421875 0.94921875 0.1484375 0.1015625 0.06941169999999999 0.5801633374999999 0.07421875 0.94921875