0 0.4359375 0.5171875 0.1375 0.1375
0 0.6546875 0.37890625 0.1375 0.1328125
0 0.125 0.4671875 0.15625 0.1375
0 0.334375 0.0796875 0.1375 0.1328125
0 0.2984375 0.3609375 0.1453125 0.1296875
0 0.0546875 0.75390625 0.109375 0.1328125
0 0.5296875 0.88671875 0.184375 0.1640625
0 0.1484375 0.2125 0.153125 0.121875
0 0.8453125 0.2671875 0.140625 0.1140625
0 0.9625 0.4234375 0.075 0.1171875
0 0.915625 0.6625 0.121875 0.1171875
0 0.603125 0.6484375 0.10625 0.09375
0 0.7359375 0.775 0.1140625 0.1296875
0 0.4296875 0.75390625 0.153125 0.1140625
0 0.2734375 0.634375 0.1609375 0.140625
0 0.2046875 0.9 0.140625 0.109375
0 0.50859375 0.0234375 0.1921875 0.046875
0 0.6734375 0.12890625 0.1484375 0.140625
0 0.03359375 0.0765625 0.0671875 0.128125 0.856852 0.023926 0.15840300000000002 0.047817 0.03359375 0.0765625
0 0.0625 0.97265625 0.125 0.0546875
0 0.01796875 0.31171875 0.0359375 0.1421875
0 0.0125 0.31484375 0.025 0.146875
0 0.98515625 0.14375 0.0296875 0.1328125
0 0.9796875 0.14765625 0.040625 0.1421875
0 0.8515625 0.0171875 0.15625 0.034375
0 0.06328125 0.98203125 0.1265625 0.0359375