0 0.2734375 0.32421875 0.1953125 0.1796875
0 0.0796875 0.440625 0.159375 0.1875
0 0.665625 0.0859375 0.2 0.1640625
0 0.5921875 0.37890625 0.16875 0.1484375
0 0.9359375 0.12890625 0.121875 0.1875
0 0.8921875 0.41015625 0.153125 0.1640625
0 0.1484375 0.171875 0.1796875 0.1640625
0 0.7796875 0.225 0.184375 0.16875
0 0.4671875 0.19140625 0.1921875 0.1796875
0 0.2171875 0.6171875 0.153125 0.1484375
0 0.5234375 0.6640625 0.153125 0.125
0 0.41796875 0.4828125 0.153125 0.125
0 0.734375 0.5328125 0.125 0.109375
0 0.92734375 0.69453125 0.1453125 0.1515625
0 0.9625 0.9 0.075 0.15625
0 0.6625 0.821875 0.1484375 0.140625
0 0.80859375 0.95703125 0.1875 0.0859375
0 0.51328125 0.95078125 0.1515625 0.0984375
0 0.36875 0.77734375 0.153125 0.125
0 0.1796875 0.8828125 0.184375 0.16875
0 0.03125 0.7015625 0.0625 0.1484375
0 0.33125 0.040625 0.14375 0.08125 0.8286390000000001 0.018976 0.181536 0.037861 0.33125 0.040625