0 0.728125 0.50390625 0.2 0.1796875
0 0.1109375 0.79296875 0.221875 0.2109375
0 0.2984375 0.2171875 0.1921875 0.1765625
0 0.4046875 0.3921875 0.2546875 0.2234375
0 0.9046875 0.4125 0.1609375 0.1765625
0 0.7046875 0.0625 0.1921875 0.125
0 0.9046875 0.87890625 0.184375 0.171875
0 0.478125 0.12890625 0.2234375 0.1875
0 0.29296875 0.66796875 0.1796875 0.1640625
0 0.69140625 0.9359375 0.15625 0.121875
0 0.19921875 0.50625 0.1953125 0.2
0 0.4921875 0.5921875 0.203125 0.2
0 0.9671875 0.1234375 0.059375 0.16875
0 0.5953125 0.3125 0.1609375 0.1765625
0 0.80078125 0.2015625 0.1453125 0.1484375
0 0.0875 0.3046875 0.1609375 0.171875
0 0.17890625 0.05625 0.1671875 0.1125
0 0.04296875 0.12890625 0.0859375 0.16875
0 0.1249638453125 0.26576248125 0.090625 0.203125 0.0453125 0.5796875 0.1249638453125 0.26576248125
0 0.1249638453125 0.26576248125 0.516139 0.9793049999999999 0.18190900000000002 0.041328 0.1249638453125 0.26576248125
0 0.8734375 0.01875 0.1625 0.0375
0 0.5125 0.98515625 0.196875 0.0296875