0 0.5234375 0.259375 0.140625 0.175
0 0.228125 0.8109375 0.16875 0.1609375
0 0.9046875 0.12890625 0.1765625 0.1640625
0 0.56015625 0.0484375 0.1765625 0.096875
0 0.06875 0.59765625 0.1375 0.1484375
0 0.2796875 0.04296875 0.153125 0.0859375
0 0.8828125 0.915625 0.2265625 0.1609375
0 0.5796875 0.9046875 0.184375 0.16875
0 0.28515625 0.6546875 0.21875 0.2
0 0.5546875 0.59765625 0.1796875 0.1875
0 0.88125 0.609375 0.1765625 0.1953125
0 0.91953125 0.35234375 0.1609375 0.1828125
0 0.30625 0.3421875 0.184375 0.1953125 0.050549 0.074944 0.101098 0.149888 0.30625 0.3421875
0 0.61171875 0.1109375 0.1671875 0.15625
0 0.28203125 0.8921875 0.2 0.184375
0 0.5984375 0.3578125 0.1703125 0.1703125
0 0.02734375 0.846875 0.0546875 0.1921875
0 0.4078125 0.97734375 0.2390625 0.0453125
0 0.24609375 0.2765625 0.171875 0.1859375