0 0.9234375 0.759375 0.1375 0.1453125
0 0.51171875 0.47265625 0.1640625 0.1640625
0 0.8109375 0.5546875 0.16875 0.1640625
0 0.4046875 0.7484375 0.184375 0.16875
0 0.3046875 0.571875 0.1953125 0.184375
0 0.6109375 0.6796875 0.184375 0.1484375
0 0.0921875 0.1546875 0.153125 0.1453125
0 0.2984375 0.09765625 0.1609375 0.1484375
0 0.91015625 0.2734375 0.15625 0.140625
0 0.19921875 0.3734375 0.1640625 0.1609375
0 0.3984375 0.2796875 0.15625 0.140625
0 0.6015625 0.178125 0.171875 0.153125
0 0.80625 0.09296875 0.1890625 0.1640625
0 0.7015625 0.33984375 0.1328125 0.125
0 0.1 0.6625 0.109375 0.1015625
0 0.20703125 0.8359375 0.1796875 0.153125
0 0.52734375 0.93125 0.1765625 0.1296875
0 0.72265625 0.8359375 0.1296875 0.121875
0 0.4984375 0.046875 0.2078125 0.09375
0 0.95078125 0.04765625 0.0984375 0.0953125
0 0.0453125 0.92578125 0.090625 0.1484375 0.97381 0.449537 0.05238 0.129852 0.0453125 0.92578125
0 0.82109375 0.97734375 0.1625 0.0453125
0 0.02734375 0.03046875 0.053125 0.0609375
0 0.97890625 0.9265625 0.0421875 0.146875
0 0.98515625 0.92578125 0.0296875 0.1453125
0 0.31640625 0.9921875 0.1515625 0.015625