0 0.1703125 0.61328125 0.1953125 0.16875
0 0.2875 0.81640625 0.16875 0.1453125
0 0.0640625 0.9140625 0.128125 0.171875
0 0.0640625 0.42265625 0.128125 0.1828125
0 0.35 0.1640625 0.153125 0.1328125
0 0.4359375 0.303125 0.1171875 0.109375
0 0.5390625 0.44140625 0.090625 0.109375
0 0.6640625 0.34375 0.090625 0.125
0 0.6015625 0.2046875 0.1453125 0.153125
0 0.43515625 0.0546875 0.165625 0.109375
0 0.8109375 0.26953125 0.1015625 0.121875
0 0.69609375 0.12578125 0.10625 0.0859375
0 0.95859375 0.39140625 0.0828125 0.0890625
0 0.7734375 0.4765625 0.1453125 0.121875
0 0.6265625 0.56875 0.125 0.125
0 0.72265625 0.6796875 0.10625 0.09375
0 0.81640625 0.80859375 0.125 0.1296875
0 0.93359375 0.94296875 0.1328125 0.1140625
0 0.22890625 0.0484375 0.1796875 0.096875
0 0.8515625 0.61171875 0.1046875 0.1015625
0 0.965625 0.7375 0.06875 0.1015625
0 0.96484375 0.50859375 0.0703125 0.1015625 0.0623352671875 0.2013443359375 0.96484375 0.50859375
0 0.0623352671875 0.2013443359375 0.041614 0.19429000000000002 0.020808 0.720781 0.0623352671875 0.2013443359375
0 0.39296875 0.95078125 0.1546875 0.0984375
0 0.1921875 0.2859375 0.109375 0.1296875
0 0.74453125 0.98203125 0.171875 0.0359375
0 0.51953125 0.77734375 0.134375 0.128125
0 0.025 0.2234375 0.05 0.1609375
0 0.728125 0.04453125 0.165625 0.0890625
0 0.746875 0.9875 0.18125 0.025
0 0.01484375 0.7265625 0.0296875 0.178125
0 0.01640625 0.22734375 0.0328125 0.1484375