0 0.79296875 0.50390625 0.2421875 0.2109375
0 0.26171875 0.07421875 0.1953125 0.1484375
0 0.384375 0.228125 0.2 0.153125
0 0.7734375 0.06875 0.1796875 0.1375
0 0.571875 0.62890625 0.215625 0.1875
0 0.1734375 0.82421875 0.215625 0.1953125
0 0.16015625 0.3359375 0.2109375 0.203125
0 0.5859375 0.1421875 0.1875 0.2
0 0.66015625 0.8046875 0.1640625 0.1640625
0 0.3734375 0.7109375 0.1921875 0.2265625
0 0.91015625 0.69921875 0.171875 0.1640625
0 0.44921875 0.8921875 0.171875 0.184375
0 0.46875 0.0390625 0.203125 0.078125
0 0.078125 0.1734375 0.15625 0.1765625
0 0.946875 0.4390625 0.10625 0.21875
0 0.95078125 0.89453125 0.0984375 0.2109375
0 0.8 0.94296875 0.203125 0.1140625
0 0.2890625 0.9625 0.2109375 0.075
0 0.046875 0.9078125 0.09375 0.1765625 0.04893980625 0.08835014218750001 0.046875 0.9078125
0 0.0203125 0.43828125 0.040625 0.1625
0 0.0140625 0.43828125 0.028125 0.159375
0 0.01796875 0.0390625 0.034375 0.078125