0 0.8046875 0.665625 0.2265625 0.2078125
0 0.66796875 0.109375 0.21875 0.21875
0 0.1859375 0.4296875 0.1921875 0.1875
0 0.94921875 0.8671875 0.09375 0.1875
0 0.16015625 0.6109375 0.1953125 0.184375
0 0.0375 0.6171875 0.075 0.2109375
0 0.84765625 0.32421875 0.2109375 0.1796875
0 0.8671875 0.025 0.171875 0.05
0 0.2421875 0.0921875 0.171875 0.1765625
0 0.959375 0.4921875 0.075 0.171875
0 0.3359375 0.9671875 0.1484375 0.059375
0 0.4 0.28515625 0.1796875 0.1953125
0 0.62109375 0.4390625 0.2265625 0.2390625
0 0.40234375 0.6328125 0.1875 0.1796875
0 0.5953125 0.84765625 0.171875 0.1875
0 0.759375 0.9453125 0.1453125 0.109375
0 0.49609375 0.96484375 0.1453125 0.0703125
0 0.171875 0.8046875 0.203125 0.1328125 0.131935653125 0.491336175 0.171875 0.8046875
0 0.131935653125 0.491336175 0.082862 0.10632 0.041502 0.9467779999999999 0.131935653125 0.491336175