0 0.928125 0.2734375 0.1375 0.1640625
0 0.546875 0.9234375 0.203125 0.1453125
0 0.3296875 0.109375 0.2 0.1796875
0 0.76171875 0.84765625 0.1796875 0.1796875
0 0.540625 0.4671875 0.184375 0.16875
0 0.1 0.19375 0.1765625 0.16875
0 0.634375 0.19140625 0.1765625 0.1640625
0 0.4359375 0.759375 0.1765625 0.16875
0 0.734375 0.38671875 0.1953125 0.1796875
0 0.8609375 0.5546875 0.184375 0.1640625
0 0.4234375 0.2953125 0.153125 0.1375
0 0.8265625 0.1015625 0.1453125 0.1453125
0 0.2359375 0.40234375 0.153125 0.140625
0 0.05078125 0.478125 0.1015625 0.1921875
0 0.115625 0.68125 0.15625 0.15625
0 0.334375 0.5921875 0.16875 0.16875
0 0.6421875 0.6640625 0.16875 0.1453125
0 0.2125 0.8578125 0.184375 0.140625
0 0.93125 0.75390625 0.1375 0.1609375
0 0.16275265 0.1246070109375 0.529926 0.040824 0.168648 0.081649 0.16275265 0.1246070109375
0 0.16275265 0.1246070109375 0.10625 0.1375 0.053125 0.9234375 0.16275265 0.1246070109375
0 0.98125 0.47421875 0.0375 0.16875
0 0.346875 0.978125 0.171875 0.04375
0 0.85625 0.98125 0.1921875 0.0375
0 0.98515625 0.93046875 0.0296875 0.1390625
0 0.98515625 0.47265625 0.0296875 0.1671875
0 0.85625 0.98671875 0.196875 0.0265625
0 0.99140625 0.93125 0.0171875 0.1375