0 0.76796875 0.7921875 0.209375 0.20625
0 0.96875 0.759375 0.0625 0.1921875
0 0.7890625 0.2875 0.1765625 0.1375
0 0.50390625 0.946875 0.203125 0.0984375
0 0.20703125 0.084375 0.1875 0.1453125
0 0.19921875 0.29296875 0.1796875 0.1765625
0 0.2015625 0.5140625 0.1796875 0.15625
0 0.2046875 0.7484375 0.2 0.2
0 0.8046875 0.5078125 0.2 0.1765625
0 0.79296875 0.09375 0.15625 0.125
0 0.18035468906250002 0.18965815156250002 0.5095919999999999 0.557258 0.1796875 0.0828125 0.18035468906250002 0.18965815156250002
0 0.18515625 0.95859375 0.18035468906250002 0.18965815156250002 0.150802 0.156662 0.18515625 0.95859375
0 0.978125 0.8296875 0.04375 0.2046875
0 0.7671875 0.97890625 0.1640625 0.0421875
0 0.984375 0.29296875 0.03125 0.134375
0 0.98515625 0.5484375 0.0296875 0.1890625
0 0.9796875 0.2875 0.040625 0.1546875
0 0.984375 0.8453125 0.03125 0.184375
0 0.98125 0.53046875 0.0375 0.19375
0 0.76875 0.984375 0.1671875 0.03125
0 0.97890625 0.840625 0.0421875 0.184375
0 0.759375 0.9859375 0.171875 0.028125