0 0.51171875 0.2421875 0.1140625 0.125
0 0.79296875 0.22265625 0.153125 0.1375
0 0.453125 0.0390625 0.153125 0.078125
0 0.19921875 0.3203125 0.140625 0.109375
0 0.2515625 0.571875 0.14375 0.125
0 0.55859375 0.51953125 0.1296875 0.1375
0 0.8125 0.478125 0.153125 0.15625
0 0.8828125 0.6890625 0.1171875 0.1171875
0 0.6015625 0.7515625 0.125 0.1328125
0 0.3109375 0.78125 0.1453125 0.1296875
0 0.14485680625 0.151381096875 0.109375 0.1140625 0.0546875 0.8296875 0.14485680625 0.151381096875
0 0.14485680625 0.151381096875 0.91988 0.9665250000000001 0.156087 0.066901 0.14485680625 0.151381096875
0 0.64453125 0.9875 0.1546875 0.025
0 0.15859375 0.05390625 0.1609375 0.1078125
0 0.6453125 0.98359375 0.1546875 0.0328125
0 0.64375 0.990625 0.15 0.01875