0 0.6734375 0.7171875 0.16875 0.1609375
0 0.9453125 0.41015625 0.1015625 0.1484375
0 0.80859375 0.259375 0.121875 0.1484375
0 0.9453125 0.1265625 0.109375 0.1453125
0 0.77734375 0.0375 0.15625 0.075
0 0.6265625 0.134375 0.153125 0.1328125
0 0.475 0.290625 0.1375 0.140625
0 0.6421875 0.43125 0.1375 0.1609375
0 0.8109375 0.584375 0.1453125 0.1484375
0 0.95703125 0.709375 0.0859375 0.1453125
0 0.8578125 0.87109375 0.1375 0.1328125
0 0.5140625 0.8890625 0.125 0.1375
0 0.49609375 0.571875 0.140625 0.1296875
0 0.30859375 0.453125 0.1484375 0.1171875
0 0.165625 0.5953125 0.1328125 0.1453125
0 0.3421875 0.75 0.1484375 0.1375
0 0.1953125 0.89453125 0.1140625 0.1171875
0 0.0390625 0.759375 0.078125 0.1453125
0 0.13671875 0.2953125 0.125 0.1296875
0 0.3109375 0.140625 0.153125 0.1328125
0 0.11875 0.046875 0.1375 0.09375
0 0.446875 0.0328125 0.146875 0.065625
0 0.03046875 0.475 0.0609375 0.115625
0 0.03359375 0.17578125 0.0671875 0.16640625 0.681195 0.976691 0.14621 0.046209 0.03359375 0.17578125
0 0.97265625 0.9609375 0.0546875 0.078125
0 0.05078125 0.9828125 0.1015625 0.034375
0 0.04921875 0.9859375 0.096875 0.028125