0 0.4921875 0.1546875 0.21875 0.2
0 0.69609375 0.0796875 0.2078125 0.159375
0 0.9046875 0.44140625 0.184375 0.1953125
0 0.12890625 0.7984375 0.1953125 0.1765625
0 0.509375 0.6171875 0.2390625 0.203125
0 0.19921875 0.0859375 0.2109375 0.171875
0 0.9234375 0.8984375 0.1375 0.1640625
0 0.7109375 0.53515625 0.234375 0.21875
0 0.1171875 0.3421875 0.203125 0.2
0 0.60546875 0.3421875 0.21875 0.2234375
0 0.62890625 0.8109375 0.21875 0.1921875
0 0.4375 0.8921875 0.1875 0.1765625
0 0.3046875 0.725 0.2109375 0.2078125
0 0.3125 0.259375 0.1875 0.2078125
0 0.4046875 0.44375 0.215625 0.2078125
0 0.0609375 0.6171875 0.121875 0.1875
0 0.2015625 0.52734375 0.1375 0.1375
0 0.8203125 0.7328125 0.1453125 0.121875
0 0.9453125 0.6484375 0.109375 0.21875
0 0.80078125 0.2359375 0.140625 0.153125
0 0.21484375 0.9453125 0.2109375 0.1015625
0 0.728125 0.94921875 0.2546875 0.1015625
0 0.04296875 0.1640625 0.0859375 0.1875 0.9075240000000001 0.025438 0.179091 0.05087699999999999 0.04296875 0.1640625
0 0.38671875 0.025 0.1765625 0.05