0 0.2671875 0.91796875 0.1296875 0.1328125
0 0.96875 0.92578125 0.0625 0.10625
0 0.7203125 0.67578125 0.1796875 0.1296875
0 0.44609375 0.95078125 0.1609375 0.0984375
0 0.959375 0.3421875 0.075 0.1375
0 0.6328125 0.915625 0.1375 0.140625
0 0.415625 0.83984375 0.1171875 0.1171875
0 0.86015625 0.94296875 0.1296875 0.1140625
0 0.97265625 0.5484375 0.0546875 0.1140625
0 0.8453125 0.58984375 0.121875 0.125
0 0.9234375 0.71484375 0.1015625 0.109375
0 0.83984375 0.8296875 0.1921875 0.1328125 0.1776121296875 0.2078630859375 0.83984375 0.8296875
0 0.1776121296875 0.2078630859375 0.068166 0.10509500000000001 0.034092 0.946868 0.1776121296875 0.2078630859375