0 0.91015625 0.0796875 0.1640625 0.159375
0 0.57890625 0.0484375 0.1828125 0.096875
0 0.6421875 0.759375 0.2 0.1765625
0 0.7421875 0.1875 0.2265625 0.1875
0 0.2109375 0.2734375 0.1796875 0.171875
0 0.3109375 0.7484375 0.2 0.1921875
0 0.4296875 0.8921875 0.1484375 0.1765625
0 0.6859375 0.4859375 0.2 0.184375
0 0.50390625 0.609375 0.1640625 0.15625
0 0.3671875 0.44375 0.203125 0.2078125
0 0.384375 0.16015625 0.16875 0.171875
0 0.1546875 0.5796875 0.153125 0.184375
0 0.0546875 0.41796875 0.109375 0.1796875
0 0.26171875 0.040625 0.1953125 0.08125
0 0.9359375 0.790625 0.121875 0.153125
0 0.8609375 0.3421875 0.1921875 0.2
0 0.821875 0.6234375 0.1765625 0.1765625
0 0.5546875 0.2984375 0.203125 0.1921875
0 0.7734375 0.921875 0.1796875 0.1484375
0 0.08203125 0.1234375 0.1609375 0.1765625
0 0.2686010203125 0.2455965984375 0.9546875 0.51171875 0.18588 0.041845 0.2686010203125 0.2455965984375
0 0.2686010203125 0.2455965984375 0.090625 0.1765625 0.566332 0.9789429999999999 0.2686010203125 0.2455965984375
0 0.975 0.2296875 0.05 0.19375
0 0.0328125 0.9484375 0.065625 0.103125