0 0.2875 0.7484375 0.1375 0.121875
0 0.5921875 0.82421875 0.1375 0.1484375
0 0.275 0.26171875 0.1140625 0.1375
0 0.4859375 0.171875 0.1453125 0.109375
0 0.6890625 0.07421875 0.125 0.0984375
0 0.9546875 0.165625 0.090625 0.0859375
0 0.7984375 0.265625 0.10625 0.090625
0 0.88125 0.453125 0.1484375 0.121875
0 0.6953125 0.54296875 0.1296875 0.109375
0 0.5921875 0.3578125 0.140625 0.125
0 0.396875 0.4546875 0.121875 0.125
0 0.48046875 0.6390625 0.1171875 0.1171875
0 0.8140625 0.7328125 0.090625 0.09375
0 0.96875 0.634375 0.0625 0.125
0 0.9140625 0.915625 0.140625 0.121875
0 0.40625 0.93125 0.1328125 0.125
0 0.0796875 0.846875 0.159375 0.153125
0 0.1859375 0.56640625 0.1171875 0.1140625
0 0.0859375 0.38671875 0.1328125 0.1453125
0 0.1859375 0.09375 0.121875 0.125 0.375025 0.027392 0.132869 0.054784 0.1859375 0.09375
0 0.70625 0.978125 0.1453125 0.04375
0 0.0265625 0.1671875 0.053125 0.1234375
0 0.89765625 0.0203125 0.1234375 0.040625
0 0.02265625 0.6546875 0.0453125 0.13125
0 0.203125 0.9828125 0.1359375 0.0328125
0 0.203125 0.98671875 0.134375 0.0265625
0 0.89921875 0.0140625 0.11875 0.028125
0 0.0125 0.6515625 0.025 0.1296875
0 0.70390625 0.984375 0.1421875 0.03125