0 0.2359375 0.2484375 0.246875 0.2
0 0.9296875 0.5171875 0.125 0.2078125
0 0.6 0.546875 0.1921875 0.2078125
0 0.7875 0.390625 0.1484375 0.1875
0 0.5171875 0.2640625 0.1796875 0.1640625
0 0.66015625 0.303125 0.10625 0.1140625
0 0.94921875 0.1265625 0.1015625 0.1484375
0 0.81875 0.0703125 0.2234375 0.1328125
0 0.57890625 0.05390625 0.1921875 0.1078125
0 0.396875 0.115625 0.16875 0.1328125
0 0.93359375 0.27734375 0.1328125 0.15625
0 0.759375 0.196875 0.1875 0.1375
0 0.2438774234375 0.138986996875 0.693917 0.017955 0.195372 0.035817 0.2438774234375 0.138986996875
0 0.2438774234375 0.138986996875 0.1796875 0.15625 0.36953125 0.40625 0.2438774234375 0.138986996875
0 0.45390625 0.02734375 0.2046875 0.0546875