0 0.9234375 0.06640625 0.1453125 0.1328125
0 0.6421875 0.665625 0.1921875 0.1609375
0 0.6234375 0.0796875 0.1609375 0.153125
0 0.478125 0.2171875 0.1921875 0.1765625
0 0.2828125 0.3765625 0.1328125 0.1328125
0 0.615625 0.37109375 0.140625 0.10625
0 0.7796875 0.22265625 0.140625 0.140625
0 0.94921875 0.353125 0.1015625 0.16875
0 0.8109375 0.5015625 0.1484375 0.16875
0 0.953125 0.63671875 0.09375 0.109375
0 0.8421875 0.8109375 0.121875 0.1453125
0 0.44375 0.51953125 0.140625 0.1296875
0 0.29296875 0.6890625 0.1296875 0.10625
0 0.46484375 0.82421875 0.1328125 0.1453125
0 0.66796875 0.953125 0.140625 0.09375
0 0.96171875 0.94296875 0.0734375 0.1140625
0 0.125 0.5375 0.1609375 0.1375
0 0.12109375 0.853125 0.1015625 0.1140625
0 0.1323043546875 0.11030956249999999 0.287643 0.07478900000000001 0.125 0.075 0.1323043546875 0.11030956249999999
0 0.30859375 0.9625 0.1323043546875 0.11030956249999999 0.11086499999999999 0.11521200000000001 0.30859375 0.9625
0 0.025 0.68515625 0.05 0.1671875
0 0.03203125 0.965625 0.0640625 0.06875
0 0.01640625 0.6859375 0.0328125 0.165625