0 0.9296875 0.0796875 0.1328125 0.153125
0 0.853125 0.81640625 0.1765625 0.15625
0 0.625 0.45703125 0.125 0.1171875
0 0.82421875 0.3734375 0.1375 0.121875
0 0.7125 0.19375 0.1140625 0.1140625
0 0.97421875 0.25625 0.0515625 0.09375
0 0.92578125 0.540625 0.1484375 0.125
0 0.74375 0.6578125 0.1796875 0.140625
0 0.5296875 0.7359375 0.1453125 0.1171875
0 0.6390625 0.9296875 0.153125 0.140625
0 0.415625 0.56640625 0.10625 0.109375
0 0.521875 0.28515625 0.1375 0.15625
0 0.321875 0.3921875 0.1171875 0.125
0 0.23046875 0.2015625 0.153125 0.1453125
0 0.4234375 0.09375 0.15625 0.1296875
0 0.6234375 0.0390625 0.1609375 0.078125
0 0.03515625 0.2984375 0.0703125 0.1296875
0 0.12109375 0.4984375 0.140625 0.125
0 0.225 0.65 0.153125 0.140625
0 0.3296875 0.85 0.1171875 0.1171875
0 0.1234375 0.9359375 0.171875 0.121875
0 0.1023015265625 0.12109376406250001 0.090625 0.109375 0.0453125 0.7421875 0.1023015265625 0.12109376406250001
0 0.1023015265625 0.12109376406250001 0.9462170000000001 0.968062 0.10756600000000001 0.063719 0.1023015265625 0.12109376406250001
0 0.44296875 0.97734375 0.146875 0.0453125
0 0.9875 0.72734375 0.025 0.1296875
0 0.99140625 0.72734375 0.0171875 0.13125