0 0.896875 0.5609375 0.2 0.1921875
0 0.8828125 0.8296875 0.2265625 0.2
0 0.9140625 0.2984375 0.1640625 0.153125
0 0.928125 0.0859375 0.1375 0.171875
0 0.546875 0.28515625 0.140625 0.1640625
0 0.5296875 0.96484375 0.1921875 0.0625
0 0.5625 0.790625 0.1875 0.1453125
0 0.0296875 0.2796875 0.059375 0.184375
0 0.8984375 0.9828125 0.1328125 0.028125
0 0.5921875 0.51171875 0.2 0.1609375
0 0.1373286875 0.1136808765625 0.03379 0.059988 0.067527 0.11977199999999999 0.1373286875 0.1136808765625
0 0.1373286875 0.1136808765625 0.1953125 0.14375 0.61640625 0.071875 0.1373286875 0.1136808765625
0 0.01875 0.5125 0.0375 0.15
0 0.0140625 0.5125 0.028125 0.159375