0 0.3109375 0.4984375 0.246875 0.23125
0 0.5171875 0.853125 0.1921875 0.1921875
0 0.109375 0.5921875 0.1875 0.184375
0 0.290625 0.9234375 0.1453125 0.1375
0 0.1859375 0.2984375 0.1609375 0.1453125
0 0.09765625 0.109375 0.15625 0.15625
0 0.4125 0.69375 0.1921875 0.15625
0 0.0390625 0.88671875 0.078125 0.1484375
0 0.40234375 0.1796875 0.140625 0.1171875
0 0.5921875 0.103125 0.10625 0.10625
0 0.625 0.5796875 0.125 0.1015625
0 0.7125 0.7515625 0.109375 0.0859375
0 0.93125 0.66015625 0.1015625 0.090625
0 0.23818015468749998 0.1742715875 0.8125 0.4859375 0.17746 0.048910999999999996 0.23818015468749998 0.1742715875
0 0.23818015468749998 0.1742715875 0.0984375 0.0984375 0.626246 0.975458 0.23818015468749998 0.1742715875
0 0.28359375 0.0421875 0.128125 0.084375
0 0.11640625 0.97578125 0.1734375 0.0484375
0 0.80859375 0.0265625 0.1203125 0.053125
0 0.040625 0.0171875 0.08125 0.034375
0 0.92109375 0.17890625 0.078125 0.09375
0 0.115625 0.984375 0.1625 0.03125