0 0.34765625 0.76171875 0.1328125 0.1328125
0 0.4296875 0.48046875 0.140625 0.1171875
0 0.540625 0.196875 0.1375 0.153125
0 0.328125 0.2953125 0.153125 0.1484375
0 0.65 0.36328125 0.153125 0.1328125
0 0.86875 0.28125 0.1375 0.140625
0 0.94921875 0.4765625 0.1015625 0.1296875
0 0.7328125 0.571875 0.171875 0.153125
0 0.5484375 0.6546875 0.1171875 0.1375
0 0.94375 0.9234375 0.10625 0.1140625
0 0.24609375 0.584375 0.125 0.1140625
0 0.04296875 0.6578125 0.0859375 0.1484375
0 0.13125 0.859375 0.121875 0.121875
0 0.11875 0.3828125 0.1296875 0.109375
0 0.734375 0.0875 0.125 0.0984375
0 0.21484375 0.11328125 0.1609375 0.1484375
0 0.046875 0.1859375 0.09375 0.171875
0 0.42265625 0.0328125 0.1515625 0.065625