0 0.51171875 0.178125 0.0859375 0.1140625
0 0.96484375 0.3765625 0.0703125 0.10625
0 0.7828125 0.4921875 0.078125 0.1140625
0 0.94140625 0.6390625 0.10625 0.09375
0 0.6578125 0.328125 0.1140625 0.109375
0 0.31875 0.6109375 0.140625 0.1375
0 0.4609375 0.7734375 0.1171875 0.121875
0 0.6 0.92578125 0.10625 0.1140625
0 0.2640625 0.8921875 0.1171875 0.1375
0 0.125 0.7328125 0.125 0.10625
0 0.021875 0.56640625 0.04375 0.10625
0 0.1734375 0.4359375 0.125 0.1375
0 0.0390625 0.2734375 0.078125 0.121875
0 0.3453125 0.0296875 0.1140625 0.059375
0 0.1500177328125 0.10368203125 0.8360519999999999 0.222408 0.153125 0.0671875 0.1500177328125 0.10368203125
0 0.0765625 0.96640625 0.1500177328125 0.10368203125 0.096002 0.094334 0.0765625 0.96640625
0 0.97109375 0.08984375 0.0578125 0.15
0 0.01171875 0.828125 0.0234375 0.128125
0 0.00859375 0.8296875 0.0171875 0.125