0 0.91015625 0.69921875 0.171875 0.1796875
0 0.6109375 0.1234375 0.215625 0.1609375
0 0.72265625 0.796875 0.2421875 0.2109375
0 0.5234375 0.884375 0.2109375 0.2
0 0.103125 0.11640625 0.20625 0.1953125
0 0.41015625 0.228125 0.2109375 0.2078125
0 0.4046875 0.7046875 0.2390625 0.2078125
0 0.31875 0.50390625 0.23125 0.2109375
0 0.6171875 0.59765625 0.234375 0.2109375
0 0.8109375 0.4984375 0.184375 0.184375
0 0.1171875 0.603125 0.2265625 0.2
0 0.1859375 0.3296875 0.2390625 0.215625
0 0.9046875 0.196875 0.184375 0.153125
0 0.7171875 0.3109375 0.215625 0.2078125
0 0.31015625 0.05625 0.1921875 0.1125
0 0.4984375 0.4046875 0.1921875 0.215625
0 0.9609375 0.88671875 0.0625 0.1640625
0 0.05078125 0.4203125 0.1015625 0.1796875
0 0.0484375 0.88828125 0.096875 0.2109375
0 0.3203125 0.9390625 0.2078125 0.121875
0 0.9609375 0.4359375 0.078125 0.1953125
0 0.82421875 0.94921875 0.21875 0.1015625
0 0.8203125 0.0625 0.2109375 0.125
0 0.15717643125 0.048921884375 0.052629 0.026017000000000002 0.10515699999999999 0.051980000000000005 0.15717643125 0.048921884375
0 0.15717643125 0.048921884375 0.190625 0.05625 0.5109375 0.028125 0.15717643125 0.048921884375
0 0.95078125 0.025 0.0984375 0.05
0 0.6265625 0.98671875 0.2203125 0.0265625
0 0.2171875 0.80390625 0.11875 0.1265625