0 0.26171875 0.1109375 0.1640625 0.1609375
0 0.5859375 0.6796875 0.1484375 0.1171875
0 0.94921875 0.47265625 0.09375 0.15625
0 0.775 0.09375 0.184375 0.125
0 0.5765625 0.196875 0.1609375 0.1453125
0 0.89453125 0.2828125 0.1765625 0.153125
0 0.69375 0.37890625 0.1796875 0.1640625
0 0.796875 0.58203125 0.1765625 0.140625
0 0.9 0.7734375 0.2 0.1765625
0 0.70703125 0.865625 0.1484375 0.140625
0 0.4703125 0.484375 0.1453125 0.171875
0 0.37109375 0.3046875 0.153125 0.1328125
0 0.46875 0.0484375 0.171875 0.096875
0 0.071875 0.21484375 0.140625 0.140625
0 0.140625 0.38671875 0.1640625 0.140625
0 0.2578125 0.5859375 0.215625 0.1765625
0 0.3515625 0.75390625 0.153125 0.140625
0 0.478125 0.93359375 0.21875 0.1328125
0 0.16015625 0.875 0.1796875 0.1609375
0 0.06640625 0.678125 0.1328125 0.171875 0.943605 0.042492999999999996 0.112789 0.084809 0.06640625 0.678125
0 0.9671875 0.93671875 0.065625 0.1265625
0 0.025 0.9359375 0.05 0.128125
0 0.2625 0.98046875 0.1796875 0.0390625
0 0.1546875 0.00703125 0.1546875 0.0140625
0 0.01953125 0.0515625 0.0390625 0.103125
0 0.2640625 0.98671875 0.2 0.0265625
0 0.0125 0.4890625 0.025 0.15
0 0.01640625 0.934375 0.0328125 0.1296875
0 0.01875 0.4890625 0.0375 0.1546875