0 0.6171875 0.1109375 0.1640625 0.1453125
0 0.3046875 0.853125 0.203125 0.2
0 0.296875 0.0921875 0.140625 0.153125
0 0.59765625 0.91015625 0.1640625 0.171875
0 0.665625 0.6109375 0.1765625 0.1765625
0 0.75390625 0.2671875 0.203125 0.2078125
0 0.06875 0.50390625 0.1375 0.1484375
0 0.9546875 0.3734375 0.0828125 0.1453125
0 0.125 0.19375 0.1875 0.1765625
0 0.421875 0.2515625 0.1375 0.1359375
0 0.234375 0.3765625 0.153125 0.1453125
0 0.53515625 0.4375 0.1609375 0.1609375
0 0.8609375 0.49609375 0.1484375 0.1484375
0 0.3609375 0.5640625 0.09375 0.09375
0 0.1625 0.67578125 0.1765625 0.1453125
0 0.0390625 0.8109375 0.078125 0.1609375
0 0.48046875 0.75625 0.1484375 0.1609375
0 0.77734375 0.7984375 0.1328125 0.1296875
0 0.91953125 0.9375 0.1609375 0.125
0 0.928125 0.19140625 0.1328125 0.1875
0 0.8125 0.0390625 0.1640625 0.078125
0 0.1109375 0.96484375 0.153125 0.0703125 0.036719 0.040371000000000004 0.073317 0.080681 0.1109375 0.96484375
0 0.959375 0.828125 0.08125 0.15625
0 0.490625 0.0171875 0.159375 0.034375
0 0.0234375 0.321875 0.046875 0.1703125