0 0.8046875 0.11875 0.184375 0.1328125
0 0.7265625 0.29296875 0.16875 0.1875
0 0.859375 0.5703125 0.1609375 0.2109375
0 0.69140625 0.70703125 0.1640625 0.1640625
0 0.87109375 0.8265625 0.1921875 0.2234375
0 0.6109375 0.88125 0.16875 0.1484375
0 0.48828125 0.95078125 0.2109375 0.0984375
0 0.43359375 0.74609375 0.1765625 0.2
0 0.2421875 0.7828125 0.1796875 0.1609375
0 0.2828125 0.9375 0.1875 0.125
0 0.28125 0.57421875 0.171875 0.171875
0 0.0953125 0.47734375 0.190625 0.1984375
0 0.3984375 0.4125 0.184375 0.2234375
0 0.196875 0.328125 0.21875 0.2
0 0.6234375 0.41796875 0.215625 0.1609375
0 0.515625 0.584375 0.2109375 0.1171875
0 0.0609375 0.66015625 0.121875 0.153125
0 0.08984375 0.06640625 0.1640625 0.121875
0 0.31640625 0.14453125 0.2109375 0.1765625
0 0.5015625 0.225 0.153125 0.1484375
0 0.56875 0.078125 0.1640625 0.140625
0 0.96875 0.65234375 0.0625 0.2
0 0.0421875 0.22578125 0.084375 0.2
0 0.796875 0.95859375 0.1609375 0.0828125
0 0.89140625 0.4078125 0.0984375 0.1109375
0 0.2078125 0.97734375 0.2078125 0.0453125
0 0.40703125 0.02578125 0.171875 0.0515625
0 0.96796875 0.47265625 0.0640625 0.1421875
0 0.20625 0.98359375 0.2 0.0328125