0 0.478125 0.8984375 0.1765625 0.140625
0 0.2796875 0.3109375 0.16875 0.1453125
0 0.28515625 0.69921875 0.1796875 0.1875
0 0.47265625 0.1421875 0.1875 0.153125
0 0.0796875 0.5234375 0.1453125 0.140625
0 0.6859375 0.69921875 0.1765625 0.1953125
0 0.884375 0.509375 0.1375 0.1375
0 0.46484375 0.51171875 0.140625 0.15625
0 0.6703125 0.3125 0.1484375 0.2078125
0 0.896875 0.8609375 0.1484375 0.1484375
0 0.06875 0.90625 0.1375 0.171875
0 0.21885568593750002 0.0416497953125 0.1625 0.1359375 0.8734375 0.1046875 0.21885568593750002 0.0416497953125