0 0.1484375 0.69140625 0.234375 0.2421875
0 0.634375 0.0921875 0.2078125 0.184375
0 0.35546875 0.84375 0.2578125 0.25
0 0.9234375 0.5609375 0.1453125 0.2
0 0.71875 0.3984375 0.1875 0.2109375
0 0.54296875 0.60546875 0.2421875 0.2265625
0 0.7671875 0.790625 0.2390625 0.23125
0 0.234375 0.140625 0.2265625 0.21875
0 0.296875 0.478125 0.25 0.23125
0 0.4859375 0.25625 0.215625 0.2
0 0.875 0.19140625 0.21875 0.2109375
0 0.0796875 0.353125 0.153125 0.1765625
0 0.94375 0.91015625 0.10625 0.171875
0 0.0625 0.89609375 0.125 0.2078125
0 0.609375 0.9375 0.1953125 0.125 0.057506999999999996 0.044727 0.11501399999999999 0.089454 0.609375 0.9375
0 0.20078125 0.96953125 0.2484375 0.0609375
0 0.01875 0.54140625 0.0375 0.1765625
0 0.39609375 0.0140625 0.2015625 0.028125
0 0.9609375 0.0390625 0.078125 0.078125