0 0.571875 0.103125 0.1765625 0.16875
0 0.1234375 0.2734375 0.184375 0.15625
0 0.4546875 0.8609375 0.16875 0.1453125
0 0.9296875 0.6734375 0.125 0.153125
0 0.60546875 0.3984375 0.1640625 0.1484375
0 0.9359375 0.9453125 0.121875 0.1015625
0 0.765625 0.5546875 0.15625 0.140625
0 0.265625 0.09765625 0.1484375 0.125
0 0.428125 0.24375 0.125 0.1328125
0 0.7578125 0.24375 0.153125 0.121875
0 0.9046875 0.0921875 0.15625 0.1328125
0 0.921875 0.35546875 0.1453125 0.1328125
0 0.6484375 0.703125 0.1453125 0.1296875
0 0.80078125 0.82421875 0.1375 0.1296875
0 0.6109375 0.9546875 0.153125 0.090625
0 0.4625 0.56875 0.16875 0.153125
0 0.2796875 0.415625 0.1609375 0.125
0 0.1171875 0.5703125 0.140625 0.1453125
0 0.29296875 0.7125 0.1796875 0.153125
0 0.1421875 0.859375 0.171875 0.1765625
0 0.0984375 0.03671875 0.196875 0.0734375
0 0.41875 0.02265625 0.19375 0.0453125
0 0.7375 0.02265625 0.19375 0.0453125
0 0.110372359375 0.25400324375 0.075 0.134375 0.0375 0.7109375 0.110372359375 0.25400324375
0 0.110372359375 0.25400324375 0.320098 0.963289 0.139186 0.073332 0.110372359375 0.25400324375
0 0.03984375 0.96875 0.0796875 0.0625
0 0.0125 0.1375 0.025 0.16875
0 0.0171875 0.1390625 0.034375 0.1703125
0 0.009375 0.13984375 0.01875 0.1671875