0 0.1578125 0.19921875 0.121875 0.121875
0 0.36875 0.0859375 0.140625 0.1171875
0 0.0625 0.05078125 0.109375 0.1015625
0 0.4828125 0.2890625 0.140625 0.125
0 0.665625 0.1796875 0.1484375 0.109375
0 0.8578125 0.078125 0.1640625 0.121875
0 0.9625 0.26171875 0.075 0.140625
0 0.77734375 0.3515625 0.125 0.1296875
0 0.87109375 0.553125 0.1453125 0.1015625
0 0.6703125 0.6546875 0.1609375 0.153125
0 0.5859375 0.459375 0.16875 0.1484375
0 0.38125 0.5765625 0.1609375 0.1375
0 0.271875 0.384375 0.1375 0.10625
0 0.078125 0.47265625 0.1328125 0.125
0 0.178125 0.65625 0.1375 0.1328125
0 0.46875 0.75390625 0.1328125 0.1375
0 0.78515625 0.828125 0.1375 0.121875
0 0.9625 0.7328125 0.075 0.15625
0 0.59765625 0.928125 0.15625 0.1375
0 0.29296875 0.8453125 0.1640625 0.1296875
0 0.084375 0.94140625 0.16875 0.109375
0 0.1383921765625 0.13819683437500002 0.555215 0.027665000000000002 0.152295 0.055279 0.1383921765625 0.13819683437500002
0 0.1383921765625 0.13819683437500002 0.0703125 0.15625 0.03515625 0.75390625 0.1383921765625 0.13819683437500002
0 0.89921875 0.97578125 0.140625 0.0484375
0 0.3890625 0.97890625 0.1671875 0.040625
0 0.021875 0.2953125 0.04375 0.1359375
0 0.38984375 0.98515625 0.171875 0.0296875
0 0.0140625 0.29453125 0.028125 0.1375