0 0.32421875 0.19921875 0.125 0.1453125
0 0.23203125 0.040625 0.1484375 0.08125
0 0.23828125 0.46875 0.121875 0.1375
0 0.6734375 0.271875 0.1171875 0.10625
0 0.46484375 0.3734375 0.0984375 0.090625
0 0.54296875 0.55078125 0.121875 0.1296875
0 0.3515625 0.62890625 0.125 0.1015625
0 0.484375 0.81875 0.109375 0.1296875
0 0.6625 0.7421875 0.10625 0.125
0 0.87890625 0.61328125 0.125 0.1171875
0 0.96640625 0.82578125 0.0671875 0.1203125
0 0.2453125 0.94296875 0.1125 0.1140625
0 0.9546875 0.35546875 0.090625 0.109375