0 0.7171875 0.5609375 0.2234375 0.184375
0 0.1734375 0.1109375 0.1921875 0.1921875
0 0.8671875 0.25390625 0.1953125 0.1796875
0 0.88671875 0.696875 0.203125 0.2078125
0 0.3609375 0.25390625 0.2078125 0.1875
0 0.540625 0.7171875 0.2 0.1609375
0 0.5296875 0.3984375 0.2 0.203125
0 0.3734375 0.5609375 0.16875 0.1609375
0 0.1859375 0.4359375 0.2 0.184375
0 0.73046875 0.8609375 0.1953125 0.1765625
0 0.6796875 0.1109375 0.21875 0.16875
0 0.0375 0.275 0.075 0.159375
0 0.0484375 0.596875 0.096875 0.16875
0 0.21484375 0.709375 0.1171875 0.140625
0 0.3921875 0.8671875 0.125 0.153125
0 0.06640625 0.890625 0.125 0.1140625
0 0.8734375 0.95703125 0.2 0.0859375
0 0.959375 0.83046875 0.08125 0.178125
0 0.95078125 0.39296875 0.0984375 0.1828125
0 0.47734375 0.0265625 0.2359375 0.053125
0 0.79296875 0.05234375 0.209375 0.1046875
0 0.05 0.05078125 0.1 0.1015625
0 0.234375 0.97265625 0.178125 0.0546875
0 0.5484375 0.97265625 0.178125 0.0546875