0 0.4859375 0.7734375 0.2 0.1875
0 0.7796875 0.3921875 0.2 0.1921875
0 0.6796875 0.69140625 0.171875 0.15625
0 0.1546875 0.1859375 0.1921875 0.184375
0 0.35546875 0.09765625 0.1796875 0.1640625
0 0.8671875 0.1171875 0.1796875 0.171875
0 0.2671875 0.4046875 0.1984375 0.16875
0 0.46484375 0.303125 0.153125 0.1484375
0 0.68359375 0.2109375 0.1484375 0.1484375
0 0.5609375 0.05078125 0.171875 0.1015625
0 0.071875 0.05390625 0.14375 0.1046875
0 0.06640625 0.5015625 0.1328125 0.1328125
0 0.5796875 0.490625 0.1765625 0.1453125
0 0.9625 0.2875 0.075 0.1375
0 0.87109375 0.578125 0.1765625 0.1609375
0 0.38125 0.578125 0.16875 0.1484375
0 0.171875 0.6890625 0.171875 0.153125
0 0.259375 0.875 0.159375 0.1484375
0 0.7828125 0.8734375 0.16875 0.125
0 0.5765625 0.95703125 0.125 0.0859375
0 0.084375 0.9390625 0.1609375 0.121875
0 0.0726303953125 0.1868760859375 0.037574 0.163678 0.018787 0.312758 0.0726303953125 0.1868760859375
0 0.953125 0.76953125 0.09375 0.1375 0.0726303953125 0.1868760859375 0.953125 0.76953125
0 0.37421875 0.98203125 0.15 0.0359375
0 0.0234375 0.78125 0.046875 0.165625
0 0.24609375 0.0078125 0.178125 0.015625