0 0.415625 0.259375 0.16875 0.1359375
0 0.603125 0.1171875 0.1375 0.1328125
0 0.3359375 0.56875 0.171875 0.1453125
0 0.91015625 0.63671875 0.1640625 0.1484375
0 0.96484375 0.3421875 0.0625 0.153125
0 0.5453125 0.43359375 0.10625 0.1015625
0 0.7203125 0.2890625 0.1328125 0.125
0 0.9046875 0.1625 0.16875 0.1484375
0 0.84375 0.475 0.09375 0.090625
0 0.6421875 0.615625 0.1484375 0.121875
0 0.73828125 0.78125 0.125 0.1328125
0 0.8515625 0.953125 0.1453125 0.09375
0 0.46875 0.73828125 0.1375 0.121875
0 0.259375 0.87890625 0.109375 0.0859375
0 0.15234375 0.72265625 0.1328125 0.153125
0 0.0375 0.509375 0.075 0.1375
0 0.23046875 0.38671875 0.1375 0.1375
0 0.11875 0.17578125 0.1296875 0.1328125
0 0.3046875 0.084375 0.121875 0.1296875
0 0.79609375 0.040625 0.1671875 0.08125 0.181558984375 0.11083392343750001 0.79609375 0.040625
0 0.181558984375 0.11083392343750001 0.128603 0.11688400000000002 0.568961 0.908307 0.181558984375 0.11083392343750001
0 0.075 0.971875 0.1421875 0.05625
0 0.97890625 0.82109375 0.0421875 0.1578125
0 0.0265625 0.02578125 0.053125 0.0515625
0 0.98515625 0.821875 0.0296875 0.1578125
0 0.0234375 0.0234375 0.046875 0.046875