0 0.5296875 0.59765625 0.23125 0.2265625
0 0.759375 0.4546875 0.2390625 0.215625
0 0.796875 0.0765625 0.1875 0.153125
0 0.56640625 0.23046875 0.2109375 0.1953125
0 0.1109375 0.88359375 0.221875 0.2078125
0 0.290625 0.7484375 0.2078125 0.2078125
0 0.1859375 0.1859375 0.1921875 0.1921875
0 0.4546875 0.921875 0.215625 0.1484375
0 0.7109375 0.8046875 0.203125 0.171875
0 0.3921875 0.0609375 0.1921875 0.121875
0 0.94375 0.2734375 0.10625 0.1796875
0 0.88671875 0.94921875 0.2109375 0.09375
0 0.9046875 0.62890625 0.1765625 0.1953125
0 0.353125 0.3921875 0.1921875 0.1765625
0 0.140625 0.5484375 0.2 0.2078125 0.11593764687500001 0.11272250624999999 0.140625 0.5484375
0 0.03515625 0.3328125 0.0703125 0.1734375
0 0.01796875 0.69765625 0.0359375 0.1984375
0 0.0125 0.70078125 0.025 0.20625