0 0.2171875 0.2421875 0.2078125 0.1875
0 0.51171875 0.16015625 0.2109375 0.1796875
0 0.884375 0.82421875 0.1921875 0.1796875
0 0.4609375 0.62890625 0.21875 0.203125
0 0.2734375 0.5171875 0.1640625 0.2078125
0 0.384375 0.321875 0.2 0.1765625
0 0.34765625 0.8046875 0.1953125 0.1953125
0 0.1421875 0.69140625 0.184375 0.171875
0 0.7109375 0.28125 0.1953125 0.1875
0 0.3046875 0.0859375 0.234375 0.171875
0 0.60546875 0.4546875 0.1953125 0.2078125
0 0.94375 0.6421875 0.10625 0.153125
0 0.0703125 0.41015625 0.1375 0.1453125
0 0.51875 0.92890625 0.109375 0.10625
0 0.7171875 0.946875 0.1640625 0.10625
0 0.05859375 0.884375 0.1171875 0.1921875
0 0.390625 0.04375 0.2 0.0875
0 0.390625 0.04375 0.2 0.0875
0 0.9546875 0.9484375 0.090625 0.103125