0 0.38125 0.165625 0.2390625 0.2078125
0 0.7984375 0.44921875 0.16875 0.15625
0 0.196875 0.734375 0.215625 0.203125
0 0.1859375 0.2734375 0.215625 0.203125
0 0.4859375 0.35546875 0.2234375 0.2109375
0 0.0796875 0.5234375 0.159375 0.171875
0 0.5796875 0.0859375 0.184375 0.171875
0 0.5921875 0.546875 0.2078125 0.2109375
0 0.0859375 0.09765625 0.171875 0.1953125
0 0.8109375 0.05078125 0.1921875 0.1015625
0 0.8296875 0.8984375 0.2234375 0.1953125
0 0.696875 0.72265625 0.2078125 0.1953125
0 0.8921875 0.63671875 0.1765625 0.2109375
0 0.4984375 0.81640625 0.23125 0.1796875
0 0.290625 0.44921875 0.190625 0.2109375
0 0.6859375 0.26171875 0.2 0.1953125
0 0.290625 0.915625 0.153125 0.1609375
0 0.94140625 0.34765625 0.109375 0.1953125
0 0.29765625 0.025 0.1515625 0.05
0 0.4046875 0.65 0.1484375 0.125
0 0.884375 0.1578125 0.1765625 0.1609375
0 0.1015625 0.95859375 0.171875 0.0828125
0 0.0484375 0.828125 0.096875 0.1875
0 0.1257296234375 0.25179812031250004 0.062013 0.160519 0.031006 0.35747399999999996 0.1257296234375 0.25179812031250004
0 0.60546875 0.9390625 0.2421875 0.121875 0.1257296234375 0.25179812031250004 0.60546875 0.9390625
0 0.959375 0.8171875 0.08125 0.1921875
0 0.96015625 0.81875 0.0796875 0.1953125
0 0.98671875 0.078125 0.0265625 0.15625
0 0.98203125 0.08125 0.0359375 0.1625
0 0.990625 0.0765625 0.01875 0.153125