0 0.385008246875 0.6041160750000001 0.385008246875 0.4938251171875 0.2888786609375 0.4408854328125 0.22097067187500002 0.47882557031250006 0.20509600312499998 0.590881175 0.30651710625 0.657055784375 0.385008246875 0.6041160750000001
0 0.216479121875 0.3705304921875 0.351516421875 0.4115032625 0.3891498671875 0.3816042109375 0.42567626562500005 0.304088140625 0.41792828593750003 0.21439100312499998 0.3415546484375 0.18892148125 0.25964675000000004 0.24650479375 0.216479121875 0.3705304921875
0 0.46410997187499997 0.49109304375 0.4352980859375 0.57523121875 0.5147253984375 0.6648227343750001 0.6120627421875 0.631323284375 0.65021898125 0.542510796875 0.6034971140625001 0.4731747390625 0.5053809921875 0.4755119109375 0.46410997187499997 0.49109304375
0 0.6887144921874999 0.7288331453125 0.7847339921875001 0.6794022656250001 0.7884628984375001 0.6057223125 0.7129523046874999 0.5516281015625 0.5871013171875 0.607587590625 0.6160005468749999 0.7064493406250001 0.6887144921874999 0.7288331453125
0 0.478107371875 0.7116292 0.399172734375 0.815870753125 0.5649354921875 0.91221525 0.632819378125 0.8016559921875 0.5870372109375 0.7368998390625 0.478107371875 0.7116292
0 0.7701654609374999 0.8648326796875001 0.7449064796875 0.7906000578125 0.692809565625 0.7590117140625 0.605725340625 0.7957297265625 0.59808795625 0.858515090625 0.71491128125 0.9532801171875 0.7701654609374999 0.8648326796875001
0 0.3101517140625 0.9038713875 0.3535350625 0.8616739015625001 0.3342535546875 0.7073516984375 0.22338534375000002 0.6904726875 0.1655411515625 0.7459322312500001 0.2535126484375 0.8930206093749999 0.3101517140625 0.9038713875
0 0.302045375 0 0.2665216359375 0.04418971875 0.221863075 0.0695754875 0.2482522703125 0.1355785359375 0.3741078484375 0.1741649328125 0.43602064062499996 0.11120818750000001 0.3568534765625 0 0.302045375 0
0 0.5429854765625 0.44946833125 0.557632159375 0.31172662500000003 0.5234566953125 0.25018244843750004 0.450433515625 0.2725055625 0.3906604609375 0.38792413593749997 0.4707287921875 0.471936815625 0.5429854765625 0.44946833125
0 0.6135092390625 0.20911939375 0.6567319453125 0.106814171875 0.5913709093749999 0.055134234375 0.533389409375 0.0751733953125 0.4785706375 0.1268533859375 0.5186304765624999 0.232322659375 0.6135092390625 0.20911939375
0 0.6472439249999999 0.10575953593750001 0.6272139343750001 0.181697375 0.6556775578125 0.21544756718750002 0.7674238828125 0.231267934375 0.8338388703125 0.1468925125 0.7990500859375 0.0920484921875 0.7175365359375 0.0902520234375 0.6472439249999999 0.10575953593750001
0 0.5711729875 0.33363625468749997 0.5977807625 0.45289380156250003 0.70740465625 0.500809784375 0.7989353796875001 0.45182903906250005 0.8074499765625 0.36558022968750004 0.769134796875 0.2495171046875 0.6454001218750001 0.26111303124999996 0.5711729875 0.33363625468749997
0 0.8085143203125 0.4262738 0.8681156281250001 0.5050690046875 0.9968971874999999 0.467801046875 0.9984375 0.30701625312499997 0.8177905890625 0.343716796875 0.8085143203125 0.4262738
0 0.879832953125 0.0953945546875 0.8196409796875 0.1786115203125 0.8453117812500001 0.2590837734375 0.9984375 0.25394726562500003 0.995914059375 0.099851465625 0.879832953125 0.0953945546875
0 0.375666234375 0.9892795968750001 0.5729578234375 0.9973730046875 0.520945640625 0.8957212609375 0.4846581875 0.90177189375 0.39393939375000003 0.9247646640625 0.375666234375 0.9892795968750001
0 0.1685766015625 0.9070077078125 0.691093 0.370331 0.243662 0.253338 0.1685766015625 0.9070077078125
0 0.5421875 0.56953125 0.2109375 0.19375
0 0.4703125 0.9484375 0.1921875 0.103125
0 0.3296875 0.08984375 0.196875 0.1796875
0 0.32109375 0.29921875 0.2078125 0.21875
0 0.26328125 0.79453125 0.1953125 0.2046875
0 0.29921875 0.55078125 0.1703125 0.209375
0 0.9046875 0.4046875 0.190625 0.196875
0 0.5046875 0.81875 0.21875 0.1953125
0 0.73046875 0.16328125 0.203125 0.171875
0 0.67578125 0.85625 0.1609375 0.190625
0 0.91640625 0.184375 0.1671875 0.2
0 0.23515625 0.95234375 0.2265625 0.0953125
0 0.56875 0.14140625 0.1796875 0.184375
0 0.48203125 0.35546875 0.1734375 0.20625
0 0.921875 0.02734375 0.15625 0.0546875
0 0.05625 0.08359375 0.1125 0.1671875
0 0.68671875 0.6390625 0.1859375 0.1765625
0 0.7546875 0.02109375 0.1671875 0.0421875
0 0.0265625 0.30625 0.053125 0.2375
0 0.6328125 0.9671875 0.1765625 0.065625
0 0.54375 0.01953125 0.2171875 0.0390625
0 0.9796875 0.86796875 0.040625 0.2171875
0 0.02421875 0.5375 0.0484375 0.225
0 0.02734375 0.3046875 0.0546875 0.2359375
0 0.9828125 0.878125 0.034375 0.2140625