0 0.171875 0.09765625 0.21875 0.1796875
0 0.28515625 0.28515625 0.1796875 0.1375
0 0.5390625 0.1890625 0.1796875 0.1375
0 0.6171875 0.3515625 0.1328125 0.10625
0 0.734375 0.5 0.1875 0.1640625
0 0.521875 0.58984375 0.2234375 0.2234375
0 0.40625 0.41796875 0.21875 0.09375
0 0.2125 0.5703125 0.2265625 0.15625
0 0.1234375 0.4140625 0.203125 0.1484375
0 0.3734375 0.74609375 0.1171875 0.125
0 0.1890625 0.88125 0.16875 0.16875
0 0.05859375 0.7109375 0.1171875 0.203125
0 0.390625 0.034375 0.203125 0.06875
0 0.0421875 0.2484375 0.084375 0.1734375
0 0.1359375 0.1265625 0.93203125 0.06328125 0.104237 0.10167299999999999 0.45743999999999996 0.882845 0.1359375 0.1265625
0 0.03046875 0.96171875 0.0609375 0.0765625
0 0.3109375 0.96953125 0.1390625 0.0609375
0 0.60859375 0.75546875 0.1296875 0.1234375