0 0.31640625 0.359375 0.15625 0.15625
0 0.41015625 0.0796875 0.1796875 0.159375
0 0.9234375 0.0625 0.1453125 0.125
0 0.515625 0.25625 0.15625 0.16875
0 0.2046875 0.1796875 0.215625 0.1953125
0 0.540625 0.72265625 0.16875 0.125
0 0.103125 0.44375 0.184375 0.1765625
0 0.0546875 0.7484375 0.109375 0.153125
0 0.4359375 0.54296875 0.153125 0.125
0 0.728125 0.15625 0.1609375 0.15625
0 0.1953125 0.6421875 0.171875 0.171875
0 0.8296875 0.3515625 0.125 0.1484375
0 0.740625 0.6328125 0.1328125 0.109375
0 0.859375 0.8296875 0.140625 0.1296875
0 0.63671875 0.928125 0.1328125 0.1328125
0 0.3140625 0.82421875 0.16875 0.15625
0 0.115625 0.91953125 0.171875 0.1609375 0.0976743171875 0.2286571078125 0.115625 0.91953125
0 0.10546875 0.0359375 0.1984375 0.071875
0 0.9359375 0.97109375 0.128125 0.0578125
0 0.43359375 0.9640625 0.1734375 0.071875
0 0.621875 0.02734375 0.1625 0.0546875
0 0.6359375 0.434375 0.13125 0.1296875
0 0.98046875 0.25625 0.0390625 0.1640625
0 0.9796875 0.734375 0.040625 0.1359375
0 0.98515625 0.734375 0.0296875 0.1375
0 0.94921875 0.5453125 0.1015625 0.134375
0 0.9859375 0.25625 0.028125 0.165625
0 0.990625 0.7359375 0.01875 0.1359375