0 0.446875 0.103125 0.2 0.1921875
0 0.9296875 0.8046875 0.1328125 0.1953125
0 0.7109375 0.07421875 0.1640625 0.1484375
0 0.415625 0.353125 0.1609375 0.184375
0 0.7671875 0.38671875 0.1765625 0.1328125
0 0.8921875 0.1859375 0.184375 0.184375
0 0.6484375 0.5546875 0.1953125 0.15625
0 0.09765625 0.0921875 0.1640625 0.1765625
0 0.2796875 0.225 0.184375 0.16875
0 0.20787027343750003 0.0483801265625 0.153125 0.16875 0.5859375 0.209375 0.20787027343750003 0.0483801265625
0 0.953125 0.046875 0.09375 0.09375
0 0.2453125 0.83984375 0.15625 0.1640625