0 0.4046875 0.1484375 0.215625 0.234375
0 0.3734375 0.53515625 0.246875 0.25
0 0.8296875 0.2421875 0.2390625 0.2109375
0 0.7796875 0.53515625 0.23125 0.2421875
0 0.5609375 0.728125 0.215625 0.2234375
0 0.5921875 0.38125 0.246875 0.23125
0 0.0375 0.4859375 0.075 0.2078125
0 0.2734375 0.9546875 0.1796875 0.0828125
0 0.1421875 0.69140625 0.2625 0.2265625
0 0.7671875 0.9296875 0.184375 0.1328125
0 0.19921875 0.359375 0.2109375 0.21875
0 0.6421875 0.0546875 0.23125 0.109375
0 0.06640625 0.1625 0.1328125 0.2390625
0 0.228125 0.03515625 0.2 0.0703125
0 0.09765625 0.9671875 0.140625 0.059375
0 0.3828125 0.3421875 0.153125 0.1328125
0 0.2002098390625 0.273877915625 0.971252 0.47635500000000003 0.1765625 0.1453125 0.2002098390625 0.273877915625
0 0.3125 0.884375 0.2002098390625 0.273877915625 0.057496000000000005 0.236401 0.3125 0.884375
0 0.98046875 0.6828125 0.0390625 0.20625
0 0.98515625 0.6828125 0.0296875 0.2