0 0.19140625 0.5296875 0.1875 0.1765625
0 0.103125 0.790625 0.2 0.1765625
0 0.4921875 0.13671875 0.2109375 0.1953125
0 0.41015625 0.88671875 0.1953125 0.1796875
0 0.2796875 0.2359375 0.184375 0.184375
0 0.290625 0.69921875 0.2078125 0.1796875
0 0.696875 0.0609375 0.2078125 0.121875
0 0.046875 0.6171875 0.09375 0.1640625
0 0.5921875 0.3359375 0.184375 0.171875
0 0.946875 0.12890625 0.0984375 0.1796875
0 0.19921875 0.0765625 0.2109375 0.153125
0 0.390625 0.4140625 0.153125 0.1453125
0 0.8203125 0.234375 0.16875 0.1484375
0 0.9296875 0.4203125 0.140625 0.15625
0 0.7171875 0.525 0.184375 0.1453125
0 0.5 0.5953125 0.1796875 0.125
0 0.603125 0.7875 0.184375 0.1375
0 0.8125 0.6953125 0.1453125 0.1296875
0 0.91953125 0.88203125 0.1609375 0.1484375
0 0.70390625 0.95078125 0.1921875 0.0984375
0 0.0921875 0.33203125 0.1640625 0.153125
0 0.040625 0.159375 0.08125 0.159375
0 0.390625 0.0328125 0.2078125 0.065625
0 0.89609375 0.0328125 0.2078125 0.065625
0 0.19453125 0.95703125 0.21060253750000002 0.10372241093750001 0.186144 0.030539 0.19453125 0.95703125
0 0.21060253750000002 0.10372241093750001 0.505043 0.9847300000000001 0.2109375 0.0859375 0.21060253750000002 0.10372241093750001
0 0.97734375 0.6046875 0.0453125 0.15
0 0.984375 0.60234375 0.03125 0.140625
0 0.50859375 0.9875 0.203125 0.025