0 0.0859375 0.5609375 0.171875 0.215625
0 0.2671875 0.4546875 0.190625 0.215625
0 0.66015625 0.2484375 0.21875 0.23125
0 0.57421875 0.540625 0.2421875 0.2234375
0 0.88671875 0.1484375 0.2109375 0.21875
0 0.3609375 0.1734375 0.246875 0.2234375
0 0.4859375 0.8109375 0.2625 0.2078125
0 0.3671875 0.63671875 0.1953125 0.1640625
0 0.88125 0.6109375 0.2 0.2234375
0 0.165625 0.7359375 0.2078125 0.2078125
0 0.7796875 0.4375 0.215625 0.21875
0 0.07421875 0.0859375 0.1484375 0.1640625
0 0.2671875 0.9046875 0.215625 0.1765625
0 0.7734375 0.8921875 0.1796875 0.1453125
0 0.553125 0.07421875 0.1875 0.1484375
0 0.24921875 0.040625 0.2234375 0.08125
0 0.1265625 0.275 0.25 0.171875
0 0.69140625 0.7265625 0.1875 0.1875
0 0.157939375 0.200750640625 0.938686 0.33285200000000004 0.1375 0.184375 0.157939375 0.200750640625
0 0.93125 0.8203125 0.157939375 0.200750640625 0.122628 0.194776 0.93125 0.8203125
0 0.59140625 0.95078125 0.2234375 0.0984375
0 0.084375 0.95859375 0.16875 0.0828125
0 0.02734375 0.82734375 0.0546875 0.1890625
0 0.7796875 0.0296875 0.1953125 0.059375
0 0.025 0.365625 0.05 0.178125
0 0.984375 0.05390625 0.03125 0.10625
0 0.9859375 0.4765625 0.028125 0.1671875
0 0.9796875 0.06015625 0.0390625 0.1203125
0 0.97578125 0.95859375 0.046875 0.08125