0 0.16015625 0.76171875 0.203125 0.2109375
0 0.446875 0.8609375 0.1765625 0.16875
0 0.7734375 0.48046875 0.171875 0.15625
0 0.26171875 0.94375 0.171875 0.10625
0 0.13671875 0.290625 0.203125 0.153125
0 0.2421875 0.05078125 0.1796875 0.1015625
0 0.2484375 0.4921875 0.1765625 0.1796875
0 0.875 0.2109375 0.15625 0.140625
0 0.634375 0.7734375 0.16875 0.1640625
0 0.3421875 0.22265625 0.1609375 0.125
0 0.546875 0.1265625 0.1796875 0.184375
0 0.4390625 0.39453125 0.16875 0.153125
0 0.5546875 0.5765625 0.1640625 0.1484375
0 0.359375 0.68359375 0.1953125 0.153125
0 0.865625 0.67578125 0.203125 0.15625
0 0.7578125 0.928125 0.15625 0.1328125
0 0.94296875 0.85859375 0.1140625 0.1828125
0 0.07421875 0.5953125 0.1484375 0.1796875
0 0.946875 0.3828125 0.10625 0.153125
0 0.65 0.3140625 0.125 0.121875
0 0.73828125 0.053125 0.23125 0.10625
0 0.0609375 0.134375 0.121875 0.1875
0 0.96640625 0.1234375 0.06640625 0.16171875 0.0652756296875 0.1802006078125 0.96640625 0.1234375
0 0.0652756296875 0.1802006078125 0.049156 0.181216 0.024601 0.845095 0.0652756296875 0.1802006078125
0 0.0734375 0.97734375 0.146875 0.0453125
0 0.01875 0.39296875 0.0375 0.1890625
0 0.97890625 0.575 0.0421875 0.1578125
0 0.9859375 0.57578125 0.028125 0.15625
0 0.07421875 0.98515625 0.1484375 0.0296875