0 0.3609375 0.7671875 0.23125 0.215625
0 0.31875 0.4234375 0.2390625 0.2234375
0 0.22265625 0.921875 0.2265625 0.1484375
0 0.5296875 0.56640625 0.246875 0.2421875
0 0.75625 0.725 0.23125 0.2
0 0.4859375 0.2046875 0.2078125 0.2234375
0 0.59375 0.8984375 0.25 0.1953125
0 0.9125 0.47265625 0.16875 0.2109375
0 0.69140625 0.3296875 0.2109375 0.2
0 0.6484375 0.046875 0.203125 0.09375
0 0.2109375 0.0625 0.2265625 0.125
0 0.15625 0.6234375 0.21875 0.2
0 0.94921875 0.884375 0.0859375 0.2078125
0 0.8734375 0.09765625 0.2 0.1875
0 0.06640625 0.25390625 0.1328125 0.2109375
0 0.05078125 0.82421875 0.1015625 0.1953125 0.9862080000000001 0.28241900000000003 0.027583999999999997 0.17867 0.05078125 0.82421875