0 0.31875 0.34765625 0.1765625 0.15625
0 0.1109375 0.91796875 0.1921875 0.15625
0 0.9359375 0.51171875 0.121875 0.140625
0 0.415625 0.046875 0.1453125 0.09375
0 0.521875 0.23046875 0.153125 0.1328125
0 0.7265625 0.15 0.1453125 0.1296875
0 0.9203125 0.04296875 0.140625 0.0859375
0 0.97265625 0.2421875 0.0546875 0.121875
0 0.8375 0.321875 0.125 0.1140625
0 0.625 0.4296875 0.1328125 0.0984375
0 0.7328125 0.63125 0.1375 0.1171875
0 0.55078125 0.72265625 0.121875 0.121875
0 0.4234375 0.5171875 0.140625 0.1328125
0 0.8140625 0.7828125 0.140625 0.1140625
0 0.62890625 0.87890625 0.109375 0.10625
0 0.9390625 0.94921875 0.121875 0.1015625
0 0.225 0.1546875 0.1453125 0.1015625 0.136084746875 0.1522396203125 0.225 0.1546875
0 0.136084746875 0.1522396203125 0.062689 0.150219 0.031345 0.7274510000000001 0.136084746875 0.1522396203125
0 0.97890625 0.68828125 0.0421875 0.1390625
0 0.096875 0.028125 0.165625 0.05625
0 0.621875 0.01484375 0.1484375 0.0296875
0 0.98515625 0.6875 0.0296875 0.1375
0 0.62421875 0.01171875 0.15 0.0234375