0 0.446875 0.6171875 0.1921875 0.1640625
0 0.1421875 0.5296875 0.184375 0.1609375
0 0.353125 0.44140625 0.1765625 0.15625
0 0.2421875 0.7109375 0.1875 0.1796875
0 0.2421875 0.26171875 0.203125 0.1796875
0 0.63359375 0.0796875 0.1671875 0.159375
0 0.13671875 0.06875 0.1796875 0.1375
0 0.7734375 0.75390625 0.1796875 0.1640625
0 0.44375 0.15625 0.1609375 0.121875
0 0.75625 0.25390625 0.1609375 0.1640625
0 0.87109375 0.44375 0.1375 0.0984375
0 0.946875 0.6328125 0.10625 0.1015625
0 0.8671875 0.91796875 0.121875 0.1296875
0 0.5609375 0.81875 0.1296875 0.121875
0 0.07421875 0.828125 0.1328125 0.16875
0 0.1484375 0.96484375 0.1484375 0.0703125
0 0.05625 0.3390625 0.1125 0.153125
0 0.23877458749999997 0.0781355 0.09889200000000001 0.13762000000000002 0.950554 0.15765400000000002 0.23877458749999997 0.0781355
0 0.66640625 0.971875 0.1625 0.05625
0 0.85390625 0.01953125 0.1625 0.0390625
0 0.5703125 0.3515625 0.125 0.1109375