0 0.8671875 0.32421875 0.1796875 0.1640625
0 0.165625 0.228125 0.1453125 0.1609375
0 0.3609375 0.4125 0.184375 0.1765625
0 0.1421875 0.5859375 0.1375 0.1640625
0 0.78515625 0.78515625 0.1875 0.15625
0 0.6421875 0.13671875 0.16875 0.1640625
0 0.571875 0.5859375 0.1765625 0.1484375
0 0.946875 0.946875 0.0984375 0.0984375
0 0.083369965625 0.19666589375000001 0.05031600000000001 0.146443 0.025158000000000003 0.416549 0.083369965625 0.19666589375000001
0 0.5796875 0.95078125 0.109375 0.0984375 0.083369965625 0.19666589375000001 0.5796875 0.95078125
0 0.853125 0.0140625 0.14375 0.028125
0 0.98046875 0.1375 0.0390625 0.1546875
0 0.9859375 0.1328125 0.028125 0.146875
0 0.02421875 0.8015625 0.0484375 0.1484375
0 0.9921875 0.47265625 0.015625 0.1546875
0 0.85390625 0.00859375 0.146875 0.0171875
0 0.9875 0.4703125 0.025 0.1609375