0 0.2671875 0.09765625 0.175 0.1875
0 0.5859375 0.1796875 0.203125 0.171875
0 0.8984375 0.734375 0.15625 0.1484375
0 0.4859375 0.4609375 0.184375 0.15625
0 0.9046875 0.28515625 0.1609375 0.15625
0 0.4984375 0.03515625 0.1609375 0.0703125
0 0.5859375 0.6546875 0.171875 0.1765625
0 0.7171875 0.3671875 0.184375 0.1796875
0 0.50390625 0.9046875 0.1484375 0.121875
0 0.2046875 0.8421875 0.1453125 0.1375
0 0.7890625 0.1078125 0.153125 0.1296875
0 0.375 0.2953125 0.153125 0.1453125
0 0.18359375 0.384375 0.1609375 0.1296875
0 0.27734375 0.5625 0.1140625 0.1171875
0 0.3921875 0.73828125 0.1453125 0.1296875
0 0.6953125 0.83984375 0.1609375 0.153125
0 0.7953125 0.5484375 0.1328125 0.140625
0 0.11651321562500001 0.16209379375 0.9649639999999999 0.47324200000000005 0.1171875 0.15625 0.11651321562500001 0.16209379375
0 0.05859375 0.6640625 0.11651321562500001 0.16209379375 0.070073 0.145063 0.05859375 0.6640625
0 0.034375 0.92578125 0.06875 0.1484375
0 0.95703125 0.03828125 0.0859375 0.0765625
0 0.9703125 0.92421875 0.059375 0.15
0 0.06171875 0.16484375 0.1234375 0.1421875
0 0.0296875 0.4953125 0.059375 0.1640625
0 0.8015625 0.9734375 0.175 0.053125
0 0.2828125 0.98125 0.1359375 0.0375
0 0.2796875 0.98671875 0.13125 0.0265625
0 0.80234375 0.984375 0.175 0.03125