0 0.82421875 0.696875 0.1796875 0.153125
0 0.165625 0.72265625 0.16875 0.1484375
0 0.59765625 0.25625 0.15625 0.1765625
0 0.4359375 0.109375 0.1609375 0.15625
0 0.94921875 0.5484375 0.09375 0.1453125
0 0.4671875 0.4234375 0.1921875 0.1609375
0 0.05078125 0.8671875 0.1015625 0.171875
0 0.953125 0.8421875 0.09375 0.153125
0 0.3109375 0.57421875 0.184375 0.16875
0 0.1328125 0.4125 0.1609375 0.1453125
0 0.11875 0.11328125 0.184375 0.171875
0 0.2875 0.2671875 0.1921875 0.171875
0 0.78671875 0.0953125 0.1921875 0.190625
0 0.03359375 0.2703125 0.0671875 0.153125
0 0.825 0.96484375 0.165625 0.0703125
0 0.2890625 0.02734375 0.1640625 0.05390625 0.604524 0.015777 0.174293 0.03147 0.2890625 0.02734375
0 0.6578125 0.846875 0.121875 0.128125
0 0.5125 0.96796875 0.15 0.0640625