0 0.196875 0.0609375 0.1609375 0.121875
0 0.24375 0.3203125 0.15625 0.140625
0 0.546875 0.26171875 0.1015625 0.125
0 0.8203125 0.2265625 0.1375 0.1296875
0 0.8828125 0.47265625 0.1328125 0.125
0 0.58984375 0.515625 0.1296875 0.1328125
0 0.275 0.57421875 0.10625 0.10625
0 0.06875 0.65234375 0.1375 0.1296875
0 0.0453125 0.40625 0.090625 0.1640625
0 0.06875 0.9140625 0.1328125 0.171875
0 0.321875 0.853125 0.15625 0.1484375
0 0.61875 0.7828125 0.1375 0.1375
0 0.2366942125 0.20925744062499999 0.921875 0.75390625 0.095518 0.059104000000000004 0.2366942125 0.20925744062499999
0 0.2366942125 0.20925744062499999 0.15625 0.1453125 0.9522410000000001 0.970305 0.2366942125 0.20925744062499999
0 0.4984375 0.02578125 0.146875 0.0515625
0 0.028125 0.13046875 0.05625 0.1671875
0 0.0171875 0.12265625 0.034375 0.1640625
0 0.775 0.021875 0.1453125 0.04375