0 0.3765625 0.34765625 0.16875 0.15625
0 0.3359375 0.115625 0.1484375 0.1375
0 0.609375 0.0765625 0.1609375 0.153125
0 0.65 0.29296875 0.1640625 0.153125
0 0.67578125 0.55078125 0.153125 0.1375
0 0.94140625 0.49609375 0.1171875 0.1328125
0 0.40625 0.61328125 0.1765625 0.1453125
0 0.1171875 0.6328125 0.2 0.1640625
0 0.071875 0.38046875 0.14375 0.1484375
0 0.0484375 0.15546875 0.096875 0.1015625
0 0.30479493125 0.11309290937500001 0.8464470000000001 0.037196 0.14082 0.074392 0.30479493125 0.11309290937500001
0 0.30479493125 0.11309290937500001 0.1640625 0.1328125 0.91796875 0.2578125 0.30479493125 0.11309290937500001