0 0.53515625 0.1234375 0.1953125 0.184375
0 0.359375 0.7046875 0.1484375 0.1609375
0 0.85546875 0.21875 0.1640625 0.15625
0 0.540625 0.6 0.1609375 0.1375
0 0.7421875 0.5171875 0.1640625 0.1609375
0 0.31875 0.2171875 0.184375 0.140625
0 0.2125 0.05078125 0.15625 0.1015625
0 0.04296875 0.1078125 0.0859375 0.16875
0 0.1109375 0.3203125 0.153125 0.1296875
0 0.43125 0.4140625 0.140625 0.1453125
0 0.6421875 0.321875 0.1453125 0.1484375
0 0.94921875 0.4203125 0.1015625 0.15625
0 0.8734375 0.6890625 0.1640625 0.153125
0 0.65234375 0.78125 0.1609375 0.1453125
0 0.459375 0.8921875 0.16875 0.1453125
0 0.240625 0.515625 0.15625 0.15625
0 0.0390625 0.603125 0.078125 0.184375
0 0.146875 0.7984375 0.1140625 0.0984375
0 0.25390625 0.9546875 0.171875 0.090625
0 0.75625 0.9625 0.1453125 0.075
0 0.2026679578125 0.1339522140625 0.740573 0.039265 0.147344 0.078458 0.2026679578125 0.1339522140625
0 0.2026679578125 0.1339522140625 0.09375 0.153125 0.953125 0.88671875 0.2026679578125 0.1339522140625
0 0.421875 0.0171875 0.190625 0.034375
0 0.9328125 0.01328125 0.134375 0.0265625
0 0.99140625 0.61015625 0.0171875 0.140625
0 0.9328125 0.00859375 0.134375 0.0171875
0 0.98046875 0.609375 0.0390625 0.1453125
0 0.98671875 0.609375 0.0265625 0.14375
0 0.00859375 0.4390625 0.0171875 0.1421875