0 0.26171875 0.196875 0.1171875 0.1015625
0 0.05078125 0.2953125 0.1015625 0.1375
0 0.2484375 0.65625 0.1171875 0.1171875
0 0.0609375 0.75390625 0.121875 0.140625
0 0.1640625 0.9453125 0.121875 0.109375
0 0.68359375 0.94296875 0.1328125 0.1140625
0 0.771875 0.6578125 0.1140625 0.109375
0 0.3515625 0.8515625 0.121875 0.078125
0 0.7796875 0.18359375 0.1015625 0.121875
0 0.95859375 0.1015625 0.0828125 0.125
0 0.2135158015625 0.1095110015625 0.639833 0.023457 0.109738 0.046858 0.2135158015625 0.1095110015625
0 0.2135158015625 0.1095110015625 0.059375 0.140625 0.9703125 0.56640625 0.2135158015625 0.1095110015625
0 0.15546875 0.025 0.1125 0.05