0 0.2109375 0.796875 0.1875 0.1796875
0 0.7359375 0.2984375 0.1609375 0.153125
0 0.60546875 0.5921875 0.1875 0.1765625
0 0.5296875 0.87890625 0.2 0.1640625
0 0.103125 0.5921875 0.2 0.1921875
0 0.19921875 0.31640625 0.1796875 0.1640625
0 0.296875 0.5 0.1875 0.1875
0 0.8109375 0.9296875 0.184375 0.1328125
0 0.728125 0.78515625 0.1765625 0.1640625
0 0.60546875 0.1171875 0.21875 0.1953125
0 0.921875 0.6734375 0.1484375 0.1765625
0 0.4921875 0.3984375 0.203125 0.1875
0 0.3734375 0.2046875 0.1609375 0.1609375
0 0.8046875 0.0625 0.15625 0.125
0 0.7984375 0.4828125 0.1640625 0.140625
0 0.9203125 0.20703125 0.1328125 0.140625
0 0.384375 0.6796875 0.1609375 0.15625
0 0.31875 0.953125 0.1953125 0.09375
0 0.090485259375 0.172591653125 0.9768459999999999 0.392484 0.046307 0.13748100000000002 0.090485259375 0.172591653125
0 0.090485259375 0.172591653125 0.075 0.16875 0.9625 0.865625 0.090485259375 0.172591653125
0 0.04453125 0.021875 0.0890625 0.04375
0 0.61875 0.984375 0.1953125 0.03125
0 0.6140625 0.9875 0.2015625 0.025