0 0.47265625 0.10546875 0.1640625 0.1484375
0 0.5640625 0.63125 0.1640625 0.1453125
0 0.5078125 0.3578125 0.121875 0.1484375
0 0.7734375 0.32421875 0.1015625 0.1296875
0 0.728125 0.08203125 0.1140625 0.0984375
0 0.1703125 0.1328125 0.15625 0.1140625
0 0.23046875 0.39453125 0.15625 0.1328125
0 0.28125 0.665625 0.153125 0.109375
0 0.82421875 0.5921875 0.1453125 0.1328125
0 0.8734375 0.865625 0.153125 0.1171875
0 0.6078125 0.90234375 0.1640625 0.1375
0 0.32421875 0.94140625 0.1609375 0.1171875
0 0.05855008125 0.506471278125 0.058511999999999995 0.116955 0.029271000000000002 0.712553 0.05855008125 0.506471278125
0 0.05859375 0.953125 0.1171875 0.09375 0.05855008125 0.506471278125 0.05859375 0.953125
0 0.97109375 0.0375 0.0578125 0.075