0 0.07890625 0.0484375 0.1515625 0.096875
0 0.4671875 0.7734375 0.153125 0.1484375
0 0.28515625 0.56640625 0.15625 0.15625
0 0.48046875 0.0609375 0.1484375 0.121875
0 0.69140625 0.57421875 0.1640625 0.1484375
0 0.86640625 0.040625 0.1484375 0.08125
0 0.8921875 0.75625 0.153125 0.1375
0 0.2671875 0.2109375 0.1515625 0.1484375
0 0.06640625 0.41796875 0.1328125 0.1484375
0 0.91796875 0.3921875 0.1640625 0.153125
0 0.6953125 0.9296875 0.15625 0.140625
0 0.3109375 0.94296875 0.171875 0.1140625
0 0.0640625 0.784375 0.128125 0.175
0 0.49140625 0.4015625 0.1515625 0.1484375
0 0.9640625 0.63359375 0.071875 0.1515625 0.991579 0.202534 0.016841000000000002 0.14396599999999998 0.9640625 0.63359375