0 0.5609375 0.8734375 0.1609375 0.153125
0 0.22265625 0.884375 0.1328125 0.1296875
0 0.3828125 0.725 0.1015625 0.109375
0 0.71875 0.7171875 0.125 0.1296875
0 0.5390625 0.5625 0.1015625 0.121875
0 0.875 0.5375 0.1328125 0.1484375
0 0.9046875 0.875 0.1609375 0.1328125
0 0.740625 0.96484375 0.1640625 0.0703125
0 0.209375 0.55625 0.10625 0.0984375
0 0.375 0.415625 0.125 0.125
0 0.196875 0.2796875 0.1296875 0.1140625
0 0.05859375 0.7359375 0.1171875 0.125
0 0.39140625 0.9671875 0.1515625 0.065625
0 0.16195701406250002 0.04584395625 0.06875 0.1484375 0.965625 0.08828125 0.16195701406250002 0.04584395625
0 0.85703125 0.01640625 0.140625 0.0328125
0 0.06953125 0.978125 0.1390625 0.04375
0 0.85703125 0.01328125 0.1515625 0.0265625
0 0.0703125 0.9859375 0.140625 0.028125
0 0.18359375 0.01484375 0.1453125 0.0296875
0 0.98671875 0.68515625 0.0265625 0.1421875
0 0.99140625 0.6875 0.0171875 0.14375