0 0.3421875 0.240625 0.203125 0.121875
0 0.609375 0.203125 0.1640625 0.1296875
0 0.665625 0.4359375 0.1296875 0.1296875
0 0.9375 0.40625 0.090625 0.09375
0 0.8890625 0.171875 0.1015625 0.125
0 0.95859375 0.69140625 0.0828125 0.1328125
0 0.95859375 0.94140625 0.0828125 0.1171875
0 0.7125 0.7359375 0.1609375 0.1609375
0 0.396875 0.75625 0.1484375 0.15625
0 0.3828125 0.478125 0.1328125 0.109375
0 0.1703125 0.790625 0.1296875 0.078125
0 0.11328125 0.53125 0.1328125 0.125
0 0.121751096875 0.1713232046875 0.7201069999999999 0.9592090000000001 0.146644 0.081341 0.121751096875 0.1713232046875
0 0.03984375 0.03828125 0.0796875 0.0765625
0 0.26796875 0.02578125 0.140625 0.0515625
0 0.5796875 0.015625 0.1421875 0.03125
0 0.57890625 0.01171875 0.1453125 0.0234375
0 0.26953125 0.01875 0.1484375 0.0375
0 0.5796875 0.00859375 0.1421875 0.0171875