0 0.1109375 0.31640625 0.221875 0.2109375
0 0.109375 0.7984375 0.1953125 0.184375
0 0.8984375 0.415625 0.1875 0.1921875
0 0.4921875 0.5859375 0.203125 0.1796875
0 0.7109375 0.50390625 0.203125 0.2109375
0 0.37890625 0.8921875 0.2109375 0.2
0 0.50390625 0.1234375 0.21875 0.1921875
0 0.3109375 0.7046875 0.1921875 0.1765625
0 0.9046875 0.88125 0.184375 0.1765625
0 0.1796875 0.0625 0.1875 0.125
0 0.290625 0.2046875 0.215625 0.2
0 0.9671875 0.5796875 0.059375 0.1765625
0 0.6953125 0.078125 0.1796875 0.15625
0 0.8125 0.67578125 0.21875 0.1953125
0 0.5953125 0.7671875 0.203125 0.16875
0 0.72421875 0.94296875 0.1984375 0.1140625
0 0.171875 0.94296875 0.203125 0.1140625 0.037357 0.115339 0.074714 0.190439 0.171875 0.94296875
0 0.89921875 0.01875 0.1984375 0.0375
0 0.38203125 0.0171875 0.2015625 0.034375
0 0.8953125 0.009375 0.209375 0.01875