0 0.91796875 0.1171875 0.15625 0.2109375
0 0.3359375 0.8734375 0.203125 0.215625
0 0.421875 0.1421875 0.2265625 0.215625
0 0.5296875 0.31875 0.2 0.2
0 0.734375 0.2171875 0.203125 0.215625
0 0.85 0.3984375 0.23125 0.171875
0 0.234375 0.7046875 0.2109375 0.1921875
0 0.2171875 0.2421875 0.184375 0.1796875
0 0.9234375 0.6109375 0.1375 0.1375
0 0.3296875 0.41796875 0.2 0.1875
0 0.53515625 0.7984375 0.1875 0.2078125
0 0.7421875 0.6859375 0.1875 0.2
0 0.4296875 0.5859375 0.2109375 0.1953125
0 0.6484375 0.50390625 0.203125 0.171875
0 0.125 0.525 0.1796875 0.15625
0 0.0546875 0.35 0.109375 0.171875
0 0.1265625 0.0484375 0.125 0.096875
0 0.62265625 0.0640625 0.1796875 0.128125
0 0.0625 0.803125 0.125 0.1609375
0 0.1390625 0.946875 0.2234375 0.10625
0 0.62109375 0.9375 0.1796875 0.125
0 0.2162802171875 0.07719270624999999 0.1328125 0.1296875 0.8578125 0.884375 0.2162802171875 0.07719270624999999
0 0.97734375 0.7734375 0.0453125 0.175
0 0.83984375 0.01484375 0.2015625 0.0296875
0 0.9765625 0.30546875 0.046875 0.196875
0 0.45546875 0.98359375 0.1796875 0.0328125
0 0.4546875 0.9875 0.1765625 0.025
0 0.01171875 0.60078125 0.0234375 0.1890625
0 0.01484375 0.60546875 0.0296875 0.1859375