0 0.1234375 0.790625 0.2078125 0.2078125
0 0.415625 0.6171875 0.215625 0.1640625
0 0.44140625 0.81640625 0.1640625 0.1328125
0 0.7171875 0.603125 0.1765625 0.1765625
0 0.671875 0.790625 0.1328125 0.1375
0 0.165625 0.071875 0.184375 0.090625
0 0.734375 0.1109375 0.2109375 0.184375
0 0.44375 0.328125 0.1484375 0.184375
0 0.71875 0.33984375 0.171875 0.1796875
0 0.1421875 0.2953125 0.184375 0.1765625
0 0.11328125 0.5765625 0.171875 0.153125
0 0.1640625 0.1453125 0.4515625 0.1 0.163133 0.074065 0.081566 0.9629670000000001 0.1640625 0.1453125
0 0.61953125 0.9765625 0.1828125 0.046875
0 0.3765625 0.97890625 0.1859375 0.0421875