0 0.290625 0.75390625 0.190625 0.1796875
0 0.50390625 0.5859375 0.2421875 0.2421875
0 0.7421875 0.4234375 0.203125 0.184375
0 0.446875 0.9234375 0.2 0.1453125
0 0.1109375 0.540625 0.2078125 0.2
0 0.7921875 0.0796875 0.21875 0.159375
0 0.5609375 0.2046875 0.2390625 0.184375
0 0.69921875 0.7984375 0.2265625 0.2078125
0 0.9390625 0.25390625 0.1140625 0.1796875
0 0.3421875 0.3734375 0.246875 0.215625
0 0.134375 0.1546875 0.2390625 0.2078125
0 0.928125 0.6234375 0.1375 0.184375
0 0.3671875 0.05078125 0.2265625 0.1015625
0 0.88125 0.93359375 0.1640625 0.1328125
0 0.75390625 0.24609375 0.125 0.1375
0 0.13776074062500002 0.18594673281250002 0.365503 0.171943 0.14139600000000002 0.154101 0.13776074062500002 0.18594673281250002
0 0.13776074062500002 0.18594673281250002 0.1125 0.1875 0.05625 0.9 0.13776074062500002 0.18594673281250002
0 0.8046875 0.959375 0.1625 0.08125
0 0.17578125 0.028125 0.165625 0.05625
0 0.159375 0.96796875 0.171875 0.0640625
0 0.57578125 0.02265625 0.1796875 0.0453125