0 0.2984375 0.7734375 0.2234375 0.203125
0 0.4359375 0.9296875 0.1921875 0.1328125
0 0.0921875 0.91015625 0.1609375 0.171875
0 0.5546875 0.34375 0.203125 0.1875
0 0.946875 0.5484375 0.0984375 0.2078125
0 0.259375 0.0609375 0.21875 0.121875
0 0.0390625 0.48046875 0.078125 0.140625
0 0.178125 0.6109375 0.1875 0.1765625
0 0.053125 0.728125 0.10625 0.1953125
0 0.6875 0.51953125 0.109375 0.140625
0 0.29351451562499997 0.0987961421875 0.767158 0.017618 0.173918 0.035185 0.29351451562499997 0.0987961421875
0 0.29351451562499997 0.0987961421875 0.140625 0.125 0.8421875 0.390625 0.29351451562499997 0.0987961421875
0 0.25703125 0.97109375 0.196875 0.0578125