0 0.3375 0.24375 0.1609375 0.1375
0 0.1953125 0.3359375 0.1296875 0.1296875
0 0.046875 0.421875 0.09375 0.109375
0 0.32421875 0.475 0.121875 0.121875
0 0.4125 0.6078125 0.1375 0.121875
0 0.26953125 0.7125 0.1609375 0.09375
0 0.1625 0.58203125 0.1484375 0.1484375
0 0.1171875 0.8359375 0.1375 0.1375
0 0.155459178125 0.1335001375 0.082429 0.134525 0.041215 0.684283 0.155459178125 0.1335001375
0 0.58203125 0.846875 0.1375 0.15625
0 0.02734375 0.9078125 0.0546875 0.1484375
0 0.9046875 0.95859375 0.1890625 0.0828125