0 0.66015625 0.4984375 0.2109375 0.2
0 0.9359375 0.540625 0.121875 0.1453125
0 0.634375 0.79296875 0.215625 0.1796875
0 0.9234375 0.2671875 0.1453125 0.2390625
0 0.03515625 0.76171875 0.0703125 0.1484375
0 0.571875 0.9671875 0.2 0.059375
0 0.91796875 0.959375 0.15625 0.075
0 0.646875 0.20703125 0.1875 0.215625
0 0.9234375 0.765625 0.1453125 0.1765625
0 0.03125 0.50234375 0.0532567390625 0.2767746765625 0.060202 0.06926299999999999 0.03125 0.50234375
0 0.0532567390625 0.2767746765625 0.030209999999999997 0.9653689999999999 0.0625 0.18203125 0.0532567390625 0.2767746765625