0 0.6796875 0.09375 0.1953125 0.1875
0 0.3421875 0.75625 0.2 0.2078125
0 0.8671875 0.2171875 0.2109375 0.1921875
0 0.4234375 0.32421875 0.2 0.1875
0 0.85546875 0.603125 0.2734375 0.2
0 0.84765625 0.946875 0.1953125 0.0984375
0 0.8421875 0.8109375 0.184375 0.1765625
0 0.19921875 0.5296875 0.21875 0.1765625
0 0.603125 0.9671875 0.1765625 0.059375
0 0.4859375 0.50390625 0.153125 0.1640625
0 0.1734375 0.9234375 0.215625 0.1453125
0 0.6109375 0.3109375 0.1765625 0.184375
0 0.8734375 0.3984375 0.2390625 0.1953125
0 0.5859375 0.634375 0.1953125 0.16875 0.327566315625 0.3483950265625 0.5859375 0.634375
0 0.327566315625 0.3483950265625 0.153355 0.15556799999999998 0.708512 0.8658469999999999 0.327566315625 0.3483950265625
0 0.203125 0.9765625 0.228125 0.046875
0 0.96640625 0.790625 0.0671875 0.171875
0 0.97578125 0.9296875 0.0484375 0.140625
0 0.1109375 0.76875 0.1265625 0.1390625
0 0.93515625 0.05859375 0.1296875 0.1171875
0 0.98671875 0.14921875 0.0265625 0.175
0 0.534375 0.02890625 0.165625 0.0578125