0 0.5484375 0.9359375 0.1609375 0.121875
0 0.56640625 0.2171875 0.1796875 0.1609375
0 0.7359375 0.0609375 0.1609375 0.121875
0 0.3109375 0.06875 0.153125 0.1375
0 0.1421875 0.9359375 0.1453125 0.1140625
0 0.12890625 0.2109375 0.1484375 0.171875
0 0.7671875 0.7734375 0.16875 0.140625
0 0.3296875 0.76171875 0.153125 0.15625
0 0.1234375 0.56640625 0.16875 0.15625
0 0.9359375 0.9234375 0.121875 0.1453125
0 0.9359375 0.5796875 0.121875 0.1296875
0 0.7359375 0.4296875 0.153125 0.15625 0.018504 0.056674999999999996 0.036676 0.11274200000000001 0.7359375 0.4296875
0 0.371875 0.4015625 0.1546875 0.1484375
0 0.01328125 0.059375 0.0265625 0.1171875