0 0.19375 0.4296875 0.2 0.1875
0 0.890625 0.790625 0.1875 0.2
0 0.8109375 0.6109375 0.184375 0.184375
0 0.696875 0.415625 0.2078125 0.1765625
0 0.88671875 0.35546875 0.1953125 0.2109375
0 0.290625 0.6171875 0.2078125 0.203125
0 0.609375 0.7171875 0.2265625 0.1921875
0 0.8109375 0.140625 0.2078125 0.1875
0 0.2171875 0.91015625 0.1921875 0.1640625
0 0.5921875 0.2421875 0.2 0.1796875
0 0.09765625 0.7359375 0.1953125 0.215625
0 0.7109375 0.8921875 0.1953125 0.2078125
0 0.3921875 0.7984375 0.2 0.1921875
0 0.9546875 0.94140625 0.0828125 0.109375
0 0.2734375 0.1640625 0.1921875 0.171875
0 0.36875 0.3578125 0.2078125 0.171875
0 0.665625 0.0390625 0.1796875 0.078125
0 0.9390625 0.08203125 0.121875 0.1609375
0 0.209375 0.0390625 0.2265625 0.078125
0 0.078125 0.2484375 0.15625 0.153125
0 0.5078125 0.94921875 0.2078125 0.1015625
0 0.94140625 0.52734375 0.1171875 0.1609375
0 0.0546875 0.9390625 0.109375 0.121875
0 0.46640625 0.0640625 0.1296875 0.128125 0.033795 0.074623 0.06759 0.149246 0.46640625 0.0640625
0 0.04375 0.52421875 0.0875 0.1859375
0 0.809375 0.9796875 0.1953125 0.040625
0 0.49609375 0.5359375 0.1125 0.109375
0 0.04375 0.52421875 0.0875 0.184375
0 0.8109375 0.98671875 0.2015625 0.0265625