0 0.23046875 0.71875 0.2109375 0.1875
0 0.2046875 0.421875 0.2078125 0.1875
0 0.85 0.4046875 0.2 0.184375
0 0.5171875 0.1171875 0.215625 0.1796875
0 0.665625 0.56640625 0.2 0.1875
0 0.3734375 0.57421875 0.184375 0.1875
0 0.8609375 0.7109375 0.1609375 0.171875
0 0.07421875 0.2671875 0.1484375 0.190625
0 0.3609375 0.28125 0.2234375 0.21875
0 0.728125 0.84765625 0.2 0.15625
0 0.31171875 0.0375 0.1609375 0.075
0 0.19140625 0.13671875 0.1953125 0.1796875
0 0.959375 0.85 0.075 0.1765625
0 0.953125 0.259375 0.0859375 0.1828125
0 0.6859375 0.2734375 0.184375 0.171875
0 0.0859375 0.85546875 0.171875 0.1484375
0 0.88671875 0.9546875 0.1796875 0.075
0 0.06640625 0.5875 0.1328125 0.153125
0 0.54296875 0.7359375 0.1375 0.125
0 0.8609375 0.1 0.1484375 0.125
0 0.06796875 0.0453125 0.1359375 0.090625
0 0.6609375 0.03984375 0.2453125 0.0796875
0 0.22421875 0.9609375 0.1765625 0.078125
0 0.52734375 0.9609375 0.17578125 0.078125 0.948185 0.029818 0.103629 0.05963500000000001 0.52734375 0.9609375
0 0.97890625 0.546875 0.0421875 0.15
0 0.98515625 0.5390625 0.0296875 0.1484375