0 0.9234375 0.62890625 0.1375 0.2109375
0 0.79296875 0.4296875 0.2265625 0.203125
0 0.94375 0.22265625 0.10625 0.1640625
0 0.4046875 0.7796875 0.2546875 0.2
0 0.6078125 0.2359375 0.140625 0.16875
0 0.796875 0.0609375 0.171875 0.121875
0 0.15234375 0.58203125 0.140625 0.16875
0 0.6078125 0.94921875 0.2734375 0.1015625
0 0.0726419921875 0.2907535109375 0.06544799999999999 0.158464 0.032723999999999996 0.38808 0.0726419921875 0.2907535109375
0 0.1078125 0.9375 0.140625 0.125 0.0726419921875 0.2907535109375 0.1078125 0.9375
0 0.03046875 0.759375 0.0609375 0.15625
0 0.05234375 0.17421875 0.1046875 0.1609375