0 0.44140625 0.0921875 0.1796875 0.16875
0 0.0796875 0.10234375 0.159375 0.1671875
0 0.2359375 0.38671875 0.184375 0.1640625
0 0.509375 0.2359375 0.2078125 0.184375
0 0.078125 0.47265625 0.15625 0.171875
0 0.140625 0.2484375 0.1453125 0.109375
0 0.0453125 0.321875 0.090625 0.1296875
0 0.66796875 0.1875 0.1328125 0.140625
0 0.58984375 0.071875 0.1375 0.125
0 0.92734375 0.05625 0.1453125 0.1125
0 0.8046875 0.37109375 0.125 0.1296875
0 0.603125 0.4546875 0.1453125 0.109375
0 0.41015625 0.553125 0.140625 0.1328125
0 0.2046875 0.6546875 0.125 0.1015625
0 0.334375 0.8421875 0.1484375 0.140625
0 0.509375 0.74375 0.109375 0.10625
0 0.7203125 0.6390625 0.109375 0.0984375
0 0.90625 0.5484375 0.10625 0.10625
0 0.82421875 0.8296875 0.121875 0.10625
0 0.267607634375 0.28426113124999997 0.9243880000000001 0.9796440000000001 0.134482 0.040208 0.267607634375 0.28426113124999997
0 0.267607634375 0.28426113124999997 0.1171875 0.125 0.61328125 0.91796875 0.267607634375 0.28426113124999997
0 0.9734375 0.7453125 0.053125 0.1203125
0 0.03515625 0.0234375 0.0703125 0.0453125
0 0.97890625 0.26171875 0.0421875 0.1140625
0 0.98359375 0.2625 0.0328125 0.1078125