0 0.25390625 0.196875 0.1140625 0.1296875
0 0.46484375 0.0875 0.1328125 0.140625
0 0.0609375 0.2953125 0.121875 0.1484375
0 0.553125 0.2828125 0.1453125 0.1296875
0 0.7671875 0.20703125 0.140625 0.1296875
0 0.1421875 0.046875 0.1765625 0.09375
0 0.6703125 0.4765625 0.1640625 0.1609375
0 0.8765625 0.37109375 0.1640625 0.1453125
0 0.4703125 0.5703125 0.15625 0.1296875
0 0.271875 0.6703125 0.1296875 0.121875
0 0.07421875 0.78125 0.1484375 0.1140625
0 0.3921875 0.853125 0.1609375 0.1171875
0 0.5796875 0.7640625 0.15625 0.1453125
0 0.803125 0.6703125 0.15625 0.1453125
0 0.896875 0.86328125 0.1328125 0.125
0 0.67890625 0.94296875 0.1609375 0.1140625
0 0.15546875 0.94296875 0.1515625 0.1140625
0 0.22551130625 0.12356986875 0.655896 0.039346 0.1532 0.078639 0.22551130625 0.12356986875
0 0.22551130625 0.12356986875 0.0984375 0.1484375 0.95078125 0.57421875 0.22551130625 0.12356986875
0 0.95703125 0.0890625 0.0859375 0.121875
0 0.35859375 0.3921875 0.13125 0.140625
0 0.9625 0.97734375 0.0734375 0.0453125
0 0.00859375 0.10234375 0.0171875 0.1453125