0 0.196875 0.41796875 0.1375 0.1328125
0 0.42578125 0.2828125 0.1375 0.1171875
0 0.61875 0.15625 0.1375 0.125
0 0.7984375 0.04296875 0.1609375 0.0859375
0 0.75 0.3203125 0.1453125 0.1171875
0 0.5765625 0.4203125 0.1328125 0.121875
0 0.70703125 0.5921875 0.1296875 0.1484375
0 0.9046875 0.46484375 0.1171875 0.140625
0 0.8734375 0.73828125 0.1375 0.1328125
0 0.35546875 0.5484375 0.1140625 0.1453125
0 0.146875 0.67578125 0.1484375 0.1375
0 0.2984375 0.8203125 0.125 0.1453125
0 0.5015625 0.7203125 0.1484375 0.121875
0 0.66796875 0.87109375 0.140625 0.1171875
0 0.48046875 0.96875 0.1453125 0.0625
0 0.234375 0.09375 0.1453125 0.121875
0 0.121875 0.1609375 0.0609375 0.2421875 0.041007 0.141131 0.020503 0.810594 0.121875 0.1609375
0 0.81171875 0.98046875 0.1671875 0.0390625
0 0.11484375 0.9453125 0.1640625 0.109375
0 0.9765625 0.9046875 0.046875 0.1296875
0 0.053125 0.53359375 0.10625 0.1546875
0 0.05390625 0.53203125 0.1078125 0.1546875
0 0.99140625 0.628125 0.0171875 0.140625
0 0.9875 0.62890625 0.025 0.1390625
0 0.01328125 0.809375 0.0265625 0.140625
0 0.81328125 0.9859375 0.1859375 0.028125
0 0.98359375 0.90078125 0.0328125 0.11875