0 0.5484375 0.8609375 0.2625 0.23125
0 0.91015625 0.91015625 0.171875 0.171875
0 0.6421875 0.1234375 0.23125 0.2078125
0 0.16796875 0.4546875 0.2578125 0.2234375
0 0.759375 0.696875 0.1921875 0.2078125
0 0.2109375 0.08203125 0.2265625 0.1640625
0 0.103125 0.82421875 0.1765625 0.1796875
0 0.9359375 0.540625 0.1140625 0.2078125
0 0.821875 0.31875 0.2078125 0.2
0 0.34765625 0.6484375 0.203125 0.109375
0 0.5921875 0.4859375 0.184375 0.1765625
0 0.959375 0.165625 0.075 0.16875
0 0.0546875 0.19921875 0.109375 0.2109375
0 0.85234375 0.025 0.1515625 0.05
0 0.22800949843749999 0.22337974843750003 0.3671875 0.29296875 0.21312099999999998 0.058543 0.22800949843749999 0.22337974843750003
0 0.22800949843749999 0.22337974843750003 0.171875 0.1953125 0.295512 0.970728 0.22800949843749999 0.22337974843750003
0 0.01875 0.6046875 0.0375 0.2