0 0.7796875 0.8671875 0.1765625 0.1875
0 0.71875 0.415625 0.1875 0.1921875
0 0.53515625 0.5484375 0.203125 0.215625
0 0.478125 0.84765625 0.2078125 0.1953125
0 0.8921875 0.28515625 0.2 0.2109375
0 0.3296875 0.671875 0.2078125 0.2109375
0 0.6796875 0.7171875 0.203125 0.1921875
0 0.2875 0.921875 0.23125 0.1484375
0 0.1546875 0.79296875 0.184375 0.1953125
0 0.959375 0.728125 0.075 0.16875
0 0.853125 0.6 0.1375 0.1328125
0 0.16417606875 0.224053196875 0.618604 0.952443 0.183252 0.095113 0.16417606875 0.224053196875
0 0.16417606875 0.224053196875 0.121875 0.15625 0.0609375 0.921875 0.16417606875 0.224053196875
0 0.91484375 0.96640625 0.1703125 0.0671875
0 0.9796875 0.46171875 0.040625 0.153125
0 0.98515625 0.46015625 0.0296875 0.1484375