0 0.8671875 0.196875 0.2109375 0.2
0 0.26171875 0.57421875 0.21875 0.2265625
0 0.7984375 0.66796875 0.1609375 0.1484375
0 0.946875 0.928125 0.0984375 0.1375
0 0.6421875 0.62890625 0.2078125 0.203125
0 0.44375 0.7671875 0.2390625 0.23125
0 0.06640625 0.359375 0.1328125 0.21875
0 0.94140625 0.5296875 0.109375 0.16875
0 0.890625 0.01953125 0.15625 0.0390625
0 0.4296875 0.228125 0.2109375 0.23125
0 0.44140625 0.38671875 0.1875 0.1015625
0 0.23515625 0.0875 0.1921875 0.175
0 0.8359375 0.8609375 0.125 0.121875
0 0.6734375 0.9546875 0.1453125 0.0828125
0 0.5796875 0.446875 0.1875 0.140625
0 0.8359375 0.3515625 0.125 0.1171875
0 0.5859375 0.115625 0.1609375 0.15625 0.294983134375 0.154794884375 0.5859375 0.115625
0 0.294983134375 0.154794884375 0.042623 0.18876900000000002 0.9786889999999999 0.147373 0.294983134375 0.154794884375
0 0.4859375 0.9515625 0.18125 0.096875
0 0.08671875 0.04921875 0.159375 0.0984375
0 0.01953125 0.8671875 0.0390625 0.175
0 0.70546875 0.0203125 0.196875 0.040625
0 0.97734375 0.35859375 0.0453125 0.175