0 0.7734375 0.6234375 0.1484375 0.153125
0 0.353125 0.32421875 0.1765625 0.1796875
0 0.75625 0.1484375 0.16875 0.1640625
0 0.5546875 0.228125 0.1453125 0.1328125
0 0.875 0.3140625 0.15625 0.140625
0 0.6703125 0.4203125 0.1328125 0.140625
0 0.46484375 0.515625 0.1375 0.15625
0 0.5703125 0.7015625 0.125 0.125
0 0.94375 0.75625 0.109375 0.109375
0 0.80859375 0.95859375 0.1171875 0.0828125
0 0.3734375 0.7953125 0.121875 0.1375
0 0.2578125 0.609375 0.121875 0.140625
0 0.134375 0.4296875 0.1328125 0.1453125
0 0.0453125 0.2578125 0.090625 0.15625
0 0.24609375 0.1484375 0.1765625 0.140625
0 0.46875 0.06875 0.15625 0.1375
0 0.94296875 0.0546875 0.1140625 0.109375
0 0.0609375 0.6953125 0.121875 0.1328125
0 0.1546875 0.8828125 0.1640625 0.1640625 0.47399199999999997 0.959206 0.146214 0.08158800000000001 0.1546875 0.8828125
0 0.66015625 0.01875 0.1453125 0.0375
0 0.14609375 0.0171875 0.1515625 0.034375
0 0.021875 0.95859375 0.04375 0.0828125
0 0.01171875 0.503125 0.0234375 0.1640625
0 0.00859375 0.50546875 0.0171875 0.1625
0 0.015625 0.50625 0.03125 0.165625
0 0.2546875 0.9921875 0.1546875 0.015625
0 0.25625 0.98828125 0.1578125 0.0234375