0 0.2671875 0.69921875 0.1515625 0.1484375
0 0.7359375 0.5234375 0.153125 0.140625
0 0.41015625 0.5328125 0.109375 0.1453125
0 0.5703125 0.6796875 0.1015625 0.1453125
0 0.5765625 0.3890625 0.0984375 0.1328125
0 0.7171875 0.2171875 0.121875 0.1328125
0 0.8609375 0.0796875 0.1171875 0.140625
0 0.5453125 0.0703125 0.1453125 0.140625
0 0.3765625 0.2265625 0.140625 0.153125
0 0.228125 0.09375 0.121875 0.1484375
0 0.0765625 0.24375 0.153125 0.1453125
0 0.078125 0.55078125 0.1328125 0.184375
0 0.44375 0.8578125 0.1484375 0.1375
0 0.603125 0.953125 0.1375 0.09375
0 0.92734375 0.93515625 0.1359375 0.1296875
0 0.921875 0.65625 0.153125 0.1375
0 0.9078125 0.353125 0.1453125 0.1375
0 0.1655050078125 0.144315878125 0.985765 0.200569 0.15625 0.078125 0.1655050078125 0.144315878125
0 0.2796875 0.9609375 0.1655050078125 0.144315878125 0.028469 0.134918 0.2796875 0.9609375
0 0.071875 0.00703125 0.14375 0.0140625