0 0.88671875 0.44140625 0.2109375 0.1953125
0 0.4859375 0.8984375 0.23125 0.1953125
0 0.1109375 0.6546875 0.1765625 0.184375
0 0.2796875 0.7671875 0.2 0.2
0 0.3671875 0.3296875 0.1796875 0.1765625
0 0.7484375 0.59765625 0.23125 0.1875
0 0.540625 0.446875 0.1921875 0.2
0 0.7875 0.8421875 0.2390625 0.2
0 0.66796875 0.2875 0.2109375 0.2
0 0.22265625 0.4921875 0.1953125 0.1875
0 0.88671875 0.046875 0.1796875 0.09375
0 0.2109375 0.2109375 0.1640625 0.171875
0 0.0625 0.0921875 0.125 0.1765625
0 0.06640625 0.34765625 0.1328125 0.1484375
0 0.321875 0.08984375 0.1296875 0.140625
0 0.77734375 0.14453125 0.16875 0.171875
0 0.94921875 0.29296875 0.1015625 0.153125
0 0.95859375 0.7765625 0.0828125 0.16875
0 0.92578125 0.94140625 0.1484375 0.1171875
0 0.6171875 0.75390625 0.171875 0.1796875
0 0.421875 0.6015625 0.1953125 0.16875
0 0.18485932656249998 0.1482933515625 0.6189560000000001 0.060616 0.185449 0.121232 0.18485932656249998 0.1482933515625
0 0.18485932656249998 0.1482933515625 0.1609375 0.153125 0.16796875 0.9234375 0.18485932656249998 0.1482933515625
0 0.0390625 0.78828125 0.078125 0.1640625
0 0.66484375 0.971875 0.171875 0.05625
0 0.1578125 0.01796875 0.1890625 0.0359375
0 0.97421875 0.559375 0.0515625 0.1796875
0 0.0234375 0.52734375 0.046875 0.18125
0 0.98203125 0.56328125 0.0359375 0.1765625
0 0.0140625 0.52421875 0.028125 0.1828125
0 0.37265625 0.98828125 0.1796875 0.0234375