0 0.921875 0.3609375 0.1484375 0.1921875
0 0.3421875 0.5921875 0.2078125 0.184375
0 0.37890625 0.1109375 0.1953125 0.1609375
0 0.634375 0.3671875 0.2 0.15625
0 0.8828125 0.6 0.2265625 0.2078125
0 0.16796875 0.103125 0.1796875 0.1453125
0 0.31640625 0.853125 0.1875 0.2078125
0 0.16015625 0.3359375 0.1796875 0.140625
0 0.88671875 0.88671875 0.2109375 0.15625
0 0.1171875 0.60546875 0.2109375 0.1640625
0 0.109375 0.88671875 0.1875 0.1484375
0 0.9234375 0.09375 0.1453125 0.15625
0 0.36328125 0.3359375 0.153125 0.1453125
0 0.615625 0.6015625 0.1609375 0.1640625
0 0.603125 0.865625 0.1765625 0.1453125