0 0.62890625 0.7421875 0.1875 0.1484375
0 0.6234375 0.2875 0.1609375 0.1765625
0 0.10546875 0.290625 0.1953125 0.16875
0 0.19375 0.0375 0.1453125 0.075
0 0.3109375 0.19140625 0.1609375 0.1484375
0 0.50625 0.5609375 0.1765625 0.16875
0 0.73046875 0.9234375 0.1953125 0.1375
0 0.50390625 0.0921875 0.1640625 0.153125
0 0.7171875 0.040625 0.153125 0.075
0 0.91015625 0.3671875 0.1640625 0.1640625
0 0.821875 0.18125 0.1609375 0.121875
0 0.728125 0.4671875 0.16875 0.1453125
0 0.8359375 0.65625 0.1609375 0.1609375
0 0.92578125 0.85546875 0.1484375 0.1796875
0 0.4296875 0.85 0.16875 0.140625
0 0.30625 0.6578125 0.1328125 0.125
0 0.2203125 0.4921875 0.1765625 0.140625
0 0.09765625 0.7578125 0.1640625 0.1453125
0 0.180958071875 0.1605478890625 0.422175 0.377027 0.1796875 0.1140625 0.180958071875 0.1605478890625
0 0.20234375 0.94296875 0.180958071875 0.1605478890625 0.162254 0.143762 0.20234375 0.94296875
0 0.0375 0.09296875 0.075 0.1546875
0 0.9703125 0.08671875 0.059375 0.1734375
0 0.5390625 0.97421875 0.1765625 0.0515625
0 0.040625 0.97578125 0.08125 0.0484375
0 0.98671875 0.5484375 0.0265625 0.15
0 0.97890625 0.5515625 0.0421875 0.15625
0 0.99140625 0.55 0.0171875 0.1484375