0 0.73046875 0.3421875 0.109375 0.0984375
0 0.90625 0.4625 0.1140625 0.109375
0 0.61328125 0.475 0.09375 0.09375
0 0.77734375 0.5859375 0.109375 0.1171875
0 0.94921875 0.7125 0.1015625 0.109375
0 0.68359375 0.728125 0.1140625 0.1015625
0 0.8734375 0.87890625 0.0984375 0.0984375
0 0.5 0.6234375 0.10625 0.090625
0 0.1484375 0.63125 0.1796875 0.16875
0 0.35546875 0.75390625 0.10625 0.15625
0 0.5453125 0.86328125 0.153125 0.15625
0 0.22265625 0.8984375 0.171875 0.16875
0 0.13765754375 0.2143305046875 0.1125 0.1828125 0.05625 0.78984375 0.13765754375 0.2143305046875
0 0.13765754375 0.2143305046875 0.745026 0.975257 0.160975 0.049486999999999996 0.13765754375 0.2143305046875
0 0.4046875 0.97578125 0.14375 0.0484375
0 0.40390625 0.98359375 0.1484375 0.0328125