0 0.1421875 0.665625 0.2 0.1765625
0 0.8359375 0.09765625 0.1875 0.1796875
0 0.66015625 0.665625 0.1953125 0.1765625
0 0.33046875 0.103125 0.2 0.1765625
0 0.23046875 0.4046875 0.1796875 0.1609375
0 0.3359375 0.56640625 0.203125 0.1796875
0 0.66015625 0.19140625 0.1875 0.1796875
0 0.76171875 0.37890625 0.1875 0.171875
0 0.546875 0.4671875 0.1953125 0.153125
0 0.9453125 0.7359375 0.1015625 0.1765625
0 0.9234375 0.2796875 0.1453125 0.184375
0 0.8671875 0.5609375 0.1875 0.1765625
0 0.071875 0.9359375 0.1375 0.121875
0 0.44140625 0.7671875 0.153125 0.1453125
0 0.7359375 0.8359375 0.1609375 0.1484375
0 0.5296875 0.93359375 0.2 0.1328125
0 0.2328125 0.86875 0.121875 0.1140625
0 0.12890625 0.1859375 0.153125 0.1640625
0 0.0703125 0.48046875 0.1375 0.1640625
0 0.43984375 0.2859375 0.1875 0.1796875
0 0.55 0.053125 0.2015625 0.10625
0 0.04609375 0.0515625 0.0921875 0.103125
0 0.85703125 0.95703125 0.1609375 0.0859375
0 0.3390625 0.96796875 0.171875 0.0640625
0 0.19281094999999998 0.1578283109375 0.9767150000000001 0.050288 0.046321 0.100393 0.19281094999999998 0.1578283109375
0 0.19281094999999998 0.1578283109375 0.05625 0.1765625 0.971875 0.46328125 0.19281094999999998 0.1578283109375
0 0.01875 0.7671875 0.0375 0.171875
0 0.01171875 0.7671875 0.0234375 0.16875
0 0.9828125 0.04453125 0.034375 0.0890625
0 0.009375 0.7703125 0.01875 0.1671875