0 0.82421875 0.4671875 0.21875 0.2
0 0.6109375 0.1 0.215625 0.1765625
0 0.9046875 0.16015625 0.184375 0.1796875
0 0.2109375 0.7484375 0.1796875 0.1765625
0 0.7046875 0.76171875 0.1765625 0.1875
0 0.41015625 0.66796875 0.1875 0.1875
0 0.609375 0.56640625 0.2109375 0.1953125
0 0.9046875 0.6484375 0.1765625 0.1875
0 0.0625 0.8359375 0.125 0.2265625
0 0.2796875 0.446875 0.184375 0.1765625
0 0.3296875 0.915625 0.2078125 0.1609375
0 0.5296875 0.84375 0.1765625 0.15625
0 0.696875 0.2421875 0.1765625 0.15625
0 0.8359375 0.9234375 0.1875 0.1375
0 0.959375 0.353125 0.075 0.1765625
0 0.4984375 0.37109375 0.1796875 0.1609375
0 0.3921875 0.2015625 0.2 0.171875
0 0.803125 0.0390625 0.1484375 0.078125
0 0.2890625 0.05625 0.203125 0.1125
0 0.08203125 0.103125 0.1640625 0.20625
0 0.1859375 0.28125 0.1609375 0.1609375
0 0.046875 0.4046875 0.09375 0.21875
0 0.1171875 0.96484375 0.16875 0.0703125
0 0.1015625 0.5625 0.1264715171875 0.2276121125 0.054992 0.174599 0.1015625 0.5625
0 0.1264715171875 0.2276121125 0.972504 0.8550760000000001 0.1296875 0.184375 0.1264715171875 0.2276121125
0 0.62421875 0.9671875 0.1953125 0.065625
0 0.6234375 0.9671875 0.1953125 0.065625