0 0.76171875 0.6546875 0.1875 0.2078125
0 0.88125 0.828125 0.2078125 0.1875
0 0.9296875 0.56640625 0.125 0.21875
0 0.47265625 0.5546875 0.21875 0.171875
0 0.6546875 0.0375 0.1609375 0.075
0 0.6546875 0.915625 0.184375 0.1609375
0 0.5609375 0.7359375 0.2 0.1765625
0 0.6796875 0.44921875 0.2109375 0.1484375
0 0.353125 0.82421875 0.2 0.203125
0 0.1484375 0.91015625 0.2109375 0.1640625
0 0.4359375 0.0859375 0.16875 0.15625
0 0.2421875 0.6421875 0.171875 0.1921875
0 0.8671875 0.37890625 0.171875 0.171875
0 0.0796875 0.7421875 0.159375 0.171875
0 0.25625 0.1734375 0.2078125 0.1765625
0 0.0859375 0.2828125 0.1609375 0.190625
0 0.1265625 0.0453125 0.171875 0.090625 0.464843 0.962466 0.195802 0.075069 0.1265625 0.0453125
0 0.93671875 0.9640625 0.1265625 0.071875
0 0.01796875 0.08203125 0.0359375 0.1640625
0 0.99140625 0.2703125 0.0171875 0.171875
0 0.0125 0.08203125 0.025 0.1640625
0 0.9875 0.73984375 0.025 0.1984375
0 0.98125 0.73984375 0.0375 0.1921875
0 0.98828125 0.26953125 0.0234375 0.1765625
0 0.99140625 0.73984375 0.0171875 0.190625