0 0.2171875 0.1734375 0.184375 0.184375
0 0.87890625 0.8921875 0.1953125 0.1765625
0 0.6796875 0.509375 0.203125 0.2
0 0.9453125 0.1234375 0.1015625 0.1609375
0 0.47265625 0.59765625 0.2109375 0.1953125
0 0.76171875 0.2171875 0.1953125 0.2
0 0.8734375 0.3984375 0.2 0.171875
0 0.4453125 0.13671875 0.246875 0.203125
0 0.65234375 0.06640625 0.2 0.1328125
0 0.55078125 0.31875 0.2390625 0.184375
0 0.3609375 0.41796875 0.2234375 0.1796875
0 0.15234375 0.5171875 0.215625 0.1796875
0 0.259375 0.696875 0.1953125 0.2109375
0 0.0875 0.80546875 0.175 0.1640625
0 0.071875 0.33984375 0.14375 0.1796875
0 0.1234375 0.05078125 0.1921875 0.1015625
0 0.68359375 0.95703125 0.2421875 0.0859375 0.026144 0.119478 0.052288 0.164705 0.68359375 0.95703125
0 0.025 0.60546875 0.05 0.18125
0 0.871875 0.0171875 0.2234375 0.034375
0 0.346875 0.0203125 0.1875 0.040625
0 0.9921875 0.31640625 0.015625 0.1609375
0 0.9875 0.3140625 0.025 0.1625
0 0.346875 0.0125 0.18125 0.025