0 0.959375 0.04296875 0.075 0.0859375
0 0.5859375 0.9234375 0.1484375 0.1375
0 0.41796875 0.37890625 0.1796875 0.1796875
0 0.796875 0.1421875 0.1484375 0.153125
0 0.0859375 0.32421875 0.1484375 0.1453125
0 0.084375 0.584375 0.1609375 0.2109375
0 0.6 0.25625 0.125 0.1328125
0 0.459375 0.1078125 0.15625 0.15625
0 0.25625 0.1953125 0.125 0.1296875
0 0.8203125 0.7359375 0.184375 0.1953125
0 0.08984375 0.0640625 0.1328125 0.125
0 0.25625 0.44140625 0.203125 0.1765625
0 0.9703125 0.609375 0.059375 0.171875
0 0.20188824218749998 0.054630731249999995 0.109375 0.059375 0.31493099999999996 0.9781299999999999 0.20188824218749998 0.054630731249999995
0 0.31328125 0.984375 0.1828125 0.03125