0 0.446875 0.859375 0.2390625 0.2109375
0 0.50625 0.0859375 0.2078125 0.171875
0 0.28515625 0.7046875 0.1796875 0.1921875
0 0.69375 0.19921875 0.2078125 0.1796875
0 0.12890625 0.5796875 0.2109375 0.2
0 0.84765625 0.34765625 0.2421875 0.2265625
0 0.25390625 0.4046875 0.203125 0.1921875
0 0.421875 0.5546875 0.1953125 0.2109375
0 0.1734375 0.8921875 0.1921875 0.2
0 0.19921875 0.1171875 0.1796875 0.1640625
0 0.3921875 0.25390625 0.2 0.1953125
0 0.0859375 0.2734375 0.1640625 0.1796875
0 0.8046875 0.06640625 0.234375 0.1328125
0 0.890625 0.6546875 0.1875 0.184375
0 0.759375 0.8609375 0.2 0.153125
0 0.91796875 0.9359375 0.15625 0.121875
0 0.71640625 0.528125 0.1640625 0.1703125
0 0.5875 0.69375 0.1609375 0.1609375
0 0.02734375 0.7828125 0.0546875 0.184375
0 0.9625 0.1625 0.075 0.1328125
0 0.06328125 0.034375 0.1265625 0.06875
0 0.6375 0.9625 0.26875 0.075
0 0.94453125 0.4828125 0.1109375 0.196875
0 0.22109375 0.19453125 0.55078125 0.390625 0.196015 0.065257 0.30067699999999997 0.967371 0.22109375 0.19453125
0 0.3203125 0.0140625 0.1921875 0.028125
0 0.9859375 0.7859375 0.028125 0.15625
0 0.98125 0.78984375 0.0375 0.1640625
0 0.315625 0.0078125 0.184375 0.015625