0 0.7109375 0.3109375 0.15625 0.184375
0 0.0859375 0.1484375 0.15625 0.1484375
0 0.3765625 0.0859375 0.1171875 0.1171875
0 0.6796875 0.0546875 0.121875 0.1015625
0 0.9453125 0.040625 0.109375 0.08125
0 0.96640625 0.25078125 0.0671875 0.1328125
0 0.7578125 0.6015625 0.125 0.125
0 0.7875 0.865625 0.121875 0.1640625
0 0.4296875 0.6390625 0.1296875 0.1375
0 0.40234375 0.3765625 0.1171875 0.1453125
0 0.15625 0.69140625 0.171875 0.140625
0 0.2265625 0.9375 0.171875 0.125
0 0.1740892734375 0.2060275296875 0.9775349999999999 0.516734 0.1609375 0.1765625 0.1740892734375 0.2060275296875
0 0.4859375 0.9046875 0.1740892734375 0.2060275296875 0.044929000000000004 0.156079 0.4859375 0.9046875
0 0.98515625 0.52421875 0.0296875 0.140625
0 0.1390625 0.41640625 0.1453125 0.140625