0 0.75390625 0.2421875 0.1640625 0.140625
0 0.1171875 0.6484375 0.1328125 0.109375
0 0.3734375 0.0296875 0.153125 0.059375
0 0.490625 0.20703125 0.1375 0.1140625
0 0.3265625 0.30078125 0.125 0.1140625
0 0.59765625 0.34765625 0.1296875 0.1484375
0 0.18359375 0.4078125 0.1484375 0.121875
0 0.040625 0.50546875 0.08125 0.1453125
0 0.1890625 0.09375 0.1640625 0.121875
0 0.125 0.1296875 0.9375 0.1109375 0.09229000000000001 0.120675 0.046179 0.206014 0.125 0.1296875
0 0.265625 0.55703125 0.11875 0.10625
0 0.42890625 0.4609375 0.103125 0.109375
0 0.84140625 0.01953125 0.140625 0.0390625
0 0.65859375 0.0859375 0.1171875 0.109375
0 0.8453125 0.0125 0.1453125 0.025