0 0.8921875 0.446875 0.2 0.23125
0 0.3609375 0.53515625 0.2625 0.2578125
0 0.88671875 0.196875 0.21875 0.2234375
0 0.6421875 0.50625 0.2390625 0.2390625
0 0.38125 0.7984375 0.23125 0.215625
0 0.3046875 0.2734375 0.2109375 0.234375
0 0.57421875 0.2421875 0.2578125 0.2421875
0 0.290625 0.06875 0.23125 0.1375
0 0.1234375 0.8609375 0.215625 0.1921875
0 0.0765625 0.5609375 0.153125 0.2078125
0 0.6484375 0.76171875 0.2265625 0.2109375
0 0.08203125 0.3296875 0.1640625 0.2234375
0 0.0546875 0.06875 0.109375 0.1375 0.7017789999999999 0.950958 0.237226 0.09779 0.0546875 0.06875
0 0.546875 0.0390625 0.215625 0.078125
0 0.39921875 0.97421875 0.2 0.0515625
0 0.878125 0.02109375 0.1953125 0.0421875