0 0.384375 0.1796875 0.2078125 0.1875
0 0.4359375 0.915625 0.1921875 0.1609375
0 0.1796875 0.08203125 0.1875 0.1640625
0 0.26171875 0.375 0.1953125 0.1875
0 0.57421875 0.3046875 0.1953125 0.1640625
0 0.69921875 0.109375 0.1953125 0.171875
0 0.6796875 0.5796875 0.1640625 0.1609375
0 0.5546875 0.75 0.203125 0.1875
0 0.859375 0.696875 0.1796875 0.2
0 0.3671875 0.6546875 0.171875 0.184375
0 0.2484375 0.8296875 0.215625 0.2
0 0.928125 0.9296875 0.1375 0.125
0 0.0625 0.7046875 0.125 0.184375
0 0.1546875 0.546875 0.2 0.1875
0 0.9359375 0.4984375 0.121875 0.1609375
0 0.503125 0.0484375 0.15625 0.096875
0 0.77734375 0.40234375 0.16875 0.1765625
0 0.9 0.2203125 0.1453125 0.1140625
0 0.95078125 0.078125 0.0984375 0.15625
0 0.46484375 0.484375 0.215625 0.1921875
0 0.0640625 0.27265625 0.128125 0.1140625
0 0.1846942734375 0.173901453125 0.7578125 0.88125 0.193214 0.06933700000000001 0.1846942734375 0.173901453125
0 0.1846942734375 0.173901453125 0.1640625 0.1484375 0.12021 0.9653309999999999 0.1846942734375 0.173901453125
0 0.828125 0.01484375 0.20625 0.0296875
0 0.03359375 0.0375 0.0671875 0.075
0 0.97890625 0.79140625 0.0421875 0.1609375
0 0.01953125 0.4421875 0.0390625 0.1734375
0 0.63671875 0.97890625 0.196875 0.0421875
0 0.98515625 0.7921875 0.0296875 0.1640625
0 0.634375 0.9859375 0.20625 0.028125