0 0.6625 0.84765625 0.16875 0.1484375
0 0.7046875 0.31640625 0.1609375 0.15625
0 0.76640625 0.05625 0.1609375 0.1125
0 0.16015625 0.9296875 0.171875 0.125
0 0.1421875 0.6859375 0.1765625 0.1375
0 0.08203125 0.2421875 0.1640625 0.1796875
0 0.478125 0.94921875 0.1765625 0.0859375
0 0.97265625 0.6234375 0.046875 0.1375
0 0.8296875 0.7421875 0.1375 0.125
0 0.3421875 0.5609375 0.1765625 0.1609375
0 0.0375 0.5296875 0.075 0.1375
0 0.953125 0.9046875 0.0859375 0.1453125
0 0.87890625 0.478125 0.1875 0.1296875
0 0.9125 0.1875 0.1609375 0.1484375
0 0.05859375 0.7796875 0.1171875 0.140625
0 0.21147008750000001 0.1201436234375 0.42059499999999994 0.054413 0.15006999999999998 0.108762 0.21147008750000001 0.1201436234375
0 0.21147008750000001 0.1201436234375 0.15625 0.1375 0.56640625 0.1859375 0.21147008750000001 0.1201436234375
0 0.82421875 0.978125 0.15 0.04375
0 0.3875 0.29609375 0.1484375 0.14375
0 0.31484375 0.84765625 0.1265625 0.1359375