0 0.3421875 0.4234375 0.2 0.1921875
0 0.728125 0.66015625 0.16875 0.15625
0 0.4609375 0.259375 0.203125 0.175
0 0.41015625 0.7046875 0.1875 0.1921875
0 0.234375 0.5921875 0.1875 0.1765625
0 0.6484375 0.34375 0.203125 0.1875
0 0.29296875 0.8921875 0.1796875 0.184375
0 0.81640625 0.921875 0.1953125 0.1484375
0 0.5734375 0.0796875 0.171875 0.159375
0 0.853125 0.4609375 0.1765625 0.1796875
0 0.1109375 0.7875 0.2078125 0.1765625
0 0.8734375 0.03125 0.184375 0.0625
0 0.6171875 0.82421875 0.1953125 0.1796875
0 0.5171875 0.54296875 0.1765625 0.15625
0 0.76953125 0.1875 0.1296875 0.121875
0 0.953125 0.30078125 0.09375 0.10625
0 0.93125 0.759375 0.1328125 0.1171875 0.12902144531249998 0.149019278125 0.93125 0.759375
0 0.12902144531249998 0.149019278125 0.067342 0.102092 0.033752 0.948954 0.12902144531249998 0.149019278125
0 0.98046875 0.565625 0.0390625 0.1484375
0 0.4984375 0.9734375 0.18125 0.053125
0 0.1890625 0.98359375 0.1890625 0.0328125
0 0.9546875 0.97421875 0.090625 0.0515625
0 0.978125 0.10546875 0.04375 0.16875
0 0.9859375 0.10625 0.028125 0.16875