0 0.8421875 0.16015625 0.2546875 0.2265625
0 0.8296875 0.6234375 0.23125 0.1609375
0 0.78515625 0.4984375 0.171875 0.1140625
0 0.6421875 0.32421875 0.1453125 0.1484375
0 0.946875 0.33984375 0.10625 0.1609375
0 0.2811348171875 0.1810628671875 0.50390625 0.11640625 0.171541 0.148116 0.2811348171875 0.1810628671875
0 0.2811348171875 0.1810628671875 0.2078125 0.20234375 0.7855209999999999 0.332695 0.2811348171875 0.1810628671875
0 0.6625 0.01640625 0.2078125 0.0328125
0 0.971875 0.03984375 0.05625 0.0796875
0 0.98046875 0.140625 0.0390625 0.1578125
0 0.98515625 0.1421875 0.0296875 0.1671875