0 0.22265625 0.5484375 0.1953125 0.1765625
0 0.859375 0.7046875 0.171875 0.16875
0 0.4234375 0.8984375 0.1609375 0.1328125
0 0.734375 0.5484375 0.1875 0.16875
0 0.63671875 0.34765625 0.1953125 0.1796875
0 0.234375 0.06875 0.1953125 0.1375
0 0.3203125 0.2515625 0.1453125 0.1484375
0 0.53125 0.15 0.153125 0.1375
0 0.7421875 0.05859375 0.16875 0.1171875
0 0.84765625 0.25 0.1953125 0.1875
0 0.93515625 0.44453125 0.1296875 0.1484375
0 0.42578125 0.4390625 0.121875 0.140625
0 0.5234375 0.6265625 0.2234375 0.1640625
0 0.6390625 0.8046875 0.171875 0.125
0 0.9390625 0.91796875 0.121875 0.1640625
0 0.76171875 0.95703125 0.1765625 0.0859375
0 0.3359375 0.7359375 0.1640625 0.15625
0 0.11328125 0.82421875 0.203125 0.171875
0 0.234375 0.9609375 0.215625 0.078125
0 0.046875 0.6265625 0.09375 0.1609375
0 0.125 0.33984375 0.1640625 0.16875
0 0.046875 0.1484375 0.09375 0.1796875 0.927867 0.021976000000000002 0.144266 0.043929 0.046875 0.1484375
0 0.42265625 0.028125 0.178125 0.05625
0 0.98046875 0.15078125 0.0390625 0.15625
0 0.98515625 0.15234375 0.0296875 0.1578125