0 0.2381759421875 0.067616909375 0.156137325 0.0625643671875 0.0951485203125 0.1961086046875 0.14039195 0.25013359375 0.2367164328125 0.283716640625 0.30823019218750003 0.2296916515625 0.32428417187499997 0.16544578906250001 0.31260851562499997 0.10850059375000001 0.2381759421875 0.067616909375
0 0.1479291671875 0.4187982234375 0.013418609375000001 0.51003734375 0.1301756953125 0.629768296875 0.24109485625 0.6326885546875001 0.2600678515625 0.47645429687499996 0.1479291671875 0.4187982234375
0 0.0199774296875 0.7163909640624999 0.025602664062500002 0.821914840625 0.1324844453125 0.8711592546875 0.22389641718750003 0.8430195749999999 0.23655336718750003 0.7614144921875 0.18170633593750002 0.6544835890625 0.1093446875 0.6360895359375001 0.0199774296875 0.7163909640624999
0 0.3393720546875 0.32806321562499996 0.3351531046875 0.4293661015625 0.4279713640625 0.48423848437499994 0.52360248125 0.4209241796875 0.52078971875 0.31680733125 0.46875525781249994 0.2492721359375 0.41937266093750003 0.2485301484375 0.3393720546875 0.32806321562499996
0 0.8034636359375 0.35479596406249997 0.7908067859375 0.2816327078125 0.6745458015625 0.256228625 0.5970792625 0.28021725000000003 0.545435075 0.3817076953125 0.6471626671874999 0.48581140625 0.7626801296875 0.4420289609375 0.8034636359375 0.35479596406249997
0 0.6686356124999999 0.6851851250000001 0.735385121875 0.654656871875 0.7601777843749999 0.6069567499999999 0.7487351796875 0.523004503125 0.586629125 0.49056831718750005 0.5730001640625 0.47861244062499997 0.53895071875 0.6031406828125 0.6686356124999999 0.6851851250000001
0 0.4368609734375 0.8974563203124999 0.4702363328125 0.8488878703125 0.4854070078125 0.7441624609375 0.3312351171875 0.6639870421875 0.251779175 0.715325078125 0.3746613703125 0.8686187265624999 0.4368609734375 0.8974563203124999
0 0.48995812499999997 0.7881774921875 0.55670884375 0.90200953125 0.6219426640625 0.9065627421875 0.696278721875 0.9050451453124999 0.7554441015625 0.8246036999999999 0.709932284375 0.6576501015625 0.6037377703125 0.6424725078125 0.48995812499999997 0.7881774921875
0 0.7342052 0.7775531609375 0.7235858515625 0.93540033125 0.85405328125 0.977897453125 0.9572133703124999 0.923258090625 0.9238380109375001 0.8063906484375 0.873775075 0.73960914375 0.815858440625 0.7356566875 0.7342052 0.7775531609375
0 0.7945765390624999 0.57033433125 0.813114028125 0.6774882421874999 0.9243379718750001 0.721792265625 0.9974576203125001 0.6733669578125 0.9984375 0.5796072999999999 0.965532203125 0.537363921875 0.8214323 0.5214074296875 0.7945765390624999 0.57033433125
0 0.8193790468750001 0.24274047968749998 0.7972696531250001 0.10864138281249999 0.692250746875 0.09066928125 0.643656340625 0.12607167187499999 0.6190135828125001 0.2814495578125 0.7406147703125 0.29665666874999996 0.8193790468750001 0.24274047968749998
0 0.5740103484375 0 0.6325811453125 0.081964203125 0.725607921875 0.081964203125 0.7931273875 0 0.5740103484375 0
0 0.942382596875 0.46618391875 0.9836708125 0.3868739375 0.9671556640625001 0.3108685265625 0.81572540625 0.32158405156250003 0.8399873984375 0.395135421875 0.8399873984375 0.4496610078125 0.942382596875 0.46618391875
0 0.3940735859375 0.02502208125 0.36930051875 0.0663293859375 0.400679690625 0.2365154015625 0.45848328125000004 0.2728658515625 0.5542723796875 0.2447768859375 0.5658330046875 0.14894393749999998 0.47169571875000005 0.0217175109375 0.3940735859375 0.02502208125
0 0.124873715625 0.0068469453125 0.17111667656250001 0.0812000703125 0.25204175 0.0927660109375 0.3457338234375 0.0076371046875 0.124873715625 0.0068469453125
0 0.25204175 0.0927660109375 0.247534 0.237146 0.677769 0.373475 0.25204175 0.0927660109375
0 0.62734375 0.7875 0.2453125 0.2703125
0 0.71875 0.1875 0.21875 0.2046875
0 0.88515625 0.6234375 0.225 0.215625
0 0.128125 0.7578125 0.2203125 0.2375
0 0.8484375 0.85625 0.2390625 0.2515625
0 0.428125 0.3609375 0.2 0.225
0 0.37890625 0.7703125 0.2453125 0.246875
0 0.1421875 0.52265625 0.2296875 0.21875
0 0.45546875 0.14453125 0.2359375 0.2578125
0 0.65 0.57578125 0.221875 0.2046875
0 0.20859375 0.16875 0.2203125 0.2296875
0 0.9109375 0.38671875 0.178125 0.1625
0 0.240625 0.04140625 0.2234375 0.0828125
0 0.33359375 0.9546875 0.25 0.090625
0 0.71484375 0.04375 0.2609375 0.0875
0 0.584375 0.9703125 0.2546875 0.059375
0 0.9796875 0.88125 0.040625 0.221875
0 0.98515625 0.86953125 0.0296875 0.2078125