0 0.2796875 0.1015625 0.1328125 0.109375
0 0.49375 0.04296875 0.1609375 0.0859375
0 0.81640625 0.0953125 0.1453125 0.1296875
0 0.603125 0.19375 0.171875 0.1328125
0 0.38125 0.3046875 0.1609375 0.1328125
0 0.19140625 0.39453125 0.1484375 0.121875
0 0.078125 0.21484375 0.1171875 0.140625
0 0.703125 0.3984375 0.16875 0.15625
0 0.9296875 0.28125 0.1375 0.125
0 0.4765625 0.484375 0.1328125 0.1328125
0 0.2828125 0.5796875 0.1609375 0.1328125
0 0.071875 0.68046875 0.14375 0.1203125
0 0.165625 0.8734375 0.153125 0.1171875
0 0.3921875 0.76953125 0.1484375 0.140625
0 0.6 0.6625 0.1453125 0.1328125
0 0.80078125 0.5609375 0.1453125 0.1171875
0 0.915625 0.7640625 0.1375 0.140625
0 0.725 0.853125 0.1609375 0.1296875
0 0.1266835421875 0.2455102390625 0.048984 0.101159 0.024509 0.9493240000000001 0.1266835421875 0.2455102390625
0 0.5 0.9390625 0.1453125 0.1171875 0.1266835421875 0.2455102390625 0.5 0.9390625
0 0.025 0.0515625 0.05 0.103125
0 0.30703125 0.9921875 0.15625 0.015625
0 0.97578125 0.47578125 0.0484375 0.115625
0 0.98359375 0.46953125 0.0328125 0.1078125