0 0.6171875 0.5546875 0.203125 0.1796875
0 0.2046875 0.28515625 0.215625 0.1796875
0 0.3984375 0.1734375 0.203125 0.1921875
0 0.2046875 0.75390625 0.215625 0.203125
0 0.81875 0.91796875 0.2 0.15625
0 0.41015625 0.6546875 0.2265625 0.1921875
0 0.4921875 0.3734375 0.1953125 0.2078125
0 0.103125 0.103125 0.1765625 0.1765625
0 0.7109375 0.76171875 0.1953125 0.15625
0 0.31640625 0.921875 0.1796875 0.1484375
0 0.2984375 0.4671875 0.2234375 0.215625
0 0.0921875 0.54296875 0.1609375 0.1796875
0 0.6171875 0.0875 0.1609375 0.1296875
0 0.91796875 0.1625 0.1453125 0.140625
0 0.29765625 0.040625 0.1953125 0.08125
0 0.8296875 0.46484375 0.21875 0.2
0 0.73046875 0.2578125 0.21875 0.203125
0 0.5234375 0.85546875 0.1953125 0.16875
0 0.91953125 0.63984375 0.1609375 0.1953125
0 0.81015625 0.040625 0.2015625 0.08125
0 0.1142511546875 0.21789726874999998 0.621369 0.969806 0.191832 0.060389000000000005 0.1142511546875 0.21789726874999998
0 0.9796875 0.83515625 0.040625 0.146875
0 0.98515625 0.834375 0.0296875 0.14375
0 0.98671875 0.36484375 0.0265625 0.1515625
0 0.990625 0.8328125 0.01875 0.14375