0 0.571875 0.0625 0.1765625 0.125
0 0.1 0.921875 0.1765625 0.1484375
0 0.2734375 0.103125 0.171875 0.1609375
0 0.3375 0.3421875 0.1609375 0.109375
0 0.6 0.30859375 0.1296875 0.1296875
0 0.88125 0.2515625 0.1609375 0.128125
0 0.93125 0.5171875 0.1375 0.1609375
0 0.953125 0.7671875 0.09375 0.1453125
0 0.6625 0.56640625 0.171875 0.16875
0 0.7109375 0.828125 0.1609375 0.171875
0 0.390625 0.865625 0.15625 0.1328125
0 0.353125 0.6 0.1765625 0.15625
0 0.071875 0.6484375 0.1328125 0.1375
0 0.12140050468750001 0.16043281250000002 0.8449920000000001 0.0387 0.150441 0.077393 0.12140050468750001 0.16043281250000002
0 0.12140050468750001 0.16043281250000002 0.08125 0.1671875 0.040625 0.39140625 0.12140050468750001 0.16043281250000002
0 0.0234375 0.15625 0.046875 0.1265625
0 0.015625 0.153125 0.03125 0.13125