0 0.7359375 0.259375 0.2546875 0.1984375
0 0.3296875 0.4671875 0.2390625 0.2234375
0 0.4359375 0.66015625 0.2078125 0.21875
0 0.234375 0.7359375 0.2265625 0.1921875
0 0.84765625 0.4296875 0.2109375 0.1953125
0 0.1171875 0.5546875 0.2109375 0.203125
0 0.2171875 0.259375 0.2234375 0.2078125
0 0.32890625 0.05625 0.2234375 0.1125
0 0.603125 0.5484375 0.16875 0.1609375
0 0.9203125 0.16015625 0.153125 0.203125
0 0.3359375 0.9140625 0.171875 0.1640625
0 0.5546875 0.85546875 0.203125 0.15625
0 0.51171875 0.359375 0.1796875 0.1796875
0 0.7484375 0.728125 0.1921875 0.1765625
0 0.12109375 0.08984375 0.2390625 0.1796875
0 0.0625 0.365625 0.125 0.1953125
0 0.4234375 0.17578125 0.1140625 0.125
0 0.6390625 0.0921875 0.1171875 0.109375
0 0.05859375 0.83203125 0.1171875 0.1875
0 0.1234375 0.9703125 0.23125 0.059375
0 0.921875 0.65234375 0.15625 0.2078125
0 0.875 0.91171875 0.25 0.1765625
0 0.16875 0.0625 0.6625 0.96875 0.199102 0.06498699999999999 0.823448 0.032494 0.16875 0.0625
0 0.97890625 0.35546875 0.0421875 0.1859375
0 0.98671875 0.84453125 0.025 0.175
0 0.98984375 0.84375 0.0203125 0.1671875
0 0.98515625 0.3515625 0.0296875 0.184375