0 0.1796875 0.3421875 0.1640625 0.1296875
0 0.490625 0.921875 0.2 0.15625
0 0.7984375 0.9546875 0.1921875 0.0828125
0 0.521875 0.6890625 0.171875 0.2078125
0 0.79296875 0.48046875 0.16875 0.1765625
0 0.5484375 0.146875 0.1953125 0.1953125
0 0.2515625 0.178125 0.1984375 0.153125 0.2019209515625 0.178394034375 0.2515625 0.178125
0 0.2019209515625 0.178394034375 0.168345 0.178576 0.241963 0.46886 0.2019209515625 0.178394034375
0 0.9625 0.90859375 0.075 0.1625
0 0.80625 0.76640625 0.184375 0.146875
0 0.1953125 0.9765625 0.140625 0.046875
0 0.49296875 0.04140625 0.1625 0.0828125