0 0.2109375 0.7734375 0.2578125 0.21875
0 0.4296875 0.2046875 0.2421875 0.2390625
0 0.78515625 0.671875 0.2421875 0.234375
0 0.71875 0.1484375 0.25 0.2421875
0 0.1546875 0.2359375 0.23125 0.23125
0 0.47265625 0.4546875 0.2421875 0.2390625
0 0.5234375 0.72265625 0.265625 0.234375
0 0.94375 0.1171875 0.10625 0.2109375
0 0.203125 0.51171875 0.21875 0.2265625
0 0.0375 0.821875 0.075 0.1765625
0 0.324516959375 0.1200677984375 0.396821 0.031244 0.24345 0.062266999999999996 0.324516959375 0.1200677984375
0 0.324516959375 0.1200677984375 0.21875 0.25 0.75 0.4234375 0.324516959375 0.1200677984375
0 0.11171875 0.05078125 0.1734375 0.1015625
0 0.975 0.63125 0.05 0.20625
0 0.015625 0.54296875 0.03125 0.1984375
0 0.01171875 0.54375 0.0234375 0.19375