0 0.946875 0.32421875 0.0984375 0.1875
0 0.946875 0.0859375 0.0984375 0.171875
0 0.296875 0.1546875 0.16875 0.15625
0 0.665625 0.1078125 0.15625 0.153125
0 0.728125 0.396875 0.140625 0.1765625
0 0.734375 0.63125 0.1375 0.1171875
0 0.77734375 0.8734375 0.125 0.125
0 0.37890625 0.6625 0.109375 0.1140625
0 0.3296875 0.4078125 0.125 0.125
0 0.046875 0.46875 0.09375 0.125
0 0.025 0.21171875 0.05 0.1828125
0 0.06875 0.71484375 0.1171875 0.1140625
0 0.125 0.95859375 0.125 0.0828125
0 0.16528081562500002 0.241590915625 0.9774710000000001 0.5746979999999999 0.125 0.1296875 0.16528081562500002 0.241590915625
0 0.41015625 0.921875 0.16528081562500002 0.241590915625 0.045057 0.192283 0.41015625 0.921875
0 0.2671875 0.0234375 0.184375 0.046875
0 0.984375 0.571875 0.03125 0.1875
0 0.97890625 0.83515625 0.0421875 0.175
0 0.9921875 0.83125 0.015625 0.1703125