0 0.2171875 0.1734375 0.1765625 0.153125
0 0.734375 0.16015625 0.171875 0.1796875
0 0.50390625 0.09765625 0.15625 0.15625
0 0.5296875 0.5484375 0.1765625 0.153125
0 0.421875 0.240625 0.1375 0.1328125
0 0.61328125 0.3421875 0.1640625 0.15625
0 0.94140625 0.228125 0.1171875 0.153125
0 0.84765625 0.478125 0.1328125 0.1375
0 0.73828125 0.65 0.1453125 0.1375
0 0.93359375 0.696875 0.1328125 0.1375
0 0.86875 0.9 0.1875 0.1609375
0 0.640625 0.834375 0.1484375 0.153125
0 0.4390625 0.740625 0.1609375 0.171875
0 0.2328125 0.6578125 0.125 0.140625
0 0.3203125 0.44921875 0.153125 0.1921875
0 0.1015625 0.3609375 0.1484375 0.153125
0 0.04296875 0.5640625 0.0859375 0.1609375
0 0.13671875 0.87109375 0.140625 0.171875
0 0.35703125 0.93515625 0.1515625 0.1296875
0 0.046875 0.078125 0.09375 0.125
0 0.2359375 0.0671875 0.27421875 0.03359375 0.043433 0.121314 0.978127 0.060845 0.2359375 0.0671875
0 0.828125 0.01875 0.2 0.0375
0 0.5484375 0.9703125 0.16875 0.059375
0 0.05703125 0.9796875 0.1140625 0.040625
0 0.06015625 0.984375 0.115625 0.03125
0 0.98515625 0.5484375 0.0296875 0.1390625
0 0.98359375 0.05859375 0.0328125 0.115625