0 0.5296875 0.7484375 0.23125 0.2078125
0 0.4296875 0.3046875 0.203125 0.1953125
0 0.28515625 0.134375 0.21875 0.1921875
0 0.91015625 0.21875 0.1640625 0.15625
0 0.728125 0.3421875 0.2 0.1921875
0 0.19140625 0.7109375 0.1640625 0.1796875
0 0.2484375 0.415625 0.184375 0.1765625
0 0.8671875 0.50390625 0.1796875 0.1875
0 0.5546875 0.4609375 0.171875 0.1796875
0 0.06640625 0.5609375 0.125 0.1375
0 0.3734375 0.59375 0.2 0.1875
0 0.6796875 0.6328125 0.1765625 0.1609375
0 0.82421875 0.80859375 0.1875 0.1875
0 0.96484375 0.6859375 0.0703125 0.2078125
0 0.6421875 0.9140625 0.1875 0.15625
0 0.93359375 0.94140625 0.1328125 0.09375
0 0.3109375 0.859375 0.125 0.1796875
0 0.040625 0.84453125 0.08125 0.1796875
0 0.09765625 0.2890625 0.1953125 0.203125
0 0.5953125 0.18125 0.171875 0.1296875
0 0.4625 0.053125 0.1953125 0.10625
0 0.175 0.14375 0.753125 0.071875 0.169688 0.066239 0.147936 0.033213 0.175 0.14375
0 0.96796875 0.38046875 0.0640625 0.190625
0 0.03984375 0.090625 0.0796875 0.18125
0 0.1453125 0.95625 0.1515625 0.0875
0 0.48984375 0.97734375 0.1890625 0.0453125
0 0.9375 0.01953125 0.125 0.0390625
0 0.76328125 0.9828125 0.16875 0.034375
0 0.7640625 0.9875 0.1671875 0.025