0 0.228125 0.821875 0.1453125 0.1375
0 0.49375 0.5765625 0.153125 0.1484375
0 0.75 0.5078125 0.1328125 0.1171875
0 0.71484375 0.26171875 0.109375 0.10625
0 0.13125 0.30859375 0.121875 0.1015625
0 0.16796875 0.58984375 0.10625 0.09375
0 0.55625 0.7984375 0.1640625 0.1453125
0 0.80078125 0.765625 0.1328125 0.1328125
0 0.9703125 0.165625 0.059375 0.0828125
0 0.1222186609375 0.16123047968749998 0.1015625 0.1375 0.05078125 0.88671875 0.1222186609375 0.16123047968749998
0 0.1222186609375 0.16123047968749998 0.830497 0.974924 0.133204 0.049668000000000004 0.1222186609375 0.16123047968749998
0 0.0203125 0.6796875 0.040625 0.1328125
0 0.015625 0.68359375 0.03125 0.1375