0 0.09765625 0.0859375 0.1453125 0.121875
0 0.359375 0.05859375 0.1640625 0.1171875
0 0.39453125 0.30078125 0.153125 0.121875
0 0.68125 0.271875 0.1484375 0.1375
0 0.93515625 0.21640625 0.1296875 0.1609375
0 0.97265625 0.4765625 0.0546875 0.1328125
0 0.7046875 0.521875 0.1375 0.15625
0 0.74375 0.7890625 0.140625 0.1296875
0 0.4375 0.5765625 0.1296875 0.125
0 0.47265625 0.82421875 0.1296875 0.1375
0 0.18125 0.865625 0.1640625 0.1609375
0 0.1625 0.625 0.1453125 0.140625
0 0.1171875 0.3609375 0.1453125 0.1453125 0.641875 0.029220000000000003 0.142749 0.058440000000000006 0.1171875 0.3609375
0 0.9265625 0.0203125 0.1421875 0.040625
0 0.92578125 0.01484375 0.146875 0.0296875
0 0.796875 0.98671875 0.13125 0.0265625