0 0.19140625 0.05078125 0.1640625 0.1015625
0 0.22265625 0.2671875 0.10625 0.109375
0 0.6015625 0.25625 0.25 0.1875
0 0.8984375 0.203125 0.1375 0.1328125
0 0.884375 0.4921875 0.1171875 0.125
0 0.3109375 0.55859375 0.1296875 0.1640625
0 0.5796875 0.50390625 0.15625 0.10625
0 0.6078125 0.771875 0.09375 0.109375
0 0.9078125 0.7515625 0.1453125 0.1484375
0 0.0484375 0.85078125 0.096875 0.1171875
0 0.05625 0.61640625 0.1125 0.1484375
0 0.31875 0.803125 0.140625 0.1328125
0 0.0936679 0.136683578125 0.065625 0.109375 0.0328125 0.3421875 0.0936679 0.136683578125
0 0.0936679 0.136683578125 0.943509 0.9642709999999999 0.11298299999999999 0.071458 0.0936679 0.136683578125
0 0.7859375 0.01640625 0.134375 0.0328125
0 0.6671875 0.9828125 0.1296875 0.034375
0 0.33828125 0.21640625 0.1109375 0.1203125
0 0.665625 0.98671875 0.1359375 0.0265625
0 0.0078125 0.084375 0.015625 0.1515625
0 0.78671875 0.01171875 0.14375 0.0234375