0 0.22265625 0.8984375 0.15625 0.1484375
0 0.84765625 0.7046875 0.140625 0.1375
0 0.62890625 0.884375 0.1484375 0.1453125
0 0.41015625 0.32421875 0.1484375 0.1453125
0 0.61875 0.1421875 0.16875 0.15625
0 0.82421875 0.3453125 0.1375 0.1921875
0 0.6328125 0.5453125 0.1640625 0.15625
0 0.4390625 0.7125 0.1328125 0.1328125
0 0.2109375 0.5453125 0.171875 0.140625
0 0.053125 0.7109375 0.10625 0.1765625
0 0.2171875 0.1734375 0.1453125 0.09375 0.11838044375000001 0.155812509375 0.2171875 0.1734375
0 0.11838044375000001 0.155812509375 0.082594 0.14942899999999998 0.041318 0.33339599999999997 0.11838044375000001 0.155812509375
0 0.96640625 0.146875 0.0671875 0.178125
0 0.40546875 0.01484375 0.159375 0.0296875
0 0.8265625 0.01640625 0.1796875 0.0328125
0 0.978125 0.50625 0.04375 0.1421875
0 0.978125 0.871875 0.04375 0.1578125
0 0.03125 0.021875 0.0625 0.04375
0 0.984375 0.5015625 0.03125 0.1375
0 0.0265625 0.01875 0.053125 0.0375
0 0.984375 0.8640625 0.03125 0.153125