0 0.603125 0.5484375 0.184375 0.1609375
0 0.8046875 0.7359375 0.15625 0.153125
0 0.40390625 0.040625 0.1359375 0.08125
0 0.96484375 0.16796875 0.0625 0.1640625
0 0.8359375 0.3609375 0.1328125 0.1296875
0 0.19921875 0.915625 0.1484375 0.1375
0 0.1796875 0.5609375 0.140625 0.1453125
0 0.1859375 0.165625 0.153125 0.16875
0 0.59765625 0.175 0.15625 0.1296875
0 0.41015625 0.7421875 0.1484375 0.15625
0 0.4046875 0.37890625 0.1609375 0.171875
0 0.6328125 0.92734375 0.15625 0.1453125
0 0.96875 0.5234375 0.0625 0.15625
0 0.7828125 0.04921875 0.20625 0.0984375
0 0.97109375 0.9109375 0.0578125 0.1375
0 0.06953125 0.19609375 0.03515625 0.7703125 0.089942 0.091303 0.044971 0.045746999999999996 0.06953125 0.19609375
0 0.02421875 0.384375 0.0484375 0.1296875