0 0.63671875 0.84765625 0.21875 0.2265625
0 0.884375 0.5234375 0.2234375 0.2578125
0 0.6109375 0.290625 0.2546875 0.2390625
0 0.390625 0.88671875 0.25 0.2109375
0 0.57890625 0.0796875 0.2390625 0.159375
0 0.8609375 0.2734375 0.2234375 0.203125
0 0.2984375 0.35546875 0.246875 0.2265625
0 0.9296875 0.79296875 0.1328125 0.1953125
0 0.6546875 0.57421875 0.246875 0.25
0 0.353125 0.6234375 0.246875 0.215625
0 0.84765625 0.0484375 0.2109375 0.096875
0 0.06875 0.6734375 0.1375 0.1921875
0 0.07857641875 0.365161296875 0.070969 0.202082 0.03551 0.42140000000000005 0.07857641875 0.365161296875
0 0.103125 0.89140625 0.20625 0.1984375 0.07857641875 0.365161296875 0.103125 0.89140625
0 0.92890625 0.97265625 0.1421875 0.0546875
0 0.02578125 0.1375 0.0515625 0.184375