0 0.06640625 0.57421875 0.1328125 0.1484375
0 0.26171875 0.3921875 0.15625 0.153125
0 0.671875 0.046875 0.1640625 0.09375
0 0.884375 0.5609375 0.1453125 0.1296875
0 0.4546875 0.2109375 0.1609375 0.140625
0 0.8921875 0.9296875 0.1453125 0.1328125
0 0.4921875 0.5796875 0.125 0.121875
0 0.26328125 0.040625 0.1796875 0.08125
0 0.07421875 0.228125 0.1484375 0.15625
0 0.6875 0.3921875 0.1453125 0.1609375
0 0.86328125 0.2046875 0.1484375 0.153125
0 0.2796875 0.7421875 0.1328125 0.125
0 0.69140625 0.75625 0.1640625 0.15625
0 0.44921875 0.94140625 0.171875 0.1171875
0 0.078125 0.946875 0.15625 0.10625