0 0.2734375 0.6484375 0.1953125 0.203125
0 0.571875 0.5859375 0.2078125 0.1953125
0 0.384375 0.4671875 0.2 0.1921875
0 0.103125 0.0859375 0.184375 0.1640625
0 0.296875 0.171875 0.21875 0.1875
0 0.08203125 0.540625 0.1640625 0.215625
0 0.44921875 0.7484375 0.2109375 0.215625
0 0.7671875 0.6734375 0.2078125 0.2
0 0.8734375 0.4859375 0.2234375 0.215625
0 0.9296875 0.78515625 0.125 0.1953125
0 0.60546875 0.1109375 0.1953125 0.16875
0 0.1421875 0.821875 0.1765625 0.1921875
0 0.1734375 0.359375 0.2078125 0.1875
0 0.7984375 0.23046875 0.1609375 0.1875
0 0.6421875 0.853125 0.1921875 0.1921875
0 0.4984375 0.26171875 0.1921875 0.1796875
0 0.9546875 0.2984375 0.0828125 0.184375
0 0.9171875 0.05625 0.15625 0.1125
0 0.31640625 0.9390625 0.1875 0.121875
0 0.84765625 0.94140625 0.184375 0.1171875
0 0.671875 0.37890625 0.1140625 0.10625
0 0.40234375 0.046875 0.21875 0.09375 0.10082418281250001 0.193096021875 0.40234375 0.046875
0 0.0515625 0.9546875 0.103125 0.090625
0 0.02578125 0.71953125 0.0515625 0.1953125
0 0.50859375 0.9734375 0.20625 0.053125
0 0.7265625 0.0234375 0.18125 0.046875
0 0.51640625 0.98203125 0.1921875 0.0359375