0 0.9296875 0.8359375 0.125 0.125
0 0.37890625 0.0609375 0.1640625 0.121875
0 0.2109375 0.15234375 0.1328125 0.125
0 0.5609375 0.26171875 0.1140625 0.1171875
0 0.7484375 0.171875 0.125 0.1140625
0 0.94296875 0.07890625 0.1140625 0.0890625
0 0.8609375 0.36328125 0.121875 0.1015625
0 0.9546875 0.5609375 0.090625 0.1015625
0 0.66796875 0.453125 0.1015625 0.10625
0 0.7953125 0.665625 0.075 0.0671875
0 0.4546875 0.5609375 0.1015625 0.1140625
0 0.3515625 0.35546875 0.109375 0.125
0 0.18125 0.4453125 0.1140625 0.1375
0 0.2875 0.640625 0.109375 0.1140625
0 0.1 0.75390625 0.10625 0.10625
0 0.196875 0.94375 0.10625 0.0828125
0 0.4078125 0.8578125 0.125 0.10625
0 0.09458341875000001 0.1798661953125 0.046217 0.11759 0.023128000000000003 0.553085 0.09458341875000001 0.1798661953125
0 0.6890625 0.9453125 0.1140625 0.078125 0.09458341875000001 0.1798661953125 0.6890625 0.9453125
0 0.1171875 0.0234375 0.1328125 0.046875
0 0.02421875 0.259375 0.0484375 0.1734375
0 0.59765625 0.7703125 0.115625 0.0953125
0 0.96875 0.98125 0.0609375 0.0375
0 0.97265625 0.98359375 0.0546875 0.0328125