0 0.69921875 0.6421875 0.1875 0.16875
0 0.353125 0.85 0.16875 0.1765625
0 0.7171875 0.1171875 0.1921875 0.1484375
0 0.41015625 0.6171875 0.2265625 0.203125
0 0.6546875 0.8921875 0.1609375 0.1296875
0 0.4046875 0.10546875 0.1765625 0.1640625
0 0.3921875 0.38671875 0.1453125 0.1484375
0 0.703125 0.359375 0.1796875 0.184375
0 0.953125 0.3671875 0.09375 0.1921875
0 0.334375 0.9765625 0.184375 0.0390625
0 0.20004239375 0.11627260312500001 0.96640625 0.09296875 0.17061500000000002 0.051122 0.20004239375 0.11627260312500001
0 0.20004239375 0.11627260312500001 0.0671875 0.1203125 0.58764 0.9743919999999999 0.20004239375 0.11627260312500001