0 0.16015625 0.2875 0.2265625 0.2078125
0 0.76171875 0.6546875 0.2265625 0.1921875
0 0.603125 0.3359375 0.2390625 0.2421875
0 0.796875 0.921875 0.28125 0.1484375
0 0.2359375 0.8046875 0.2390625 0.2109375
0 0.94921875 0.3296875 0.09375 0.1921875
0 0.9546875 0.59765625 0.075 0.15625
0 0.5171875 0.9359375 0.2234375 0.121875
0 0.60546875 0.8109375 0.1796875 0.16875
0 0.2515625 0.13125 0.190625 0.15625
0 0.74609375 0.1703125 0.184375 0.15625
0 0.8453125 0.0609375 0.2078125 0.121875
0 0.47265625 0.5015625 0.1953125 0.1765625
0 0.35 0.65 0.2 0.1484375
0 0.0921875 0.9390625 0.184375 0.121875
0 0.0796875 0.46484375 0.159375 0.2421875
0 0.884375 0.4921875 0.1296875 0.1453125
0 0.915625 0.7890625 0.16875 0.1765625
0 0.421875 0.0390625 0.1796875 0.078125 0.02618 0.14555400000000002 0.052361000000000005 0.185676 0.421875 0.0390625
0 0.08515625 0.03984375 0.1703125 0.0796875
0 0.02265625 0.61328125 0.0453125 0.1765625