0 0.23515625 0.0484375 0.1515625 0.096875
0 0.4 0.1734375 0.125 0.121875
0 0.5625 0.04296875 0.1484375 0.0859375
0 0.72265625 0.1703125 0.1328125 0.140625
0 0.88046875 0.040625 0.1484375 0.08125
0 0.9 0.31640625 0.125 0.1375
0 0.571875 0.31640625 0.121875 0.109375
0 0.759375 0.43125 0.1296875 0.125
0 0.93125 0.5765625 0.1296875 0.125
0 0.615625 0.615625 0.121875 0.1609375
0 0.7640625 0.7484375 0.0828125 0.1015625
0 0.9375 0.86875 0.1171875 0.1171875
0 0.428125 0.484375 0.140625 0.109375
0 0.24609375 0.3265625 0.1609375 0.140625
0 0.0859375 0.1859375 0.1609375 0.1484375