0 0.4703125 0.415625 0.1296875 0.1328125
0 0.7171875 0.4078125 0.0859375 0.109375
0 0.7171875 0.14453125 0.121875 0.1171875
0 0.4296875 0.18359375 0.140625 0.1140625
0 0.19140625 0.21484375 0.1484375 0.1015625
0 0.18125 0.4921875 0.1296875 0.10625
0 0.265625 0.7203125 0.1609375 0.1609375
0 0.53125 0.725 0.1640625 0.1328125
0 0.7953125 0.671875 0.140625 0.171875
0 0.8375 0.9296875 0.121875 0.140625
0 0.56015625 0.93515625 0.12969903124999999 0.129709075 0.083566 0.13073099999999999 0.56015625 0.93515625
0 0.296875 0.9671875 0.15625 0.065625
0 0.11015625 0.0203125 0.1515625 0.040625
0 0.98359375 0.4640625 0.0328125 0.109375
0 0.4390625 0.02421875 0.1203125 0.0484375
0 0.97734375 0.46484375 0.0453125 0.10625