0 0.725 0.25625 0.1765625 0.1765625
0 0.1484375 0.6171875 0.2109375 0.2109375
0 0.5234375 0.859375 0.203125 0.1796875
0 0.728125 0.8671875 0.2390625 0.2109375
0 0.16015625 0.41796875 0.2109375 0.1796875
0 0.3296875 0.8296875 0.2390625 0.2
0 0.6859375 0.6875 0.2 0.15625
0 0.1171875 0.821875 0.2109375 0.184375
0 0.3734375 0.26171875 0.215625 0.1875
0 0.34765625 0.4546875 0.1875 0.1921875
0 0.88671875 0.421875 0.1875 0.1953125
0 0.29296875 0.9671875 0.2109375 0.059375
0 0.1859375 0.2515625 0.1640625 0.159375
0 0.053125 0.259375 0.1015625 0.1484375
0 0.03125 0.4125 0.059375 0.171875
0 0.35546875 0.6484375 0.1765625 0.1609375
0 0.0875 0.9609375 0.175 0.078125
0 0.52734375 0.97265625 0.1796875 0.0546875
0 0.8984375 0.9140625 0.1296875 0.1296875
0 0.4703125 0.0296875 0.2 0.059375 0.375939053125 0.054179296875000005 0.4703125 0.0296875
0 0.375939053125 0.054179296875000005 0.2 0.099839 0.520203 0.049919000000000005 0.375939053125 0.054179296875000005
0 0.02421875 0.6 0.0484375 0.178125
0 0.6875 0.98359375 0.2109375 0.0328125
0 0.99140625 0.6359375 0.0171875 0.15625
0 0.9875 0.63515625 0.025 0.1609375
0 0.01796875 0.7890625 0.0359375 0.19375
0 0.70703125 0.9875 0.209375 0.025