0 0.37890625 0.290625 0.1640625 0.153125
0 0.7734375 0.0375 0.1796875 0.075
0 0.9546875 0.0921875 0.0828125 0.121875
0 0.27890625 0.040625 0.1453125 0.08125
0 0.6421875 0.546875 0.1375 0.0859375
0 0.5625 0.3828125 0.1453125 0.1640625
0 0.678125 0.17578125 0.1328125 0.16875
0 0.8921875 0.26953125 0.1484375 0.1453125
0 0.7875 0.453125 0.1296875 0.121875
0 0.1640625 0.18125 0.153125 0.140625
0 0.183977478125 0.2034479921875 0.9625 0.540625 0.13677 0.13359700000000002 0.183977478125 0.2034479921875
0 0.183977478125 0.2034479921875 0.075 0.15625 0.613896 0.8395810000000001 0.183977478125 0.2034479921875
0 0.96953125 0.95078125 0.0609375 0.0984375
0 0.25625 0.46484375 0.1125 0.10625