0 0.7734375 0.29296875 0.203125 0.1875
0 0.9234375 0.1859375 0.1375 0.184375
0 0.359375 0.9234375 0.2109375 0.1375
0 0.853125 0.91796875 0.2234375 0.15625
0 0.34765625 0.4921875 0.1875 0.171875
0 0.234375 0.32421875 0.1953125 0.1875
0 0.134375 0.13671875 0.2078125 0.1953125
0 0.5484375 0.38671875 0.2625 0.1796875
0 0.6484375 0.12890625 0.203125 0.1953125
0 0.071875 0.41171875 0.14375 0.1765625
0 0.4234375 0.2171875 0.2109375 0.16875
0 0.3421875 0.06875 0.23125 0.1375
0 0.65 0.5875 0.1875 0.184375
0 0.85546875 0.4859375 0.215625 0.246875
0 0.93125 0.68125 0.1375 0.16875
0 0.7640625 0.7671875 0.184375 0.153125
0 0.4515625 0.6734375 0.1875 0.153125
0 0.5625 0.86328125 0.184375 0.153125
0 0.240625 0.7734375 0.21875 0.1640625
0 0.1390625 0.5875 0.203125 0.1875
0 0.1855008734375 0.1993761625 0.8557130000000001 0.049382999999999996 0.200405 0.09865 0.1855008734375 0.1993761625
0 0.1855008734375 0.1993761625 0.16875 0.203125 0.084375 0.8828125 0.1855008734375 0.1993761625
0 0.5453125 0.021875 0.196875 0.04375
0 0.01953125 0.6890625 0.0390625 0.175
0 0.6703125 0.97734375 0.184375 0.0453125
0 0.06796875 0.02109375 0.1359375 0.0421875
0 0.0171875 0.22578125 0.034375 0.171875
0 0.98046875 0.37890625 0.0390625 0.175
0 0.1421875 0.9828125 0.1828125 0.034375
0 0.0125 0.2265625 0.025 0.1765625
0 0.9859375 0.3796875 0.028125 0.16875
0 0.140625 0.98828125 0.1953125 0.0234375
0 0.06640625 0.01484375 0.1328125 0.0296875
0 0.990625 0.3796875 0.01875 0.1625