0 0.7171875 0.1 0.1609375 0.1375
0 0.1484375 0.4359375 0.15625 0.1296875
0 0.51171875 0.19921875 0.1640625 0.15625
0 0.66015625 0.353125 0.140625 0.1375
0 0.6234375 0.8734375 0.153125 0.1375
0 0.3296875 0.3046875 0.1609375 0.1640625
0 0.359375 0.06640625 0.15625 0.1328125
0 0.6421875 0.6 0.1375 0.1453125
0 0.8046875 0.75390625 0.1171875 0.109375
0 0.1734375 0.1796875 0.1375 0.1328125
0 0.96875 0.384375 0.0625 0.121875
0 0.9625 0.63125 0.075 0.1296875
0 0.80859375 0.4828125 0.1484375 0.1328125
0 0.2640625 0.8140625 0.1375 0.140625
0 0.296875 0.584375 0.16875 0.1453125
0 0.9625 0.103125 0.075 0.1328125
0 0.44921875 0.7203125 0.15625 0.1484375
0 0.12890625 0.68125 0.16875 0.15625
0 0.0765625 0.946875 0.1375 0.0984375
0 0.94921875 0.89453125 0.1015625 0.121875
0 0.4234375 0.953125 0.1328125 0.09375 0.035537 0.036761 0.07100100000000001 0.07341299999999999 0.4234375 0.953125
0 0.88203125 0.01875 0.1546875 0.0375
0 0.775 0.97734375 0.1421875 0.0453125
0 0.03828125 0.2703125 0.0765625 0.1515625
0 0.88046875 0.0125 0.153125 0.025