0 0.78515625 0.6421875 0.1875 0.16875
0 0.6109375 0.19921875 0.1765625 0.15625
0 0.9359375 0.7984375 0.121875 0.1765625
0 0.7671875 0.3421875 0.16875 0.153125
0 0.91015625 0.1734375 0.1640625 0.153125
0 0.91796875 0.4859375 0.1484375 0.1609375
0 0.1234375 0.69921875 0.153125 0.15625
0 0.43359375 0.375 0.171875 0.1484375
0 0.625 0.51171875 0.1453125 0.1609375
0 0.459375 0.6625 0.1453125 0.1765625
0 0.62890625 0.803125 0.153125 0.153125
0 0.82421875 0.94140625 0.1609375 0.1171875
0 0.4859375 0.94921875 0.1375 0.1015625
0 0.3046875 0.81640625 0.1375 0.121875
0 0.2875 0.5390625 0.1796875 0.1484375
0 0.109375 0.3921875 0.140625 0.1296875
0 0.26171875 0.234375 0.1609375 0.140625
0 0.44296875 0.071875 0.1640625 0.14375
0 0.084375 0.0796875 0.16875 0.1484375
0 0.14140625 0.95078125 0.1796875 0.0984375
0 0.16328125 0.1375 0.74921875 0.07421875 0.040716999999999996 0.144537 0.020382 0.551112 0.16328125 0.1375
0 0.0203125 0.84765625 0.040625 0.14375
0 0.02109375 0.24609375 0.0421875 0.1859375
0 0.01484375 0.2515625 0.0296875 0.196875
0 0.0125 0.8484375 0.025 0.146875
0 0.0125 0.553125 0.025 0.1421875