0 0.08203125 0.35 0.1640625 0.1765625
0 0.259375 0.63671875 0.175 0.1953125
0 0.8671875 0.35546875 0.203125 0.1796875
0 0.28515625 0.09765625 0.1640625 0.1640625
0 0.2484375 0.8734375 0.16875 0.16875
0 0.071875 0.63359375 0.14375 0.1671875
0 0.5921875 0.4046875 0.1765625 0.16875
0 0.2796875 0.3609375 0.2 0.184375
0 0.5765625 0.11875 0.1296875 0.125
0 0.8828125 0.11328125 0.1328125 0.1484375
0 0.8671875 0.63125 0.1453125 0.1921875
0 0.85546875 0.890625 0.140625 0.1484375
0 0.58203125 0.63671875 0.1375 0.1296875
0 0.54296875 0.8515625 0.171875 0.1765625
0 0.0484375 0.85859375 0.096875 0.1328125
0 0.06875 0.1171875 0.1296875 0.1640625