0 0.94375 0.6171875 0.10625 0.1796875
0 0.6734375 0.5296875 0.184375 0.16875
0 0.6546875 0.06640625 0.1609375 0.1328125
0 0.1171875 0.5296875 0.171875 0.1765625
0 0.57421875 0.8046875 0.1640625 0.15625
0 0.15 0.0703125 0.1375 0.140625
0 0.2359375 0.2484375 0.1765625 0.1453125
0 0.4390625 0.13671875 0.153125 0.1484375
0 0.56640625 0.353125 0.1765625 0.153125
0 0.7515625 0.2265625 0.1484375 0.1609375
0 0.94296875 0.14765625 0.1140625 0.1359375
0 0.8671875 0.4453125 0.1484375 0.1453125
0 0.44140625 0.640625 0.15625 0.1484375
0 0.3453125 0.43125 0.1484375 0.1296875
0 0.0640625 0.3390625 0.128125 0.153125
0 0.771875 0.725 0.15625 0.1453125
0 0.884375 0.90625 0.140625 0.153125
0 0.24609375 0.73828125 0.16875 0.1375
0 0.34375 0.9140625 0.184375 0.1453125
0 0.11007897656250001 0.3800700453125 0.096875 0.1484375 0.0484375 0.81015625 0.11007897656250001 0.3800700453125
0 0.11007897656250001 0.3800700453125 0.143574 0.967661 0.155301 0.064546 0.11007897656250001 0.3800700453125
0 0.6703125 0.97421875 0.1515625 0.05
0 0.33359375 0.02265625 0.175 0.0453125
0 0.85859375 0.0203125 0.1625 0.040625
0 0.00859375 0.646875 0.0171875 0.1390625
0 0.0109375 0.64609375 0.021875 0.15