0 0.91953125 0.2796875 0.1609375 0.203125
0 0.5296875 0.0703125 0.234375 0.1328125
0 0.8734375 0.046875 0.203125 0.0828125
0 0.1015625 0.18359375 0.203125 0.2078125
0 0.34375 0.37109375 0.1875 0.2
0 0.5 0.2328125 0.171875 0.16875
0 0.68125 0.43359375 0.121875 0.1921875
0 0.8453125 0.509375 0.153125 0.184375
0 0.55859375 0.546875 0.15625 0.184375
0 0.7203125 0.6484375 0.1453125 0.2109375
0 0.92578125 0.7203125 0.1484375 0.1921875
0 0.071875 0.4828125 0.125 0.1640625
0 0.2796875 0.609375 0.203125 0.23125
0 0.4765625 0.7125 0.1328125 0.1640625
0 0.640625 0.7984375 0.121875 0.1328125
0 0.7953125 0.85 0.1328125 0.1015625
0 0.93359375 0.94921875 0.1328125 0.1015625
0 0.7640625 0.9609375 0.16875 0.078125
0 0.521875 0.896875 0.2109375 0.15625
0 0.296875 0.9234375 0.1875 0.153125
0 0.1078125 0.90625 0.1953125 0.1875
0 0.0921875 0.6953125 0.153125 0.1796875
0 0.30625 0.79296875 0.184375 0.1296875
0 0.1668152640625 0.13399204375 0.688106 0.949143 0.16931000000000002 0.10171300000000001 0.1668152640625 0.13399204375
0 0.7453125 0.159375 0.1328125 0.1296875
0 0.9765625 0.10390625 0.046875 0.16875
0 0.42578125 0.97734375 0.16875 0.0453125
0 0.19453125 0.77265625 0.1171875 0.1328125
0 0.984375 0.10546875 0.03125 0.1609375