0 0.7671875 0.353125 0.215625 0.16875
0 0.8984375 0.8671875 0.1796875 0.1328125
0 0.9140625 0.53125 0.171875 0.1875
0 0.93359375 0.1734375 0.1328125 0.203125
0 0.59765625 0.13125 0.1875 0.171875
0 0.4046875 0.26171875 0.125 0.10625
0 0.5625 0.478125 0.1953125 0.2
0 0.7421875 0.696875 0.1796875 0.1640625
0 0.796875 0.05078125 0.184375 0.0984375 0.1829495859375 0.103336378125 0.796875 0.05078125
0 0.1829495859375 0.103336378125 0.111276 0.10947199999999999 0.1466 0.22826300000000002 0.1829495859375 0.103336378125
0 0.97578125 0.9640625 0.0484375 0.071875