0 0.103125 0.4609375 0.1765625 0.1640625
0 0.22265625 0.6484375 0.1796875 0.140625
0 0.5546875 0.7359375 0.1796875 0.184375
0 0.63671875 0.4546875 0.1796875 0.1609375
0 0.5484375 0.25625 0.1921875 0.16875
0 0.75390625 0.63671875 0.1953125 0.1640625
0 0.7671875 0.196875 0.184375 0.1765625
0 0.4359375 0.54296875 0.1765625 0.1953125
0 0.0625 0.72265625 0.125 0.1875
0 0.8671875 0.81640625 0.1875 0.1484375
0 0.94140625 0.540625 0.1015625 0.1453125
0 0.9359375 0.07421875 0.1140625 0.1328125
0 0.3046875 0.36328125 0.16875 0.1609375
0 0.234375 0.19140625 0.16875 0.153125
0 0.4546875 0.08203125 0.15625 0.1484375
0 0.8578125 0.3734375 0.1328125 0.1453125
0 0.32421875 0.8375 0.1453125 0.140625
0 0.1234375 0.9296875 0.153125 0.140625
0 0.6578125 0.93125 0.1375 0.1375
0 0.046875 0.2734375 0.09375 0.15625 0.9417099999999999 0.9613020000000001 0.11657999999999999 0.077395 0.046875 0.2734375
0 0.43828125 0.9671875 0.184375 0.065625
0 0.63828125 0.034375 0.1703125 0.06875
0 0.10546875 0.0328125 0.128125 0.065625
0 0.98125 0.7375 0.0375 0.1671875
0 0.9796875 0.24921875 0.040625 0.15
0 0.990625 0.7421875 0.01875 0.1671875
0 0.990625 0.25078125 0.01875 0.146875