0 0.85390625 0.865625 0.178125 0.175
0 0.75390625 0.6859375 0.2109375 0.16875
0 0.7359375 0.225 0.1765625 0.16875
0 0.6171875 0.0625 0.203125 0.125
0 0.54296875 0.321875 0.1796875 0.1609375
0 0.41015625 0.1234375 0.1796875 0.1765625
0 0.91015625 0.59765625 0.1640625 0.1953125
0 0.9078125 0.13671875 0.1765625 0.1796875
0 0.292055165625 0.1237796921875 0.8102259999999999 0.015215000000000001 0.196513 0.03029 0.292055165625 0.1237796921875
0 0.292055165625 0.1237796921875 0.0625 0.171875 0.96875 0.7859375 0.292055165625 0.1237796921875
0 0.93515625 0.98046875 0.1296875 0.0390625
0 0.3078125 0.01640625 0.196875 0.0328125
0 0.9375 0.9859375 0.125 0.028125
0 0.309375 0.0125 0.184375 0.025