0 0.5546875 0.07421875 0.1640625 0.1484375
0 0.6 0.921875 0.1765625 0.1484375
0 0.23515625 0.0484375 0.1515625 0.096875
0 0.50390625 0.3046875 0.15625 0.171875
0 0.1859375 0.29296875 0.1296875 0.1171875
0 0.290625 0.4296875 0.1140625 0.1140625
0 0.3828125 0.1640625 0.1296875 0.1296875
0 0.865625 0.0703125 0.15625 0.0984375
0 0.040625 0.15703125 0.08125 0.1328125
0 0.8375 0.765625 0.0984375 0.09375
0 0.9296875 0.9296875 0.140625 0.140625
0 0.15625 0.171875 0.6671875 0.1859375 0.045544 0.137131 0.977228 0.6507769999999999 0.15625 0.171875
0 0.0203125 0.42890625 0.040625 0.165625
0 0.3421875 0.97109375 0.1640625 0.0578125
0 0.0140625 0.428125 0.028125 0.1625
0 0.98359375 0.65078125 0.0328125 0.125