0 0.70703125 0.5953125 0.1640625 0.215625
0 0.85546875 0.4296875 0.1640625 0.1765625
0 0.71875 0.3734375 0.1296875 0.153125
0 0.56875 0.2640625 0.203125 0.16875
0 0.46484375 0.4546875 0.2234375 0.1953125
0 0.5078125 0.74375 0.2265625 0.1875
0 0.30625 0.640625 0.1640625 0.184375
0 0.3609375 0.90625 0.1796875 0.1875
0 0.1859375 0.8140625 0.125 0.1921875
0 0.91171875 0.0796875 0.1765625 0.159375
0 0.67578125 0.12109375 0.2 0.1640625
0 0.353125 0.16796875 0.1796875 0.15625
0 0.2421875 0.3359375 0.1765625 0.184375
0 0.11875 0.525 0.215625 0.1921875
0 0.0625 0.7046875 0.125 0.16875
0 0.1640625 0.0703125 0.2234375 0.140625
0 0.0609375 0.2421875 0.1171875 0.1796875
0 0.47265625 0.053125 0.2265625 0.10625
0 0.103125 0.94921875 0.1796875 0.1015625
0 0.8015625 0.01484375 0.178125 0.0296875