0 0.6109375 0.08203125 0.1921875 0.1640625
0 0.51171875 0.3671875 0.203125 0.1796875
0 0.22265625 0.7421875 0.1875 0.171875
0 0.84765625 0.928125 0.1953125 0.1375
0 0.4125 0.66796875 0.2 0.1640625
0 0.9203125 0.63671875 0.153125 0.1875
0 0.0859375 0.07421875 0.1640625 0.1484375
0 0.5171875 0.8421875 0.2 0.1375
0 0.290625 0.4546875 0.1765625 0.1765625
0 0.046875 0.3671875 0.09375 0.140625
0 0.109375 0.9546875 0.171875 0.075
0 0.125 0.53515625 0.15625 0.1640625
0 0.41015625 0.1703125 0.184375 0.1609375
0 0.7265625 0.275 0.15625 0.171875
0 0.921875 0.16796875 0.1375 0.1609375
0 0.97265625 0.375 0.0546875 0.1640625
0 0.8421875 0.45703125 0.16875 0.1484375
0 0.6390625 0.5484375 0.1953125 0.16875
0 0.7203125 0.73046875 0.171875 0.1609375
0 0.3375 0.915625 0.171875 0.1484375
0 0.053125 0.834375 0.10625 0.171875
0 0.1807800703125 0.1570137390625 0.310338 0.03062 0.16217900000000002 0.061201000000000005 0.1807800703125 0.1570137390625
0 0.1807800703125 0.1570137390625 0.16875 0.16875 0.2015625 0.2640625 0.1807800703125 0.1570137390625
0 0.9796875 0.82421875 0.040625 0.1640625
0 0.62734375 0.9734375 0.1703125 0.053125
0 0.8234375 0.02578125 0.203125 0.0515625