0 0.7984375 0.4296875 0.1765625 0.1953125
0 0.609375 0.5484375 0.203125 0.1921875
0 0.44921875 0.759375 0.1796875 0.1765625
0 0.8109375 0.79296875 0.1921875 0.1640625
0 0.2109375 0.9296875 0.1953125 0.125
0 0.57421875 0.2109375 0.1953125 0.171875
0 0.2484375 0.56875 0.1921875 0.1765625
0 0.9359375 0.6234375 0.1140625 0.1609375
0 0.3734375 0.0375 0.184375 0.075
0 0.7984375 0.0609375 0.1921875 0.121875
0 0.3984375 0.353125 0.203125 0.184375
0 0.0484375 0.76171875 0.096875 0.1796875
0 0.9546875 0.2171875 0.075 0.2
0 0.0484375 0.34140625 0.096875 0.1765625
0 0.20703125 0.15 0.1796875 0.1796875
0 0.65234375 0.953125 0.1953125 0.09375
0 0.03515625 0.55859375 0.0703125 0.1140625
0 0.96640625 0.43515625 0.0671875 0.0984375
0 0.0453125 0.12890625 0.0859375 0.125 0.449554 0.9701040000000001 0.147757 0.059654 0.0453125 0.12890625
0 0.04140625 0.01875 0.0828125 0.0375
0 0.88203125 0.98125 0.1484375 0.0375
0 0.87734375 0.98671875 0.1546875 0.0265625