0 0.3921875 0.421875 0.1609375 0.15625
0 0.5796875 0.859375 0.1375 0.125
0 0.21875 0.2828125 0.125 0.121875
0 0.37109375 0.12109375 0.1453125 0.140625
0 0.546875 0.271875 0.1375 0.125
0 0.69375 0.1234375 0.140625 0.1296875
0 0.86875 0.24375 0.125 0.153125
0 0.703125 0.4140625 0.1296875 0.140625
0 0.890625 0.5296875 0.1453125 0.1375
0 0.571875 0.5484375 0.140625 0.109375
0 0.9140625 0.85 0.171875 0.1875
0 0.38671875 0.72265625 0.125 0.1140625
0 0.225 0.58984375 0.121875 0.1140625
0 0.07421875 0.728125 0.140625 0.125
0 0.23828125 0.87890625 0.1328125 0.1296875
0 0.0625 0.4359375 0.125 0.1328125
0 0.06875 0.1484375 0.1375 0.140625
0 0.0828125 0.96796875 0.1609375 0.0640625
0 0.4203125 0.96796875 0.1609375 0.0640625
0 0.75078125 0.96796875 0.1609375 0.0640625
0 0.9703125 0.096875 0.059375 0.125
0 0.149896125 0.060283156250000004 0.059375 0.12578125 0.9703125 0.3953125 0.149896125 0.060283156250000004
0 0.84453125 0.0140625 0.1421875 0.028125
0 0.5109375 0.01640625 0.146875 0.0328125
0 0.9859375 0.6828125 0.028125 0.128125
0 0.5125 0.01171875 0.1453125 0.0234375
0 0.99140625 0.684375 0.0171875 0.1265625
0 0.84296875 0.009375 0.146875 0.01875
0 0.5125 0.00859375 0.146875 0.0171875