0 0.1546875 0.0609375 0.184375 0.121875
0 0.1484375 0.5171875 0.1796875 0.1609375
0 0.6796875 0.9296875 0.203125 0.1328125
0 0.25625 0.2359375 0.1765625 0.1765625
0 0.3671875 0.884375 0.1875 0.1765625
0 0.25390625 0.7046875 0.1875 0.1765625
0 0.3609375 0.3984375 0.1609375 0.153125
0 0.4453125 0.6234375 0.1015625 0.125
0 0.55859375 0.80078125 0.153125 0.1609375
0 0.0640625 0.80078125 0.1015625 0.153125
0 0.16171875 0.94296875 0.1609375 0.1140625
0 0.1171875 0.1796875 0.05859375 0.31875 0.037883 0.195834 0.019075 0.608455 0.1171875 0.1796875
0 0.46640625 0.9875 0.19375 0.025
0 0.01640625 0.1421875 0.0328125 0.16875
0 0.0125 0.6 0.025 0.184375
0 0.01171875 0.13828125 0.0234375 0.1671875
0 0.4609375 0.9828125 0.178125 0.034375