0 0.6171875 0.421875 0.1484375 0.15625
0 0.6484375 0.1109375 0.15625 0.16875
0 0.8109375 0.2984375 0.153125 0.1296875
0 0.32421875 0.0625 0.1640625 0.125
0 0.0625 0.7734375 0.125 0.140625
0 0.12890625 0.1859375 0.1484375 0.153125
0 0.84375 0.0296875 0.125 0.059375
0 0.4671875 0.22265625 0.16875 0.1640625
0 0.296875 0.37109375 0.140625 0.153125
0 0.0859375 0.5015625 0.121875 0.1296875
0 0.3828125 0.8421875 0.109375 0.121875
0 0.1875 0.94921875 0.1453125 0.1015625
0 0.709375 0.853125 0.10625 0.1015625
0 0.875 0.7125 0.125 0.1171875
0 0.96875 0.8984375 0.0625 0.1375
0 0.082633540625 0.19345993749999998 0.836871 0.978311 0.153664 0.043122 0.082633540625 0.19345993749999998
0 0.83671875 0.98515625 0.1578125 0.0296875
0 0.53359375 0.0078125 0.178125 0.015625