0 0.6109375 0.50625 0.1609375 0.1453125
0 0.415625 0.1546875 0.1765625 0.153125
0 0.91015625 0.1109375 0.1640625 0.1765625
0 0.9234375 0.5609375 0.1453125 0.1453125
0 0.59296875 0.0640625 0.1359375 0.128125
0 0.7015625 0.2203125 0.1796875 0.153125
0 0.515625 0.31875 0.1765625 0.1453125
0 0.19921875 0.2203125 0.1765625 0.171875
0 0.296875 0.40625 0.1640625 0.153125
0 0.0875 0.51875 0.175 0.175
0 0.40625 0.6015625 0.15625 0.140625
0 0.80859375 0.4203125 0.1484375 0.1328125
0 0.97265625 0.31875 0.0546875 0.153125
0 0.7359375 0.7015625 0.1640625 0.153125
0 0.8375 0.8890625 0.1296875 0.1296875
0 0.525 0.7890625 0.1640625 0.140625
0 0.30625 0.890625 0.16875 0.1375
0 0.59765625 0.9609375 0.1328125 0.078125
0 0.1953125 0.6953125 0.1453125 0.140625
0 0.08984375 0.94296875 0.1640625 0.1140625 0.0648420421875 0.2883402234375 0.08984375 0.94296875
0 0.0296875 0.79453125 0.059375 0.1734375
0 0.97890625 0.790625 0.0421875 0.1421875
0 0.809375 0.015625 0.16875 0.03125
0 0.44375 0.97578125 0.1765625 0.0484375
0 0.90859375 0.99140625 0.15625 0.0171875
0 0.81015625 0.00859375 0.165625 0.0171875
0 0.98515625 0.790625 0.0296875 0.1375