0 0.928125 0.8296875 0.1375 0.1921875
0 0.94140625 0.5546875 0.109375 0.15625
0 0.59765625 0.7671875 0.1484375 0.1296875
0 0.9234375 0.97265625 0.121875 0.046875
0 0.1015625 0.515625 0.171875 0.1875
0 0.6109375 0.9375 0.153125 0.125
0 0.10625 0.0859375 0.33203125 0.95703125 0.159523 0.159047 0.39197000000000004 0.269882 0.10625 0.0859375
0 0.9390625 0.046875 0.121875 0.09375
0 0.0484375 0.1578125 0.096875 0.153125
0 0.36328125 0.02578125 0.1515625 0.0515625
0 0.1078125 0.97890625 0.1625 0.0421875
0 0.6859375 0.5125 0.1578125 0.1640625
0 0.1046875 0.98359375 0.153125 0.0328125
0 0.434375 0.55 0.1640625 0.1453125