0 0.2796875 0.8609375 0.2078125 0.2
0 0.75390625 0.2421875 0.1875 0.203125
0 0.1859375 0.4984375 0.2078125 0.2
0 0.51171875 0.09765625 0.1953125 0.1953125
0 0.4234375 0.671875 0.215625 0.171875
0 0.3359375 0.296875 0.234375 0.2265625
0 0.103125 0.12890625 0.184375 0.1875
0 0.88671875 0.0609375 0.1875 0.121875
0 0.0625 0.69140625 0.125 0.2265625
0 0.03515625 0.3296875 0.0703125 0.1921875
0 0.2221424 0.05615820312499999 0.1484375 0.171875 0.5546875 0.47265625 0.2221424 0.05615820312499999
0 0.92421875 0.59140625 0.15 0.1921875