0 0.56015625 0.0875 0.2390625 0.175
0 0.7421875 0.25390625 0.234375 0.21875
0 0.5171875 0.44921875 0.215625 0.203125
0 0.7046875 0.6484375 0.215625 0.203125
0 0.9046875 0.4546875 0.184375 0.2078125
0 0.3109375 0.59765625 0.2 0.2109375
0 0.4859375 0.8046875 0.215625 0.2109375
0 0.91796875 0.0921875 0.15625 0.184375
0 0.6859375 0.9296875 0.1921875 0.1328125
0 0.1109375 0.4046875 0.1921875 0.1453125
0 0.884375 0.821875 0.2 0.1609375
0 0.29296875 0.9359375 0.2109375 0.1140625
0 0.13671875 0.0609375 0.1953125 0.121875
0 0.1109375 0.790625 0.184375 0.1609375 0.039241335937499996 0.1984734828125 0.1109375 0.790625