0 0.2671875 0.6484375 0.2546875 0.234375
0 0.59765625 0.8609375 0.21875 0.23125
0 0.88671875 0.5484375 0.2109375 0.2390625
0 0.2359375 0.3671875 0.2390625 0.2421875
0 0.2984375 0.88671875 0.2390625 0.2109375
0 0.2046875 0.1234375 0.2625 0.23125
0 0.8671875 0.28515625 0.234375 0.2109375
0 0.4984375 0.1 0.23125 0.2
0 0.91015625 0.82421875 0.1640625 0.2265625
0 0.56640625 0.634375 0.234375 0.2078125
0 0.08203125 0.9234375 0.1640625 0.1375
0 0.046875 0.41015625 0.09375 0.21875
0 0.05625 0.6796875 0.1125 0.234375
0 0.515625 0.34375 0.215625 0.25 0.021648 0.173045 0.043296 0.209226 0.515625 0.34375