0 0.0859375 0.59765625 0.1640625 0.1640625
0 0.4359375 0.1546875 0.215625 0.1921875
0 0.446875 0.4921875 0.16875 0.15625
0 0.2421875 0.3734375 0.1875 0.1921875
0 0.26171875 0.728125 0.15625 0.1609375
0 0.4296875 0.8359375 0.1640625 0.171875
0 0.8921875 0.2359375 0.184375 0.1609375
0 0.5859375 0.6234375 0.1875 0.2
0 0.2421875 0.0625 0.2265625 0.125
0 0.759375 0.41796875 0.16875 0.1640625
0 0.7359375 0.12890625 0.1921875 0.1796875
0 0.8046875 0.7796875 0.171875 0.1453125
0 0.9296875 0.540625 0.125 0.1765625
0 0.9359375 0.87890625 0.121875 0.1875
0 0.609375 0.2671875 0.2109375 0.1984375
0 0.0796875 0.259375 0.1328125 0.14375
0 0.64453125 0.9546875 0.121875 0.090625
0 0.1956461671875 0.11442454375 0.8425710000000001 0.020762 0.203397 0.041448 0.1956461671875 0.11442454375
0 0.1956461671875 0.11442454375 0.1765625 0.1171875 0.1078125 0.94140625 0.1956461671875 0.11442454375
0 0.978125 0.0765625 0.04375 0.1453125
0 0.984375 0.075 0.03125 0.1421875