0 0.3359375 0.928125 0.2265625 0.1375
0 0.6109375 0.07421875 0.2390625 0.1484375
0 0.571875 0.41015625 0.2234375 0.1953125
0 0.1421875 0.7421875 0.2 0.2109375
0 0.1171875 0.9203125 0.2265625 0.153125
0 0.7984375 0.259375 0.2078125 0.1984375
0 0.37890625 0.2171875 0.171875 0.184375
0 0.1796875 0.3609375 0.1953125 0.2
0 0.359375 0.7671875 0.203125 0.2
0 0.5546875 0.78125 0.2265625 0.1875
0 0.3984375 0.5796875 0.2265625 0.184375
0 0.540625 0.94140625 0.23125 0.109375
0 0.75390625 0.94140625 0.2265625 0.109375
0 0.0484375 0.54765625 0.096875 0.1921875
0 0.7484375 0.59765625 0.2078125 0.15625
0 0.1796875 0.0546875 0.2109375 0.109375
0 0.96015625 0.0796875 0.0703125 0.159375
0 0.9078125 0.8109375 0.1765625 0.2078125
0 0.915625 0.44140625 0.1609375 0.2421875
0 0.19375 0.553125 0.153125 0.1609375
0 0.03515625 0.1734375 0.0703125 0.1765625
0 0.7984375 0.078125 0.15625 0.1015625 0.1367347640625 0.1959910375 0.7984375 0.078125
0 0.1367347640625 0.1959910375 0.045872 0.212176 0.02301 0.746272 0.1367347640625 0.1959910375
0 0.35 0.4046875 0.125 0.1578125