0 0.5234375 0.921875 0.203125 0.1484375
0 0.61015625 0.071875 0.1984375 0.14375
0 0.26171875 0.1625 0.1953125 0.1765625
0 0.1421875 0.6796875 0.2 0.1796875
0 0.1109375 0.3671875 0.1921875 0.1796875
0 0.4296875 0.2796875 0.171875 0.1765625
0 0.953125 0.6421875 0.0859375 0.16875
0 0.0859375 0.07421875 0.1640625 0.1484375
0 0.6484375 0.38671875 0.1953125 0.1953125
0 0.8421875 0.8046875 0.215625 0.15625
0 0.790625 0.16015625 0.1765625 0.1796875
0 0.3046875 0.8046875 0.1953125 0.1796875
0 0.4921875 0.60546875 0.2265625 0.1875
0 0.28515625 0.48046875 0.203125 0.1796875
0 0.9609375 0.28515625 0.0703125 0.171875
0 0.671875 0.7359375 0.140625 0.1375
0 0.8359375 0.5390625 0.171875 0.1609375
0 0.1856447 0.25432845937500004 0.959249 0.9174720000000001 0.1953125 0.078125 0.1856447 0.25432845937500004
0 0.146875 0.9609375 0.1856447 0.25432845937500004 0.08150199999999999 0.165056 0.146875 0.9609375
0 0.94453125 0.03203125 0.1109375 0.0640625
0 0.0203125 0.8875 0.040625 0.1734375
0 0.69375 0.97421875 0.16875 0.0515625
0 0.4328125 0.01875 0.18125 0.0375
0 0.01875 0.55859375 0.0375 0.1953125
0 0.01953125 0.2515625 0.0390625 0.19375
0 0.01328125 0.5515625 0.0265625 0.1875