0 0.8109375 0.134375 0.1921875 0.184375
0 0.34765625 0.725 0.1328125 0.1140625
0 0.55078125 0.15625 0.153125 0.1296875
0 0.25 0.1890625 0.125 0.109375
0 0.2984375 0.484375 0.1453125 0.1328125
0 0.61328125 0.4125 0.1375 0.1328125
0 0.88125 0.38671875 0.1140625 0.1453125
0 0.90625 0.6265625 0.1171875 0.1375
0 0.95859375 0.86796875 0.0828125 0.1359375
0 0.63125 0.66796875 0.1171875 0.1328125
0 0.6546875 0.9296875 0.1171875 0.140625
0 0.3984375 0.953125 0.1453125 0.09375
0 0.0640625 0.76640625 0.128125 0.1296875
0 0.0446235921875 0.22944206562499997 0.046592 0.169128 0.023296 0.290208 0.0446235921875 0.22944206562499997
0 0.03515625 0.51953125 0.0703125 0.15625 0.0446235921875 0.22944206562499997 0.03515625 0.51953125
0 0.20859375 0.0203125 0.1390625 0.040625