0 0.5796875 0.1859375 0.16875 0.1609375
0 0.38671875 0.759375 0.1484375 0.1375
0 0.1859375 0.9359375 0.153125 0.121875
0 0.7734375 0.7421875 0.1484375 0.140625
0 0.34765625 0.040625 0.1484375 0.08125
0 0.3421875 0.384375 0.1453125 0.121875
0 0.578125 0.5609375 0.15625 0.1296875
0 0.953125 0.540625 0.0859375 0.1765625
0 0.7796875 0.0375 0.1609375 0.075
0 0.94921875 0.1796875 0.09375 0.1484375
0 0.7828125 0.37109375 0.1484375 0.1765625
0 0.58984375 0.93125 0.20788050781249998 0.23701984999999998 0.084147 0.121758 0.58984375 0.93125
0 0.20788050781249998 0.23701984999999998 0.9579259999999999 0.935712 0.153125 0.1375 0.20788050781249998 0.23701984999999998
0 0.02265625 0.040625 0.0453125 0.08125
0 0.01796875 0.77578125 0.0359375 0.1671875
0 0.0125 0.77421875 0.025 0.1625
0 0.01328125 0.4140625 0.0265625 0.146875