0 0.271875 0.134375 0.121875 0.09375
0 0.5609375 0.0703125 0.1453125 0.1296875
0 0.90703125 0.05625 0.1484375 0.1125
0 0.9125 0.2953125 0.15625 0.1796875
0 0.57421875 0.34375 0.1640625 0.1453125
0 0.275 0.396875 0.125 0.15625
0 0.04296875 0.44140625 0.0859375 0.1328125
0 0.0703125 0.7046875 0.140625 0.125
0 0.32421875 0.67578125 0.1140625 0.10625
0 0.6421875 0.6109375 0.153125 0.125
0 0.9453125 0.5546875 0.109375 0.121875
0 0.95859375 0.85078125 0.0828125 0.1359375
0 0.36328125 0.9125 0.1140625 0.090625
0 0.06796875 0.95859375 0.1359375 0.0828125 0.0489555953125 0.16444554218750002 0.06796875 0.95859375