0 0.87890625 0.7796875 0.234375 0.23125
0 0.2671875 0.91015625 0.2546875 0.171875
0 0.72265625 0.2171875 0.2421875 0.2234375
0 0.4671875 0.78515625 0.2234375 0.21875
0 0.2984375 0.2046875 0.2390625 0.2234375
0 0.6796875 0.6 0.21875 0.2078125
0 0.90703125 0.0796875 0.1765625 0.159375
0 0.12890625 0.0546875 0.2109375 0.109375
0 0.5171875 0.07421875 0.215625 0.1484375
0 0.08203125 0.75390625 0.1640625 0.2109375
0 0.4859375 0.3921875 0.2 0.1921875
0 0.671875 0.9296875 0.2109375 0.1328125
0 0.26171875 0.59765625 0.1958583015625 0.24953673906249998 0.04901 0.119431 0.26171875 0.59765625
0 0.1958583015625 0.24953673906249998 0.9754949999999999 0.940285 0.1796875 0.1640625 0.1958583015625 0.24953673906249998
0 0.98203125 0.6109375 0.0359375 0.1921875
0 0.98515625 0.6109375 0.0296875 0.190625
0 0.98671875 0.24296875 0.0265625 0.2