0 0.63671875 0.73046875 0.2109375 0.1953125
0 0.225 0.78515625 0.23125 0.2265625
0 0.56640625 0.34765625 0.2109375 0.2109375
0 0.32421875 0.171875 0.203125 0.2109375
0 0.1484375 0.3984375 0.2109375 0.203125
0 0.1171875 0.0765625 0.2109375 0.153125
0 0.8421875 0.87890625 0.2234375 0.1875
0 0.7109375 0.12890625 0.1953125 0.1875
0 0.38125 0.5546875 0.23125 0.2109375
0 0.7984375 0.509375 0.246875 0.2078125
0 0.4125 0.91796875 0.2078125 0.1484375
0 0.94140625 0.2984375 0.1015625 0.2078125
0 0.4859375 0.0375 0.215625 0.075
0 0.0546875 0.5859375 0.109375 0.171875
0 0.13780659374999998 0.20009072031250003 0.9546875 0.665625 0.144592 0.123596 0.13780659374999998 0.20009072031250003
0 0.13780659374999998 0.20009072031250003 0.0828125 0.16875 0.07233300000000001 0.9382020000000001 0.13780659374999998 0.20009072031250003
0 0.03203125 0.26640625 0.0640625 0.190625