0 0.6234375 0.665625 0.2 0.215625
0 0.84765625 0.3046875 0.1875 0.171875
0 0.8296875 0.7734375 0.184375 0.171875
0 0.2796875 0.7484375 0.1921875 0.2
0 0.9234375 0.6 0.1375 0.1765625
0 0.0859375 0.63125 0.171875 0.16875
0 0.6546875 0.19921875 0.1765625 0.1953125
0 0.6796875 0.9234375 0.1796875 0.1375
0 0.415625 0.56640625 0.1765625 0.1953125
0 0.2359375 0.44140625 0.2234375 0.2109375
0 0.4671875 0.8359375 0.1921875 0.1796875
0 0.45390625 0.0796875 0.2234375 0.159375
0 0.540625 0.4046875 0.1453125 0.1375
0 0.73046875 0.4859375 0.1640625 0.1765625
0 0.7671875 0.05078125 0.184375 0.1015625
0 0.134375 0.171875 0.184375 0.15625
0 0.05625 0.35546875 0.1125 0.1953125
0 0.34765625 0.2875 0.1640625 0.1453125
0 0.2671875 0.03125 0.1828125 0.0625
0 0.3609375 0.9671875 0.2078125 0.059375
0 0.95078125 0.146875 0.0984375 0.140625
0 0.1578125 0.946875 0.1375 0.10625
0 0.0453125 0.834375 0.090625 0.1796875
0 0.0633575 0.1896641953125 0.9815929999999999 0.41887299999999994 0.036815 0.168747 0.0633575 0.1896641953125
0 0.0633575 0.1896641953125 0.0546875 0.1875 0.97265625 0.90625 0.0633575 0.1896641953125
0 0.9859375 0.41953125 0.028125 0.16875
0 0.58359375 0.00859375 0.178125 0.0171875
0 0.0125 0.07578125 0.025 0.1515625