0 0.2984375 0.0859375 0.2234375 0.171875
0 0.78515625 0.44921875 0.2421875 0.2421875
0 0.53125 0.228125 0.21875 0.2390625
0 0.4984375 0.81640625 0.246875 0.2109375
0 0.9125 0.25625 0.16875 0.2078125
0 0.8671875 0.81171875 0.2421875 0.2234375
0 0.171875 0.228125 0.21875 0.2
0 0.109375 0.7359375 0.2109375 0.215625
0 0.66015625 0.640625 0.2109375 0.21875
0 0.06640625 0.41015625 0.1328125 0.1875
0 0.23046875 0.5484375 0.2265625 0.2078125
0 0.384375 0.40625 0.184375 0.203125
0 0.03515625 0.08984375 0.0703125 0.1796875
0 0.9515625 0.084375 0.096875 0.16875
0 0.92890625 0.6421875 0.1421875 0.1765625
0 0.32578125 0.95078125 0.2734375 0.0984375
0 0.68046875 0.95625 0.2328125 0.0875
0 0.2390625 0.159375 0.66953125 0.0796875 0.038984000000000005 0.139153 0.01955 0.930424 0.2390625 0.159375
0 0.97578125 0.9671875 0.0484375 0.0640625
0 0.11796875 0.01484375 0.2 0.028125