0 0.62890625 0.32421875 0.1953125 0.1484375
0 0.0859375 0.5796875 0.171875 0.1609375
0 0.44921875 0.928125 0.1796875 0.1375
0 0.921875 0.09375 0.1484375 0.09375
0 0.6625 0.9609375 0.1375 0.0703125
0 0.953125 0.821875 0.0859375 0.1375
0 0.046875 0.78515625 0.09375 0.140625
0 0.5921875 0.8671875 0.153125 0.140625
0 0.5296875 0.19375 0.1609375 0.1765625
0 0.0453125 0.43125 0.090625 0.1375
0 0.94921875 0.421875 0.0984375 0.125
0 0.8265625 0.228125 0.10625 0.1171875
0 0.853125 0.5703125 0.1015625 0.1453125
0 0.671875 0.53125 0.1375 0.1375
0 0.7953125 0.70703125 0.1171875 0.1171875
0 0.69375 0.19375 0.1296875 0.109375
0 0.578125 0.078125 0.1609375 0.1328125
0 0.2890625 0.6234375 0.1375 0.1296875
0 0.43359375 0.55859375 0.109375 0.1453125
0 0.26953125 0.94140625 0.153125 0.1171875
0 0.23046875 0.1390625 0.1484375 0.1171875 0.14867583281250002 0.133123525 0.23046875 0.1390625
0 0.14867583281250002 0.133123525 0.137458 0.132309 0.15121500000000002 0.302904 0.14867583281250002 0.133123525
0 0.8484375 0.021875 0.1734375 0.04375
0 0.1875 0.82109375 0.1625 0.15
0 0.98515625 0.603125 0.0296875 0.1234375
0 0.8875 0.6234375 0.1546875 0.140625
0 0.984375 0.62265625 0.03125 0.1453125
0 0.76015625 0.040625 0.1109375 0.08125
0 0.98046875 0.590625 0.0390625 0.1421875
0 0.9734375 0.02734375 0.053125 0.0546875