0 0.6859375 0.7671875 0.1609375 0.153125
0 0.5234375 0.63125 0.1640625 0.1453125
0 0.81640625 0.0484375 0.1484375 0.096875
0 0.5015625 0.3375 0.1453125 0.140625
0 0.6625 0.1796875 0.140625 0.1296875
0 0.8125 0.31640625 0.121875 0.1328125
0 0.94921875 0.171875 0.1015625 0.1375
0 0.96640625 0.45390625 0.0671875 0.1484375
0 0.678125 0.4671875 0.1640625 0.1328125
0 0.84375 0.6078125 0.1453125 0.121875
0 0.95703125 0.75390625 0.0859375 0.1140625
0 0.853125 0.90625 0.1609375 0.16875
0 0.3609375 0.7828125 0.16875 0.1484375
0 0.19921875 0.6484375 0.1765625 0.1609375
0 0.3421875 0.490625 0.1640625 0.153125
0 0.18125 0.359375 0.1796875 0.1453125
0 0.3375 0.2015625 0.2 0.1296875
0 0.4859375 0.05859375 0.1765625 0.1171875
0 0.046875 0.51953125 0.09375 0.15625
0 0.0484375 0.19609375 0.096875 0.1515625
0 0.1609375 0.1015625 0.14453125 0.05078125 0.12178 0.12598 0.5381630000000001 0.919793 0.1609375 0.1015625