0 0.22265625 0.0796875 0.15625 0.153125
0 0.946875 0.62890625 0.0984375 0.15625
0 0.5484375 0.03125 0.2 0.0625
0 0.87890625 0.821875 0.1328125 0.1453125
0 0.125 0.28125 0.1296875 0.1140625
0 0.0453125 0.48046875 0.090625 0.125
0 0.2484375 0.57421875 0.1484375 0.1640625
0 0.15 0.75625 0.140625 0.1484375
0 0.353125 0.853125 0.1609375 0.153125
0 0.4828125 0.65 0.140625 0.1171875
0 0.7734375 0.5375 0.140625 0.1171875
0 0.64453125 0.25390625 0.1328125 0.1453125
0 0.9453125 0.1640625 0.109375 0.1375
0 0.0703125 0.93359375 0.1328125 0.1328125
0 0.166417628125 0.11659635156249999 0.8730169999999999 0.348434 0.1609375 0.109375 0.166417628125 0.11659635156249999
0 0.7953125 0.9453125 0.166417628125 0.11659635156249999 0.10226299999999999 0.095547 0.7953125 0.9453125
0 0.0375 0.0265625 0.075 0.053125
0 0.00859375 0.678125 0.0171875 0.14375