0 0.321875 0.0546875 0.1453125 0.109375
0 0.44921875 0.234375 0.1140625 0.1015625
0 0.6328125 0.13125 0.109375 0.09375
0 0.83203125 0.053125 0.140625 0.09375
0 0.94921875 0.228125 0.1015625 0.1140625
0 0.73046875 0.33203125 0.1328125 0.121875
0 0.83203125 0.51953125 0.1328125 0.125
0 0.94140625 0.7015625 0.1171875 0.1453125
0 0.646875 0.609375 0.121875 0.1375
0 0.53125 0.4125 0.1140625 0.121875
0 0.7515625 0.8265625 0.1375 0.1484375
0 0.43359375 0.7203125 0.1171875 0.1328125
0 0.3375 0.521875 0.1375 0.1328125
0 0.1390625 0.61875 0.1140625 0.1296875
0 0.240625 0.3375 0.10625 0.1140625
0 0.0375 0.44140625 0.075 0.1296875
0 0.1234375 0.14453125 0.1140625 0.09375
0 0.2328125 0.7984375 0.1453125 0.109375
0 0.540625 0.90234375 0.121875 0.109375
0 0.3578125 0.95703125 0.15625 0.078125
0 0.046875 0.921875 0.09375 0.1296875
0 0.1896847109375 0.0813800234375 0.515915 0.013378999999999999 0.147414 0.026712000000000003 0.1896847109375 0.0813800234375
0 0.1896847109375 0.0813800234375 0.1828125 0.0828125 0.86796875 0.95859375 0.1896847109375 0.0813800234375
0 0.51171875 0.00703125 0.15 0.0140625