0 0.2046875 0.953125 0.1375 0.0859375
0 0.4046875 0.6796875 0.1453125 0.140625
0 0.2359375 0.09765625 0.1765625 0.1484375
0 0.53515625 0.94921875 0.21875 0.0859375
0 0.921875 0.2796875 0.1171875 0.0984375
0 0.259375 0.2671875 0.1515625 0.1296875
0 0.05625 0.55390625 0.1125 0.1328125
0 0.16015625 0.81640625 0.1484375 0.1015625
0 0.82421875 0.853125 0.1953125 0.16875
0 0.928125 0.4859375 0.1375 0.1609375
0 0.31640625 0.5171875 0.1484375 0.16875
0 0.68359375 0.5875 0.16875 0.15625
0 0.59765625 0.375 0.153125 0.1171875
0 0.5453125 0.22265625 0.109375 0.0984375
0 0.02734375 0.103125 0.0546875 0.1296875 0.474592 0.037621 0.178664 0.075243 0.02734375 0.103125
0 0.8125 0.02109375 0.2125 0.040625
0 0.86953125 0.13828125 0.134375 0.128125