0 0.796875 0.1859375 0.1796875 0.153125
0 0.521875 0.2515625 0.1609375 0.175
0 0.51953125 0.4828125 0.1765625 0.1609375
0 0.8265625 0.47265625 0.1609375 0.1609375
0 0.884375 0.765625 0.1296875 0.1796875
0 0.5859375 0.7671875 0.2109375 0.15625
0 0.321875 0.82421875 0.1640625 0.1328125
0 0.2734375 0.5953125 0.1140625 0.1375
0 0.2125 0.296875 0.1328125 0.153125
0 0.0328125 0.36015625 0.065625 0.1484375
0 0.1875 0.0625 0.1140625 0.125
0 0.0453125 0.62109375 0.090625 0.2
0 0.078125 0.8765625 0.15625 0.15625 0.9284570000000001 0.9593740000000001 0.14203300000000002 0.081252 0.078125 0.8765625
0 0.50234375 0.03984375 0.171875 0.0796875
0 0.62578125 0.97734375 0.2 0.0453125
0 0.75390625 0.01953125 0.1609375 0.0390625