0 0.146875 0.171875 0.1296875 0.125
0 0.40625 0.12890625 0.125 0.1140625
0 0.6953125 0.08203125 0.121875 0.090625
0 0.7328125 0.33203125 0.10625 0.121875
0 0.4140625 0.384375 0.1328125 0.1140625
0 0.19375 0.421875 0.1453125 0.140625
0 0.203125 0.671875 0.1296875 0.0828125
0 0.478125 0.6484375 0.1484375 0.1296875
0 0.75390625 0.646875 0.140625 0.125
0 0.834375 0.9078125 0.1609375 0.153125
0 0.56640625 0.93359375 0.1953125 0.1328125
0 0.12146899375 0.17862471562499999 0.986565 0.585904 0.109375 0.090625 0.12146899375 0.17862471562499999
0 0.228125 0.9546875 0.12146899375 0.17862471562499999 0.026763 0.134038 0.228125 0.9546875
0 0.0375 0.97578125 0.075 0.046875
0 0.990625 0.5859375 0.01875 0.1328125