0 0.421875 0.6796875 0.234375 0.21875
0 0.82421875 0.82421875 0.1875 0.1640625
0 0.2046875 0.8359375 0.184375 0.1796875
0 0.57421875 0.921875 0.203125 0.1484375
0 0.66015625 0.5546875 0.1953125 0.1796875
0 0.0921875 0.6875 0.184375 0.1875
0 0.9046875 0.4296875 0.184375 0.1796875
0 0.10546875 0.21875 0.1953125 0.15625
0 0.2484375 0.38671875 0.184375 0.1640625
0 0.69921875 0.1234375 0.1796875 0.1453125
0 0.47265625 0.26171875 0.1796875 0.1640625
0 0.6015625 0.41015625 0.1765625 0.10625
0 0.81875 0.28515625 0.25 0.2265625
0 0.3515625 0.0765625 0.203125 0.153125
0 0.37109375 0.5234375 0.246875 0.203125
0 0.6 0.02734375 0.153125 0.0546875
0 0.91328125 0.04921875 0.1734375 0.0984375 0.15063641875 0.17109945625 0.91328125 0.04921875
0 0.15063641875 0.17109945625 0.080814 0.182258 0.040407 0.5223760000000001 0.15063641875 0.17109945625
0 0.075 0.96328125 0.15 0.0734375
0 0.0328125 0.0453125 0.065625 0.090625
0 0.9359375 0.98203125 0.128125 0.0359375
0 0.35390625 0.98125 0.18125 0.0375
0 0.97890625 0.6625 0.0421875 0.165625
0 0.98671875 0.1328125 0.0265625 0.2015625
0 0.98671875 0.66484375 0.0265625 0.165625
0 0.35234375 0.9875 0.1890625 0.025
0 0.99140625 0.665625 0.0171875 0.1625
0 0.9375 0.98671875 0.125 0.0265625
0 0.98984375 0.1390625 0.0203125 0.1953125