0 0.9078125 0.8984375 0.1765625 0.1640625
0 0.40625 0.4234375 0.15625 0.16875
0 0.8296875 0.23046875 0.1765625 0.1484375
0 0.60546875 0.32421875 0.1875 0.171875
0 0.4984375 0.1484375 0.1765625 0.1484375
0 0.2734375 0.22265625 0.1484375 0.1796875
0 0.59765625 0.7796875 0.1796875 0.153125
0 0.9703125 0.6 0.0515625 0.1375
0 0.91015625 0.4296875 0.1484375 0.1484375
0 0.1796875 0.06875 0.16875 0.1328125
0 0.7125 0.0703125 0.1640625 0.140625
0 0.9609375 0.1171875 0.078125 0.15625
0 0.69375 0.5140625 0.1765625 0.1328125
0 0.803125 0.7203125 0.1875 0.1953125
0 0.4765625 0.6109375 0.15625 0.15625
0 0.69921875 0.9625 0.1640625 0.075
0 0.29296875 0.725 0.140625 0.1328125
0 0.0765625 0.821875 0.153125 0.1484375
0 0.0703125 0.3359375 0.1328125 0.1609375 0.186039 0.9597390000000001 0.13148200000000002 0.08032399999999999 0.0703125 0.3359375
0 0.38203125 0.01875 0.1671875 0.0375
0 0.03046875 0.16875 0.0609375 0.165625
0 0.9078125 0.01484375 0.16875 0.0296875
0 0.0265625 0.64375 0.053125 0.1609375
0 0.01640625 0.6453125 0.0328125 0.1609375
0 0.9046875 0.00859375 0.1625 0.0171875