0 0.80625 0.1265625 0.140625 0.1328125
0 0.95859375 0.228125 0.0828125 0.125
0 0.6890625 0.30078125 0.153125 0.1484375
0 0.8140625 0.58984375 0.1484375 0.1484375
0 0.9046875 0.4140625 0.1375 0.140625
0 0.5921875 0.5015625 0.1796875 0.1609375
0 0.4859375 0.21875 0.1375 0.1296875
0 0.55546875 0.05625 0.1359375 0.1125
0 0.27734375 0.140625 0.1765625 0.1484375
0 0.178125 0.3453125 0.184375 0.1796875
0 0.1375 0.125 0.06875 0.0625 0.128889 0.121299 0.390761 0.42396200000000006 0.1375 0.125
0 0.3734375 0.01640625 0.1671875 0.0328125
0 0.37421875 0.009375 0.1625 0.01875