0 0.7359375 0.9296875 0.2078125 0.125
0 0.19140625 0.946875 0.1796875 0.0984375
0 0.48046875 0.44921875 0.2265625 0.2109375
0 0.79296875 0.4671875 0.2109375 0.2
0 0.8359375 0.16796875 0.203125 0.2109375
0 0.05078125 0.7734375 0.1015625 0.2109375
0 0.4921875 0.2046875 0.203125 0.215625
0 0.1875 0.4546875 0.1875 0.1765625
0 0.7671875 0.7421875 0.215625 0.2265625
0 0.0375 0.9359375 0.075 0.121875
0 0.48046875 0.94921875 0.1953125 0.0859375
0 0.1734375 0.1796875 0.2 0.1953125
0 0.4859375 0.7171875 0.2234375 0.1921875
0 0.17088528593750002 0.1427853421875 0.517501 0.014399 0.169073 0.028704 0.17088528593750002 0.1427853421875
0 0.17088528593750002 0.1427853421875 0.1640625 0.1453125 0.1796875 0.696875 0.17088528593750002 0.1427853421875
0 0.028125 0.4421875 0.05625 0.1875
0 0.51640625 0.01015625 0.1640625 0.0203125