0 0.7171875 0.9296875 0.1375 0.125
0 0.12890625 0.765625 0.1796875 0.15625
0 0.540625 0.5546875 0.16875 0.171875
0 0.44140625 0.8421875 0.1875 0.1765625
0 0.3296875 0.671875 0.1765625 0.171875
0 0.428125 0.390625 0.1453125 0.1375
0 0.6390625 0.2828125 0.1328125 0.15625
0 0.83984375 0.2046875 0.171875 0.15625
0 0.5375 0.1109375 0.171875 0.1453125
0 0.32421875 0.203125 0.1328125 0.1140625
0 0.21640625 0.0484375 0.1921875 0.096875
0 0.1109375 0.296875 0.125 0.1015625
0 0.1859375 0.4359375 0.1484375 0.1375
0 0.7515625 0.48046875 0.1765625 0.140625
0 0.65 0.76171875 0.1765625 0.1328125
0 0.2375 0.94296875 0.153125 0.1140625
0 0.046875 0.109375 0.09375 0.1765625
0 0.1927985609375 0.19037315625 0.938091 0.38475899999999996 0.12381800000000001 0.13012300000000002 0.1927985609375 0.19037315625
0 0.1927985609375 0.19037315625 0.121875 0.171875 0.9390625 0.8421875 0.1927985609375 0.19037315625
0 0.73828125 0.040625 0.15 0.08125
0 0.04609375 0.57578125 0.0921875 0.1359375
0 0.540625 0.9734375 0.1640625 0.053125
0 0.04609375 0.97109375 0.0921875 0.0578125
0 0.84609375 0.65390625 0.1203125 0.1171875
0 0.9796875 0.10625 0.040625 0.1328125
0 0.98515625 0.10234375 0.0296875 0.13125
0 0.9859375 0.56171875 0.028125 0.1421875
0 0.990625 0.56328125 0.01875 0.140625