0 0.39453125 0.4234375 0.121875 0.121875
0 0.58203125 0.33203125 0.125 0.1328125
0 0.7828125 0.2171875 0.1484375 0.125
0 0.95859375 0.11796875 0.0828125 0.1140625
0 0.9 0.4296875 0.1328125 0.1484375
0 0.69921875 0.51171875 0.109375 0.10625
0 0.96484375 0.60546875 0.0703125 0.1171875
0 0.7828125 0.709375 0.1484375 0.1328125
0 0.890625 0.8734375 0.16875 0.1484375
0 0.60546875 0.7953125 0.1484375 0.1140625
0 0.6890625 0.953125 0.1484375 0.09375
0 0.396875 0.8921875 0.1609375 0.1015625
0 0.2875 0.71875 0.1375 0.0984375
0 0.484375 0.6015625 0.1296875 0.1375
0 0.1703125 0.5140625 0.1296875 0.09375
0 0.0765625 0.7984375 0.1484375 0.1296875
0 0.0640625 0.334375 0.10625 0.121875
0 0.2671875 0.228125 0.121875 0.1296875
0 0.4703125 0.13671875 0.1375 0.1171875
0 0.6734375 0.04296875 0.121875 0.0859375
0 0.15 0.053125 0.125 0.10625
0 0.14664354531249998 0.0696231859375 0.878366 0.01446 0.145425 0.02891 0.14664354531249998 0.0696231859375
0 0.14664354531249998 0.0696231859375 0.1375 0.0703125 0.1734375 0.96484375 0.14664354531249998 0.0696231859375
0 0.00859375 0.61953125 0.0171875 0.1328125
0 0.0109375 0.61875 0.021875 0.1328125
0 0.00859375 0.1421875 0.0171875 0.125
0 0.015625 0.62265625 0.03125 0.1390625
0 0.878125 0.00859375 0.1515625 0.0171875