0 0.5796875 0.5296875 0.2 0.184375
0 0.6484375 0.7046875 0.171875 0.2
0 0.2671875 0.4546875 0.215625 0.2078125
0 0.853125 0.16015625 0.2 0.1796875
0 0.3609375 0.1421875 0.2234375 0.215625
0 0.4671875 0.7984375 0.1765625 0.153125
0 0.4546875 0.3734375 0.215625 0.1765625
0 0.0859375 0.571875 0.171875 0.16875
0 0.1390625 0.28515625 0.1953125 0.203125
0 0.0796875 0.103125 0.159375 0.20625
0 0.25703125 0.0484375 0.2109375 0.096875
0 0.359375 0.65 0.2265625 0.1875
0 0.14453125 0.7265625 0.1609375 0.125
0 0.24375 0.890625 0.21875 0.1953125
0 0.565625 0.95078125 0.215625 0.0984375
0 0.7828125 0.92578125 0.153125 0.1296875
0 0.92734375 0.3234375 0.1453125 0.23125
0 0.75625 0.0453125 0.215625 0.090625 0.1978240234375 0.162674890625 0.75625 0.0453125
0 0.1978240234375 0.162674890625 0.063863 0.190829 0.031931 0.834131 0.1978240234375 0.162674890625
0 0.0796875 0.9609375 0.1578125 0.078125
0 0.02578125 0.3640625 0.0515625 0.1828125
0 0.978125 0.52265625 0.04375 0.1953125
0 0.98046875 0.0796875 0.0390625 0.159375
0 0.9859375 0.0828125 0.028125 0.165625
0 0.9859375 0.528125 0.028125 0.2
0 0.98984375 0.08046875 0.0203125 0.1609375