0 0.821875 0.3421875 0.23125 0.16875
0 0.0859375 0.7671875 0.171875 0.215625
0 0.69140625 0.946875 0.21875 0.0984375
0 0.5796875 0.0859375 0.215625 0.171875
0 0.28515625 0.9359375 0.2265625 0.121875
0 0.5171875 0.796875 0.2859375 0.234375
0 0.9359375 0.09375 0.121875 0.1875
0 0.3296875 0.5796875 0.2703125 0.2234375
0 0.1 0.4296875 0.2 0.203125
0 0.1640625 0.1765625 0.70703125 0.21484375 0.10047999999999999 0.170021 0.94976 0.469859 0.1640625 0.1765625
0 0.03046875 0.9546875 0.0609375 0.090625
0 0.03203125 0.25390625 0.0640625 0.2109375
0 0.97734375 0.2796875 0.0453125 0.1703125