0 0.3046875 0.0859375 0.1640625 0.1484375
0 0.4546875 0.228125 0.1609375 0.1453125
0 0.7671875 0.28515625 0.153125 0.140625
0 0.13125 0.1953125 0.171875 0.153125
0 0.6234375 0.3734375 0.1484375 0.1375
0 0.94921875 0.13125 0.1015625 0.1328125
0 0.428125 0.49375 0.1375 0.1171875
0 0.0609375 0.74609375 0.1171875 0.15625
0 0.240625 0.6171875 0.140625 0.1328125
0 0.91484375 0.88671875 0.1703125 0.175
0 0.68828125 0.9609375 0.22890625 0.078125 0.471348 0.022584 0.16622399999999998 0.045128 0.68828125 0.9609375
0 0.0953125 0.465625 0.153125 0.1328125
0 0.28828125 0.34140625 0.1234375 0.1234375
0 0.0234375 0.0578125 0.046875 0.1140625
0 0.1359375 0.0078125 0.1515625 0.0140625
0 0.015625 0.0578125 0.03125 0.115625
0 0.13515625 0.0140625 0.1453125 0.028125
0 0.00859375 0.31484375 0.0171875 0.14375