0 0.478125 0.07421875 0.16875 0.1484375
0 0.821875 0.3609375 0.1609375 0.1453125
0 0.82421875 0.6546875 0.1484375 0.1609375
0 0.79296875 0.0625 0.15625 0.125
0 0.484375 0.671875 0.1640625 0.171875
0 0.66015625 0.51171875 0.1796875 0.15625
0 0.31640625 0.2203125 0.1453125 0.1328125
0 0.4859375 0.37109375 0.125 0.1328125
0 0.1390625 0.0875 0.1484375 0.15625
0 0.96640625 0.1984375 0.0671875 0.140625
0 0.95859375 0.49296875 0.0828125 0.1359375
0 0.328125 0.525 0.10625 0.121875
0 0.15625 0.37109375 0.1484375 0.1484375
0 0.1640625 0.671875 0.1171875 0.140625
0 0.040625 0.55625 0.08125 0.140625
0 0.04296875 0.834375 0.0859375 0.1609375
0 0.6625 0.796875 0.140625 0.140625
0 0.8421875 0.9453125 0.125 0.109375
0 0.9609375 0.7890625 0.078125 0.1484375 0.073487215625 0.15909273125 0.9609375 0.7890625
0 0.1921875 0.96171875 0.121875 0.0765625
0 0.03046875 0.04140625 0.0609375 0.0828125