0 0.91015625 0.4609375 0.171875 0.1953125
0 0.0625 0.2734375 0.125 0.140625
0 0.9078125 0.1109375 0.1765625 0.1609375
0 0.0625 0.9359375 0.125 0.121875
0 0.97265625 0.921875 0.046875 0.1484375
0 0.16015625 0.73828125 0.1921875 0.15625
0 0.646875 0.1625 0.140625 0.140625
0 0.1836892296875 0.132626903125 0.79296875 0.13125 0.13935 0.083605 0.1836892296875 0.132626903125
0 0.1836892296875 0.132626903125 0.1015625 0.1328125 0.9303250000000001 0.9581149999999999 0.1836892296875 0.132626903125
0 0.97578125 0.6265625 0.0484375 0.178125
0 0.96328125 0.03125 0.0734375 0.0625
0 0.71796875 0.24609375 0.184375 0.1703125