0 0.37265625 0.0796875 0.1984375 0.159375
0 0.47265625 0.25390625 0.1953125 0.1953125
0 0.2796875 0.821875 0.2078125 0.1765625
0 0.6859375 0.1546875 0.1921875 0.1921875
0 0.1546875 0.165625 0.184375 0.1765625
0 0.0796875 0.91484375 0.159375 0.1609375
0 0.88671875 0.0625 0.1875 0.125
0 0.5921875 0.4296875 0.2 0.15625
0 0.271875 0.3453125 0.16875 0.16875
0 0.3671875 0.540625 0.1875 0.1484375
0 0.178125 0.6234375 0.16875 0.153125
0 0.078125 0.44375 0.153125 0.1453125
0 0.484375 0.7265625 0.16875 0.1640625
0 0.703125 0.6390625 0.1796875 0.16875
0 0.90625 0.5296875 0.121875 0.140625
0 0.78125 0.34375 0.15625 0.1328125
0 0.95703125 0.225 0.0859375 0.125
0 0.803125 0.803125 0.1765625 0.153125
0 0.5796875 0.9078125 0.16875 0.1375
0 0.384375 0.9609375 0.153125 0.078125
0 0.915625 0.9546875 0.140625 0.090625
0 0.09375 0.046875 0.1875 0.09375
0 0.5875 0.0375 0.1875 0.075
0 0.0359375 0.265625 0.0703125 0.171875
0 0.0359375 0.72421875 0.0703125 0.171875
0 0.9515625 0.72421875 0.096875 0.1890625