0 0.4671875 0.0546875 0.1921875 0.109375
0 0.6859375 0.5296875 0.1765625 0.1609375
0 0.88671875 0.359375 0.15625 0.140625
0 0.0859375 0.72265625 0.171875 0.171875
0 0.69375 0.91015625 0.1765625 0.1640625
0 0.48046875 0.7171875 0.1953125 0.1609375
0 0.87890625 0.73046875 0.1953125 0.1796875
0 0.853125 0.0375 0.1765625 0.075
0 0.06640625 0.3671875 0.1328125 0.15625
0 0.26953125 0.2171875 0.1453125 0.1484375
0 0.4609375 0.365625 0.15625 0.1453125
0 0.6625 0.2015625 0.171875 0.184375
0 0.27109375 0.91171875 0.1796875 0.1765625
0 0.1390625 0.0953125 0.06953125 0.04765625 0.016807 0.160917 0.991597 0.189822 0.1390625 0.0953125
0 0.9875 0.18828125 0.025 0.1640625