0 0.296875 0.75625 0.1875 0.1765625
0 0.59765625 0.928125 0.15625 0.1375
0 0.04296875 0.3421875 0.0859375 0.121875
0 0.8984375 0.959375 0.1953125 0.075
0 0.62109375 0.7484375 0.1375 0.1453125
0 0.6015625 0.5375 0.1296875 0.1453125
0 0.8921875 0.27734375 0.1484375 0.1609375
0 0.9390625 0.4921875 0.121875 0.125
0 0.328125 0.3125 0.1375 0.1328125
0 0.3046875 0.0765625 0.1140625 0.1140625
0 0.62109375 0.0703125 0.1765625 0.1296875
0 0.090625 0.0984375 0.334375 0.53515625 0.154503 0.097351 0.908588 0.048675 0.090625 0.0984375
0 0.0453125 0.05859375 0.090625 0.1171875
0 0.66640625 0.96875 0.178125 0.0625
0 0.046875 0.8140625 0.09375 0.1578125