0 0.4625 0.046875 0.0859375 0.09375
0 0.49375 0.2890625 0.125 0.1171875
0 0.73828125 0.2515625 0.1171875 0.125
0 0.78515625 0.540625 0.1375 0.15625
0 0.81875 0.7984375 0.10625 0.0984375
0 0.5625 0.8125 0.125 0.1171875
0 0.5296875 0.55859375 0.1453125 0.1328125
0 0.2359375 0.61328125 0.125 0.125
0 0.15234375 0.35 0.1375 0.140625
0 0.134375 0.0953125 0.1296875 0.1375
0 0.053125 0.9203125 0.10625 0.10625
0 0.1199126 0.1127217984375 0.707421 0.042004 0.11435100000000001 0.08377599999999999 0.1199126 0.1127217984375
0 0.1199126 0.1127217984375 0.0828125 0.1171875 0.265625 0.87109375 0.1199126 0.1127217984375
0 0.01953125 0.65546875 0.0390625 0.125
0 0.01328125 0.653125 0.0265625 0.134375