0 0.57421875 0.4921875 0.1484375 0.140625
0 0.1859375 0.84765625 0.153125 0.1328125
0 0.59375 0.84765625 0.125 0.1171875
0 0.796875 0.3046875 0.125 0.1171875
0 0.4 0.6703125 0.140625 0.1765625
0 0.1734375 0.5015625 0.1453125 0.1453125
0 0.5703125 0.1390625 0.1453125 0.125
0 0.96484375 0.4546875 0.0703125 0.1453125
0 0.0828125 0.1609375 0.95859375 0.84453125 0.06505999999999999 0.13572800000000002 0.032562 0.687319 0.0828125 0.1609375
0 0.96328125 0.08984375 0.0734375 0.1375
0 0.01875 0.3078125 0.0375 0.1671875
0 0.0125 0.3046875 0.025 0.159375