0 0.30625 0.24609375 0.0984375 0.09375
0 0.6390625 0.4703125 0.109375 0.1375
0 0.34375 0.5015625 0.121875 0.1375
0 0.053125 0.290625 0.10625 0.125
0 0.3921875 0.771875 0.10625 0.1375
0 0.671875 0.7484375 0.1296875 0.1453125
0 0.95859375 0.71015625 0.0828125 0.1046875
0 0.9125 0.42578125 0.125 0.1453125
0 0.859375 0.1578125 0.1140625 0.1140625
0 0.275 0.0453125 0.125 0.090625
0 0.7484375 0.953125 0.1484375 0.09375
0 0.446875 0.9703125 0.1328125 0.059375
0 0.1572255171875 0.10491075000000001 0.9192920000000001 0.026091999999999997 0.160254 0.051976999999999995 0.1572255171875 0.10491075000000001
0 0.1572255171875 0.10491075000000001 0.1140625 0.109375 0.115625 0.83203125 0.1572255171875 0.10491075000000001
0 0.5546875 0.021875 0.1625 0.04375
0 0.05390625 0.0546875 0.1078125 0.109375
0 0.5546875 0.00703125 0.146875 0.0140625