0 0.8046875 0.5296875 0.203125 0.215625
0 0.59765625 0.63671875 0.1953125 0.2109375
0 0.109375 0.6421875 0.2109375 0.215625
0 0.2734375 0.0859375 0.203125 0.1640625
0 0.19140625 0.3609375 0.2265625 0.2234375
0 0.59765625 0.16796875 0.2109375 0.1953125
0 0.2046875 0.8421875 0.2 0.2234375
0 0.7984375 0.0625 0.184375 0.125
0 0.3921875 0.2671875 0.215625 0.215625
0 0.5 0.446875 0.1875 0.2
0 0.3734375 0.73046875 0.1453125 0.1796875
0 0.7109375 0.32421875 0.203125 0.171875
0 0.9609375 0.4125 0.0703125 0.1765625
0 0.0796875 0.17265625 0.159375 0.1609375
0 0.959375 0.9046875 0.075 0.1765625
0 0.290625 0.546875 0.1875 0.215625
0 0.90390625 0.25546875 0.1921875 0.1765625
0 0.48046875 0.0390625 0.2109375 0.078125
0 0.046875 0.4390625 0.09375 0.2234375
0 0.0546875 0.9234375 0.109375 0.153125
0 0.82578125 0.94296875 0.2421875 0.1140625 0.038888 0.046825 0.077612 0.09365 0.82578125 0.94296875
0 0.95 0.0265625 0.1 0.053125