0 0.91796875 0.790625 0.15625 0.2
0 0.9546875 0.2109375 0.0828125 0.203125
0 0.59375 0.76171875 0.15625 0.1796875
0 0.484375 0.91796875 0.2109375 0.15625
0 0.8734375 0.3921875 0.184375 0.1765625
0 0.43125 0.3671875 0.1140625 0.1375
0 0.571875 0.2203125 0.1453125 0.1296875
0 0.584375 0.4921875 0.125 0.1609375
0 0.75 0.58203125 0.153125 0.1875
0 0.44921875 0.65625 0.1171875 0.1453125
0 0.303125 0.83203125 0.1328125 0.1453125
0 0.271875 0.5390625 0.125 0.1453125
0 0.12109375 0.4078125 0.1375 0.1328125
0 0.27734375 0.240625 0.171875 0.1484375
0 0.44921875 0.0875 0.1484375 0.1484375
0 0.74609375 0.06875 0.1484375 0.1375
0 0.1015625 0.10546875 0.1328125 0.121875
0 0.82421875 0.94140625 0.171875 0.1171875
0 0.1179669328125 0.6612711734375 0.12262500000000001 0.9562430000000001 0.135021 0.087382 0.1179669328125 0.6612711734375
0 0.02109375 0.56328125 0.0421875 0.1359375
0 0.98046875 0.59765625 0.0390625 0.178125
0 0.9859375 0.5984375 0.028125 0.175
0 0.00859375 0.83359375 0.0171875 0.1125
0 0.0140625 0.5625 0.028125 0.1359375
0 0.990625 0.5984375 0.01875 0.1703125