0 0.22265625 0.87890625 0.1875 0.1640625
0 0.4859375 0.478125 0.16875 0.1609375
0 0.40625 0.3296875 0.21875 0.1921875
0 0.921875 0.3046875 0.1484375 0.171875
0 0.2984375 0.1109375 0.215625 0.184375
0 0.6171875 0.6734375 0.203125 0.1765625
0 0.72265625 0.41015625 0.2109375 0.1796875
0 0.203125 0.4203125 0.1953125 0.1640625
0 0.6109375 0.2359375 0.1921875 0.171875
0 0.81875 0.1421875 0.1875 0.171875
0 0.47265625 0.06640625 0.184375 0.1328125
0 0.09765625 0.24375 0.1953125 0.184375
0 0.31640625 0.6109375 0.171875 0.171875
0 0.8046875 0.584375 0.203125 0.184375
0 0.9546875 0.5 0.090625 0.1875
0 0.9 0.7890625 0.2 0.1921875
0 0.703125 0.8984375 0.2109375 0.1640625
0 0.4984375 0.9453125 0.2109375 0.109375
0 0.415625 0.7953125 0.2234375 0.184375
0 0.09375 0.68359375 0.1875 0.1953125
0 0.05234375 0.92734375 0.0890625 0.1453125
0 0.0453125 0.4859375 0.078125 0.1796875
0 0.046875 0.06875 0.09375 0.1375 0.953425 0.047076 0.09315 0.093991 0.046875 0.06875
0 0.96875 0.93359375 0.0625 0.1328125
0 0.82890625 0.97890625 0.2078125 0.0421875
0 0.6953125 0.0171875 0.1953125 0.034375
0 0.19375 0.01953125 0.215625 0.0390625
0 0.31875 0.9875 0.1859375 0.025
0 0.828125 0.98671875 0.203125 0.0265625