0 0.29296875 0.7671875 0.2265625 0.2078125
0 0.1171875 0.28515625 0.203125 0.2109375
0 0.76171875 0.50625 0.1953125 0.2078125
0 0.9234375 0.31640625 0.1375 0.1953125
0 0.6421875 0.72265625 0.2 0.2109375
0 0.78515625 0.16015625 0.2109375 0.2109375
0 0.4609375 0.5921875 0.2421875 0.215625
0 0.2484375 0.125 0.2390625 0.21875
0 0.6 0.38671875 0.2 0.1796875
0 0.9203125 0.6546875 0.153125 0.2390625
0 0.46875 0.2421875 0.21875 0.21875
0 0.78515625 0.8671875 0.2265625 0.203125
0 0.1625 0.94140625 0.1765625 0.109375
0 0.2796875 0.44375 0.2078125 0.2078125
0 0.09765625 0.6234375 0.1640625 0.2
0 0.4546875 0.915625 0.2 0.1609375
0 0.1828125 0.128125 0.59453125 0.0640625 0.190807 0.057687999999999996 0.09575700000000001 0.028843999999999998 0.1828125 0.128125
0 0.6453125 0.975 0.21875 0.05
0 0.909375 0.03828125 0.18125 0.0765625
0 0.93984375 0.9609375 0.1203125 0.078125
0 0.02421875 0.47734375 0.0484375 0.19375
0 0.02265625 0.15625 0.0453125 0.2078125
0 0.02109375 0.83671875 0.0421875 0.1671875
0 0.01484375 0.159375 0.0296875 0.2
0 0.98671875 0.13515625 0.0265625 0.1703125
0 0.01484375 0.8359375 0.0296875 0.165625