0 0.0796875 0.2421875 0.159375 0.171875
0 0.609375 0.7359375 0.1484375 0.121875
0 0.27734375 0.1640625 0.1484375 0.1328125
0 0.50390625 0.07421875 0.140625 0.1328125
0 0.18125 0.4515625 0.1375 0.140625
0 0.0453125 0.5609375 0.090625 0.1484375
0 0.0953125 0.7328125 0.184375 0.1453125
0 0.271875 0.625 0.1609375 0.1640625
0 0.5015625 0.525 0.16875 0.153125
0 0.7984375 0.62109375 0.16875 0.125
0 0.8984375 0.8265625 0.1765625 0.15625
0 0.696875 0.9203125 0.1609375 0.1453125
0 0.3921875 0.8265625 0.1609375 0.140625
0 0.18125 0.91015625 0.2017760015625 0.21007299375000002 0.14569700000000002 0.069411 0.18125 0.91015625
0 0.2017760015625 0.21007299375000002 0.502823 0.965184 0.203125 0.1640625 0.2017760015625 0.21007299375000002
0 0.1609375 0.01875 0.1765625 0.0375
0 0.88671875 0.325 0.125 0.1359375
0 0.02578125 0.05703125 0.0515625 0.1125
0 0.9734375 0.5328125 0.053125 0.1328125
0 0.9640625 0.9703125 0.0703125 0.059375
0 0.9546875 0.0546875 0.090625 0.109375
0 0.03203125 0.95703125 0.0640625 0.0859375
0 0.70859375 0.446875 0.134375 0.1234375