0 0.73046875 0.6859375 0.1953125 0.184375
0 0.1 0.85546875 0.1765625 0.1640625
0 0.4921875 0.50390625 0.1796875 0.15625
0 0.0796875 0.13671875 0.159375 0.1796875
0 0.546875 0.8734375 0.1484375 0.16875
0 0.91015625 0.88671875 0.1484375 0.1328125
0 0.484375 0.134375 0.1484375 0.16875
0 0.3359375 0.6734375 0.1484375 0.1453125
0 0.69140625 0.29296875 0.1640625 0.1640625
0 0.7046875 0.0234375 0.1375 0.046875
0 0.1980753234375 0.09575679687500001 0.294048 0.014144 0.158034 0.028181 0.1980753234375 0.09575679687500001
0 0.1980753234375 0.09575679687500001 0.1453125 0.140625 0.321875 0.3046875 0.1980753234375 0.09575679687500001
0 0.30390625 0.98359375 0.1734375 0.0328125
0 0.30390625 0.9875 0.1765625 0.025
0 0.7359375 0.98125 0.1625 0.0375
0 0.73671875 0.98671875 0.165625 0.0265625
0 0.30234375 0.990625 0.1671875 0.01875
0 0.98671875 0.6859375 0.0265625 0.1484375
0 0.29375 0.009375 0.159375 0.01875