0 0.7734375 0.09765625 0.2109375 0.1796875
0 0.165625 0.853125 0.1453125 0.1765625
0 0.2984375 0.5796875 0.1765625 0.184375
0 0.50625 0.4921875 0.16875 0.171875
0 0.5234375 0.9359375 0.1953125 0.1140625
0 0.3921875 0.76171875 0.1609375 0.1796875
0 0.94140625 0.4671875 0.1015625 0.2078125
0 0.0796875 0.68515625 0.159375 0.1828125
0 0.6859375 0.38671875 0.2 0.1875
0 0.8921875 0.7671875 0.1921875 0.184375
0 0.88671875 0.290625 0.1640625 0.16875
0 0.578125 0.671875 0.15625 0.15625
0 0.165625 0.38125 0.16875 0.1453125
0 0.5609375 0.1796875 0.1609375 0.171875
0 0.48828125 0.0375 0.1953125 0.075
0 0.271875 0.1015625 0.2109375 0.1296875
0 0.08203125 0.19375 0.1640625 0.1765625
0 0.384375 0.271875 0.1640625 0.125
0 0.6953125 0.8609375 0.184375 0.1640625
0 0.80859375 0.55625 0.121875 0.1296875
0 0.80078125 0.96484375 0.1859375 0.0703125
0 0.95859375 0.9265625 0.0828125 0.146875
0 0.0574836140625 0.360367690625 0.060139 0.163902 0.030069000000000002 0.485938 0.0574836140625 0.360367690625
0 0.05 0.9140625 0.1 0.165625 0.0574836140625 0.360367690625 0.05 0.9140625
0 0.9578125 0.0328125 0.084375 0.065625
0 0.02109375 0.05 0.0421875 0.1
0 0.30234375 0.98046875 0.1765625 0.0390625
0 0.303125 0.98671875 0.18125 0.0265625