0 0.5609375 0.1734375 0.16875 0.1609375
0 0.6171875 0.421875 0.171875 0.1375
0 0.8921875 0.3890625 0.1171875 0.1140625
0 0.859375 0.1171875 0.121875 0.125
0 0.65 0.69375 0.1609375 0.1296875
0 0.95859375 0.59296875 0.0828125 0.1484375
0 0.95859375 0.88359375 0.0828125 0.1015625
0 0.696875 0.94921875 0.1453125 0.1015625
0 0.421875 0.9546875 0.1453125 0.090625
0 0.3734375 0.73046875 0.121875 0.125
0 0.334375 0.484375 0.1296875 0.125
0 0.2953125 0.234375 0.1140625 0.090625
0 0.0546875 0.5375 0.109375 0.1640625
0 0.08984375 0.76171875 0.1375 0.10625
0 0.0470138484375 0.199328028125 0.140037 0.977496 0.149986 0.044596000000000004 0.0470138484375 0.199328028125
0 0.1375 0.984375 0.1546875 0.03125