0 0.4921875 0.4359375 0.203125 0.1765625
0 0.571875 0.59765625 0.2 0.1953125
0 0.0765625 0.16015625 0.153125 0.1953125
0 0.3359375 0.8109375 0.21875 0.215625
0 0.1625 0.3609375 0.2 0.1765625
0 0.2734375 0.5484375 0.15625 0.1375
0 0.26640625 0.0796875 0.1921875 0.159375
0 0.78515625 0.50390625 0.1875 0.1484375
0 0.3671875 0.259375 0.1796875 0.159375
0 0.8984375 0.7171875 0.1875 0.1921875
0 0.9609375 0.91015625 0.0703125 0.1484375
0 0.58671875 0.15859375 0.1640625 0.1390625
0 0.765625 0.0546875 0.15625 0.109375
0 0.7015625 0.3265625 0.153125 0.1296875
0 0.8984375 0.24375 0.1296875 0.125
0 0.69375 0.8140625 0.1296875 0.1296875
0 0.5078125 0.94140625 0.184375 0.1171875
0 0.06015625 0.9328125 0.1203125 0.134375
0 0.1734375 0.6796875 0.215625 0.2109375
0 0.046875 0.55078125 0.09375 0.2171875
0 0.95546875 0.421875 0.0875 0.18125
0 0.94921875 0.03671875 0.1015625 0.0734375 0.796258 0.9590989999999999 0.1845 0.081803 0.94921875 0.03671875
0 0.02421875 0.0296875 0.0484375 0.059375