0 0.7359375 0.26171875 0.1765625 0.15625
0 0.603125 0.0375 0.1765625 0.075
0 0.59765625 0.4546875 0.1953125 0.1921875
0 0.28515625 0.09765625 0.1796875 0.171875
0 0.50390625 0.1796875 0.1640625 0.1484375
0 0.9234375 0.353125 0.1375 0.1453125
0 0.2046875 0.7484375 0.153125 0.1296875
0 0.4296875 0.8421875 0.109375 0.1375
0 0.19375 0.275 0.140625 0.159375
0 0.084375 0.484375 0.125 0.1484375
0 0.8265625 0.5625 0.1328125 0.1484375
0 0.7328125 0.7265625 0.171875 0.16875
0 0.93359375 0.8203125 0.1328125 0.1484375
0 0.646875 0.93359375 0.1640625 0.1328125
0 0.12890625 0.93359375 0.1875 0.1328125
0 0.0828125 0.1640625 0.95859375 0.14765625 0.162438 0.079062 0.08227100000000001 0.039531 0.0828125 0.1640625
0 0.03359375 0.66953125 0.0671875 0.1234375
0 0.86640625 0.96484375 0.1484375 0.0703125
0 0.01875 0.21484375 0.0375 0.1328125
0 0.3203125 0.975 0.1484375 0.0484375
0 0.0125 0.2109375 0.025 0.134375
0 0.9734375 0.609375 0.053125 0.1734375
0 0.3203125 0.9828125 0.1625 0.034375