0 0.8421875 0.78515625 0.184375 0.1875
0 0.94140625 0.634375 0.109375 0.1765625
0 0.1796875 0.04296875 0.171875 0.0859375
0 0.7046875 0.946875 0.1921875 0.0984375
0 0.353125 0.7359375 0.153125 0.1375
0 0.35 0.1875 0.15625 0.1453125
0 0.65 0.165625 0.1484375 0.1484375
0 0.9609375 0.15625 0.078125 0.153125
0 0.8359375 0.3109375 0.16875 0.1453125
0 0.66796875 0.44921875 0.1484375 0.1375
0 0.3421875 0.47265625 0.140625 0.125
0 0.18125 0.6265625 0.125 0.1140625
0 0.178125 0.3453125 0.153125 0.125
0 0.05078125 0.1796875 0.1015625 0.1328125
0 0.105796928125 0.31633616249999996 0.082961 0.12548600000000001 0.04148 0.776757 0.105796928125 0.31633616249999996
0 0.17890625 0.92734375 0.1296875 0.1453125 0.105796928125 0.31633616249999996 0.17890625 0.92734375
0 0.51171875 0.62421875 0.1328125 0.1328125
0 0.49140625 0.04140625 0.1359375 0.0828125
0 0.04375 0.4796875 0.0875 0.1296875
0 0.80703125 0.0375 0.125 0.075
0 0.9671875 0.9625 0.065625 0.075