0 0.2671875 0.6171875 0.175 0.1640625
0 0.728125 0.446875 0.16875 0.153125
0 0.4234375 0.7734375 0.16875 0.1484375
0 0.9046875 0.6234375 0.184375 0.16875
0 0.21640625 0.0484375 0.1671875 0.096875
0 0.5921875 0.609375 0.153125 0.140625
0 0.4125 0.1796875 0.16875 0.1640625
0 0.2578125 0.3421875 0.1171875 0.140625
0 0.42578125 0.46875 0.121875 0.1453125
0 0.5609375 0.303125 0.1375 0.1640625
0 0.7125 0.165625 0.1484375 0.1453125
0 0.88125 0.29296875 0.121875 0.1296875
0 0.546875 0.0546875 0.1953125 0.109375
0 0.053125 0.1703125 0.10625 0.1296875
0 0.08203125 0.490625 0.1640625 0.184375
0 0.09765625 0.76171875 0.140625 0.15625
0 0.2796875 0.9234375 0.15625 0.153125
0 0.6890625 0.9390625 0.1796875 0.121875
0 0.81875 0.7953125 0.1453125 0.16875
0 0.87578125 0.03828125 0.2109375 0.0765625
0 0.19641719375 0.20028579062500002 0.9858930000000001 0.43862500000000004 0.096875 0.1015625 0.19641719375 0.20028579062500002
0 0.9515625 0.94921875 0.19641719375 0.20028579062500002 0.028214 0.149506 0.9515625 0.94921875
0 0.98125 0.440625 0.0375 0.1515625
0 0.01171875 0.9265625 0.0234375 0.14375
0 0.990625 0.4390625 0.01875 0.1453125
0 0.9859375 0.13984375 0.028125 0.14375
0 0.01640625 0.92734375 0.0328125 0.1421875
0 0.978125 0.1484375 0.04375 0.1390625