0 0.259375 0.9359375 0.14375 0.121875
0 0.7796875 0.046875 0.1921875 0.09375
0 0.884375 0.1796875 0.184375 0.1875
0 0.1796875 0.7484375 0.140625 0.1609375
0 0.94921875 0.3609375 0.0859375 0.1765625
0 0.0461135828125 0.28667273125000003 0.034058 0.13353299999999999 0.017029 0.37393299999999996 0.0461135828125 0.28667273125000003
0 0.06875 0.57421875 0.10625 0.10625 0.0461135828125 0.28667273125000003 0.06875 0.57421875
0 0.06171875 0.98203125 0.1234375 0.0359375
0 0.0125 0.37265625 0.025 0.1375
0 0.0125 0.8609375 0.025 0.10625
0 0.01640625 0.86171875 0.0328125 0.1125
0 0.00859375 0.375 0.0171875 0.1296875