0 0.3125 0.7109375 0.15625 0.125
0 0.38671875 0.821875 0.1484375 0.1296875
0 0.9296875 0.8125 0.1328125 0.125
0 0.890625 0.30546875 0.125 0.134375
0 0.6421875 0.353125 0.1296875 0.075
0 0.5234375 0.09765625 0.1484375 0.078125
0 0.35546875 0.546875 0.1953125 0.1875
0 0.09375 0.58203125 0.140625 0.125
0 0.0859375 0.3421875 0.1171875 0.1328125
0 0.9296875 0.5640625 0.140625 0.140625
0 0.08203125 0.86328125 0.1640625 0.140625
0 0.92578125 0.96484375 0.1484375 0.0703125
0 0.359375 0.3359375 0.0859375 0.075
0 0.0984375 0.0984375 0.13125 0.134375
0 0.63046875 0.8296875 0.125 0.084375