0 0.44347812500000006 0.6799078125 0.47733593750000003 0.6400109375 0.478996875 0.573515625 0.43911875 0.54026875 0.40339375000000005 0.49455312500000004 0.343575 0.499540625 0.3047328125 0.573515625 0.289778125 0.6416734374999999 0.3097171875 0.6824015625000001 0.3761828125 0.71481875 0.44347812500000006 0.6799078125
0 0.41259375 0.7668703125 0.28057656249999996 0.797303125 0.28717187499999997 0.8752718749999999 0.3064671875 0.9272453125 0.36313125 0.9462296875 0.38068124999999997 0.93615625 0.43485781250000005 0.897546875 0.463059375 0.8515124999999999 0.41259375 0.7668703125
0 0.415215625 0.26426875 0.4751015625 0.274678125 0.52978125 0.22783281249999998 0.5467046875 0.17317968749999998 0.545403125 0.0872953125 0.5180640624999999 0.0664765625 0.4490640625 0.030040624999999998 0.374675 0.06868437499999999 0.354028125 0.0768859375 0.3331984375 0.1302375 0.3462171875 0.2317375 0.415215625 0.26426875
0 0.8208546875 0.28719375 0.8297593750000001 0.2189625 0.8465765624999999 0.191275 0.8327265625000001 0.11117812499999999 0.7797390625 0.0847953125 0.6692703125 0.119140625 0.647725 0.1774921875 0.652671875 0.2299015625 0.7090625 0.26945625 0.749625 0.2892328125 0.8208546875 0.28719375
0 0.976375 0.11314375000000002 0.9406874999999999 0.11652499999999999 0.90551875 0.15636406249999998 0.8668328125 0.2559609375 0.9184140624999999 0.29345625000000003 0.95358125 0.323921875 0.9946109375000001 0.3297796875 0.9984375 0.11652499999999999 0.976375 0.11314375000000002
0 0.728346875 0.33580625 0.63848125 0.37221875 0.63613125 0.469678125 0.7217609375 0.5278343750000001 0.7601843749999999 0.53441875 0.8073890625000001 0.4971109375 0.8227593750000001 0.4411484375 0.7931171875 0.37640625 0.728346875 0.33580625
0 0.8643015625 0.43695312499999994 0.8625562499999999 0.4945015625 0.9201328125 0.5511796875 0.9602609375 0.545075 0.9984375 0.5311234375 0.9984375 0.42125781250000005 0.9108953124999999 0.38739218750000004 0.8643015625 0.43695312499999994
0 0.6723828125 0.7317421875 0.7447874999999999 0.7308703125 0.778809375 0.71343125 0.7857890624999999 0.6602421875 0.75961875 0.57740625 0.7276687500000001 0.5597109375 0.6915734375 0.5625828125 0.6610421875 0.5878703125 0.6165515625 0.6183875 0.62701875 0.68465625 0.6723828125 0.7317421875
0 0.9984375 0.6680906249999999 0.9846875 0.603565625 0.9663671875000001 0.5704312500000001 0.86945 0.5695265625 0.8346406249999999 0.5887421875000001 0.8110875 0.6454187499999999 0.8407484375 0.7674937500000001 0.9262390625 0.777084375 0.9768359375 0.7561578124999999 0.9984375 0.6680906249999999
0 0.8808765624999999 0.78506875 0.852 0.8083750000000001 0.798875 0.9655640625 0.8712796875000001 0.9984375 0.9497921874999999 0.988234375 0.9984375 0.9350453125 0.9984375 0.8347703125000001 0.9480484375 0.7946609375 0.8808765624999999 0.78506875
0 0.5932734375 0.9067078125 0.6439171875 0.9432015625 0.7192937500000001 0.9714546875 0.7828921875 0.93966875 0.787603125 0.8596187499999999 0.7228265625 0.7795671875 0.6203609375 0.8066437499999999 0.5932734375 0.9067078125
0 0.4226140625 0.29438906249999997 0.38313593749999997 0.298903125 0.3639609375 0.311315625 0.3357640625 0.3970765625 0.339146875 0.4410859375 0.3470421875 0.4738109375 0.37411249999999996 0.48848125 0.40795000000000003 0.4929953125 0.4553234375 0.478325 0.46885937499999997 0.4726828125 0.4914171875 0.4535 0.49705625 0.4286734375 0.49028906250000004 0.39256406250000003 0.47900937499999996 0.366609375 0.46321874999999996 0.3429125 0.45081249999999995 0.3203421875 0.4226140625 0.29438906249999997
0 0 0.44482499999999997 0.021671875 0.4408390625 0.057528125 0.4408390625 0.07611875 0.4341953125 0.10135156249999999 0.41293749999999996 0.11463125 0.38769375 0.13056718750000001 0.3544796875 0.13056718750000001 0.333221875 0.10135156249999999 0.30665 0.074790625 0.298678125 0.05620000000000001 0.29469218750000004 0.036279687500000005 0.2880484375 0.021671875 0.2840640625 0.006140625 0.280990625 0 0.44482499999999997
0 0.0076343750000000005 0.182403125 0.023 0.188403125 0.040264062499999996 0.1990328125 0.0601828125 0.1990328125 0.08940000000000001 0.1977046875 0.1066625 0.195046875 0.13056718750000001 0.17113125 0.1345515625 0.132603125 0.1398625 0.100715625 0.13056718750000001 0.0768015625 0.115959375 0.062185937499999996 0.08940000000000001 0.054215625 0.052215625 0.056871875 0.0415921875 0.056871875 0.0083921875 0.058199999999999995 0 0.0608578125 0.0076343750000000005 0.182403125
0 0.001659375 0.44679843750000003 0 0.586984375 0.0030796875 0.5976140625 0.023 0.6135578125000001 0.0349515625 0.6148859375 0.046903125000000004 0.6148859375 0.0708078125 0.6109 0.08674375 0.5923 0.08940000000000001 0.5723703125 0.088071875 0.540484375 0.078775 0.5232125 0.0654953125 0.49796874999999996 0.050887499999999995 0.47538281250000003 0.0336234375 0.4607671875 0.02034375 0.455453125 0.001659375 0.44679843750000003
0 0.889465625 0 0.8918546875000001 0.015518750000000001 0.8918546875000001 0.028345312499999997 0.898271875 0.0485015625 0.9019375000000001 0.061328125 0.9046875 0.07781875 0.9221015625 0.0915609375 0.9477671875 0.0961421875 0.9880968749999999 0.1025546875 0.9984375 0.10347031250000001 0.9984375 0.0878953125 0.9984375 0.06865625 0.9984375 0.041171875000000004 0.9984375 0.008190625 0.9984375 0 0.9514328125 0 0.9395171875000001 0 0.9101874999999999 0 0.889465625 0
0 0.7312078125 0.0673890625 0.72194375 0.0554828125 0.7126781249999999 0.046221875 0.690178125 0.014471875 0.6903328125 0 0.13394 0.210059 0.932663 0.221739 0.76433800625 0.067716853125 0.7510609374999999 0.074003125 0.7312078125 0.0673890625
0 0.38515625 0.6078125 0.18125 0.2140625
0 0.4390625 0.15078125 0.215625 0.25
0 0.74921875 0.19140625 0.2046875 0.2125
0 0.73359375 0.4390625 0.1953125 0.1984375
0 0.93203125 0.465625 0.1359375 0.16875
0 0.90390625 0.6765625 0.1921875 0.2
0 0.88984375 0.8984375 0.1890625 0.2015625
0 0.36171875 0.8484375 0.1953125 0.1828125
0 0.6921875 0.86796875 0.196875 0.19375
0 0.41796875 0.3953125 0.165625 0.2015625
0 0.06171875 0.36875 0.1234375 0.1703125
0 0.071875 0.13671875 0.14375 0.1640625
0 0.70078125 0.64453125 0.16875 0.1703125
0 0.946875 0.06015625 0.10625 0.1203125
0 0.7765625 0.0359375 0.190625 0.071875
0 0.0359375 0.5484375 0.071875 0.2046875
0 0.43671875 0.02109375 0.184375 0.0421875
0 0.98359375 0.9015625 0.0328125 0.1796875