0 0.8609375 0.453125 0.1765625 0.15625
0 0.47265625 0.82421875 0.1875 0.15625
0 0.0625 0.4671875 0.125 0.1375
0 0.66796875 0.665625 0.1484375 0.16875
0 0.25390625 0.6484375 0.15625 0.1484375
0 0.859375 0.82421875 0.15625 0.15625
0 0.0765625 0.8671875 0.153125 0.1640625
0 0.634375 0.29296875 0.16875 0.15625
0 0.161065228125 0.1485145140625 0.046497 0.16731100000000002 0.9767509999999999 0.640332 0.161065228125 0.1485145140625
0 0.64453125 0.971875 0.1625 0.05625
0 0.2625 0.97421875 0.171875 0.0515625
0 0.259375 0.2875 0.146875 0.15625