0 0.4609375 0.4359375 0.203125 0.2078125
0 0.0796875 0.21640625 0.159375 0.2078125
0 0.91796875 0.921875 0.15625 0.1484375
0 0.7109375 0.0859375 0.2109375 0.171875
0 0.16015625 0.5234375 0.21875 0.171875
0 0.7421875 0.8296875 0.1875 0.2
0 0.66015625 0.546875 0.1875 0.1875
0 0.5859375 0.2671875 0.203125 0.1828125
0 0.9046875 0.19140625 0.184375 0.1953125
0 0.38125 0.1546875 0.2078125 0.2
0 0.228125 0.8046875 0.1765625 0.1953125
0 0.9359375 0.478125 0.1140625 0.1921875
0 0.54296875 0.73046875 0.2109375 0.1796875
0 0.353125 0.6234375 0.1765625 0.1921875
0 0.259375 0.321875 0.2078125 0.1765625
0 0.7671875 0.359375 0.1765625 0.171875
0 0.84375 0.66015625 0.1875 0.1953125
0 0.0625 0.6796875 0.125 0.1796875
0 0.1109375 0.946875 0.2 0.0984375
0 0.41796875 0.9078125 0.1640625 0.1765625
0 0.165625 0.06875 0.184375 0.1375
0 0.48828125 0.0421875 0.215625 0.084375
0 0.946875 0.0421875 0.10625 0.084375
0 0.30506018125 0.313718459375 0.946875 0.7640625 0.187579 0.054269 0.30506018125 0.313718459375
0 0.30506018125 0.313718459375 0.10625 0.17421875 0.6035280000000001 0.972865 0.30506018125 0.313718459375
0 0.028125 0.409375 0.05625 0.1953125
0 0.03203125 0.01953125 0.0640625 0.0390625
0 0.03203125 0.01875 0.0640625 0.0359375