0 0.5171875 0.7046875 0.1921875 0.184375
0 0.4296875 0.94921875 0.171875 0.0859375
0 0.62890625 0.0234375 0.1328125 0.046875
0 0.41015625 0.5171875 0.1328125 0.1375
0 0.303125 0.33984375 0.1296875 0.1375
0 0.525 0.228125 0.1453125 0.153125
0 0.7171875 0.14453125 0.1484375 0.1375
0 0.82421875 0.3421875 0.1296875 0.153125
0 0.9125 0.06875 0.140625 0.1375
0 0.93359375 0.5296875 0.1328125 0.1453125
0 0.84375 0.790625 0.153125 0.1484375
0 0.6328125 0.8890625 0.171875 0.1453125
0 0.328125 0.803125 0.16875 0.1453125
0 0.22265625 0.625 0.1796875 0.1453125
0 0.0859375 0.446875 0.1484375 0.1328125
0 0.19921875 0.1703125 0.1453125 0.140625
0 0.3921875 0.05859375 0.1328125 0.1171875
0 0.053125 0.71484375 0.10625 0.1640625
0 0.115625 0.9078125 0.15625 0.15625 0.9405889999999999 0.9547760000000001 0.118821 0.090448 0.115625 0.9078125
0 0.03828125 0.25390625 0.0765625 0.140625
0 0.09453125 0.03359375 0.1515625 0.0671875
0 0.9859375 0.69375 0.0265625 0.1359375
0 0.98125 0.69765625 0.0375 0.1390625
0 0.98671875 0.246875 0.0265625 0.1546875
0 0.98984375 0.69296875 0.0203125 0.134375
0 0.9921875 0.24921875 0.015625 0.1546875