0 0.4046875 0.2625 0.1609375 0.15625
0 0.4234375 0.6546875 0.1609375 0.153125
0 0.625 0.4546875 0.15625 0.1609375
0 0.6234375 0.0921875 0.1765625 0.153125
0 0.63671875 0.82421875 0.1640625 0.1484375
0 0.821875 0.65625 0.1453125 0.15625
0 0.22265625 0.478125 0.1640625 0.153125
0 0.9609375 0.4609375 0.0703125 0.1640625
0 0.228125 0.859375 0.1296875 0.1171875
0 0.9546875 0.0796875 0.0828125 0.1453125
0 0.8046875 0.2734375 0.1484375 0.140625
0 0.8421875 0.9609375 0.1453125 0.0625
0 0.1609375 0.15625 0.21328125 0.10078125 0.081642 0.125894 0.040821 0.291065 0.1609375 0.15625
0 0.4109375 0.96875 0.1921875 0.0625
0 0.0375 0.65859375 0.075 0.1609375
0 0.03984375 0.965625 0.0796875 0.06875
0 0.97734375 0.821875 0.0453125 0.1609375
0 0.98515625 0.82265625 0.0296875 0.1625