0 0.7984375 0.57421875 0.153125 0.1484375
0 0.6796875 0.3109375 0.125 0.140625
0 0.571875 0.4859375 0.1375 0.1609375
0 0.390625 0.396875 0.153125 0.153125
0 0.1796875 0.28515625 0.203125 0.1921875
0 0.19375 0.7890625 0.1609375 0.16875
0 0.4046875 0.8453125 0.16875 0.1953125
0 0.6390625 0.9234375 0.1453125 0.153125
0 0.11328125 0.9296875 0.203125 0.140625
0 0.95859375 0.64453125 0.0828125 0.1796875
0 0.2984375 0.5796875 0.1921875 0.1921875
0 0.078125 0.06640625 0.15625 0.1328125
0 0.08203125 0.5015625 0.1375 0.171875 0.970083 0.193006 0.059835000000000006 0.130196 0.08203125 0.5015625
0 0.31328125 0.9765625 0.178125 0.046875
0 0.30546875 0.98515625 0.1703125 0.0296875
0 0.03359375 0.68515625 0.0671875 0.1328125