0 0.28125 0.3421875 0.21875 0.1921875
0 0.5171875 0.728125 0.2078125 0.16875
0 0.1859375 0.171875 0.2 0.15625
0 0.19921875 0.634375 0.1953125 0.1609375
0 0.3921875 0.078125 0.16875 0.15625
0 0.728125 0.6234375 0.1765625 0.1765625
0 0.3109375 0.8109375 0.1609375 0.1609375
0 0.51171875 0.265625 0.1484375 0.1375
0 0.7109375 0.1640625 0.1765625 0.15625
0 0.92578125 0.06875 0.1484375 0.1375
0 0.82421875 0.3671875 0.153125 0.1640625
0 0.921875 0.546875 0.15625 0.1484375
0 0.61875 0.44921875 0.1609375 0.15625
0 0.3890625 0.55078125 0.153125 0.1484375
0 0.103125 0.45703125 0.15625 0.15625
0 0.04296875 0.7328125 0.0859375 0.1640625
0 0.0953125 0.915625 0.16875 0.15625
0 0.62421875 0.91953125 0.1640625 0.1609375
0 0.4140625 0.95859375 0.162160590625 0.1028905984375 0.143613 0.082164 0.4140625 0.95859375
0 0.162160590625 0.1028905984375 0.9281929999999999 0.958918 0.15625 0.0828125 0.162160590625 0.1028905984375
0 0.08359375 0.034375 0.1671875 0.06875
0 0.6015625 0.0265625 0.1578125 0.053125
0 0.971875 0.253125 0.05625 0.15
0 0.02578125 0.26484375 0.0515625 0.1578125
0 0.975 0.72109375 0.05 0.1640625
0 0.82421875 0.80625 0.1171875 0.1015625
0 0.98359375 0.7234375 0.0328125 0.159375