0 0.7734375 0.9140625 0.21875 0.1640625
0 0.821875 0.7359375 0.246875 0.215625
0 0.9703125 0.3765625 0.059375 0.234375
0 0.5921875 0.72265625 0.2 0.2109375
0 0.44921875 0.1546875 0.2109375 0.1921875
0 0.26171875 0.03125 0.1875 0.0625
0 0.0765625 0.1796875 0.153125 0.1484375
0 0.83984375 0.5625 0.140625 0.184375
0 0.6796875 0.0375 0.25 0.075
0 0.196875 0.353125 0.1796875 0.15625
0 0.44140625 0.921875 0.265625 0.1484375
0 0.11577165781250001 0.3432912984375 0.097505 0.201351 0.048753000000000005 0.49376 0.11577165781250001 0.3432912984375
0 0.19375 0.94921875 0.2234375 0.1015625 0.11577165781250001 0.3432912984375 0.19375 0.94921875
0 0.975 0.74921875 0.05 0.196875
0 0.02890625 0.046875 0.0578125 0.09375
0 0.26171875 0.746875 0.1984375 0.1984375
0 0.06796875 0.67109375 0.1359375 0.2578125
0 0.98203125 0.7578125 0.0359375 0.196875