0 0.28515625 0.09765625 0.2265625 0.1953125
0 0.2109375 0.6484375 0.1875 0.1640625
0 0.234375 0.2796875 0.1875 0.1765625
0 0.07421875 0.1 0.1484375 0.1375
0 0.671875 0.134375 0.203125 0.16875
0 0.890625 0.1421875 0.1875 0.1765625
0 0.44375 0.26171875 0.1765625 0.140625
0 0.0765625 0.2734375 0.153125 0.1953125
0 0.38671875 0.6859375 0.1640625 0.1375
0 0.23046875 0.47265625 0.2109375 0.1796875
0 0.196875 0.8296875 0.23125 0.1921875
0 0.953125 0.41015625 0.0859375 0.1640625
0 0.5296875 0.94921875 0.1765625 0.09375
0 0.13671875 0.9765625 0.15625 0.0390625
0 0.05625 0.64140625 0.1125 0.1609375
0 0.03125 0.946875 0.0625 0.0984375
0 0.0375 0.8296875 0.075 0.1453125
0 0.3671875 0.8296875 0.140625 0.1375
0 0.62890625 0.49609375 0.1640625 0.171875
0 0.428125 0.5859375 0.1375 0.1375
0 0.17520025156250002 0.1927065703125 0.48561699999999997 0.110096 0.1484375 0.1609375 0.17520025156250002 0.1927065703125
0 0.5953125 0.69140625 0.17520025156250002 0.1927065703125 0.167334 0.1948 0.5953125 0.69140625
0 0.64375 0.315625 0.1421875 0.1375
0 0.8 0.28359375 0.1328125 0.1296875
0 0.89453125 0.021875 0.18125 0.04375
0 0.07421875 0.0234375 0.1484375 0.046875
0 0.0609375 0.4296875 0.121875 0.1375
0 0.69453125 0.0203125 0.184375 0.040625