0 0.8609375 0.44140625 0.1375 0.1484375
0 0.6796875 0.03515625 0.1796875 0.0703125
0 0.3921875 0.634375 0.1453125 0.1375
0 0.521875 0.17578125 0.1296875 0.153125
0 0.84765625 0.14453125 0.125 0.1328125
0 0.54375 0.46171875 0.15625 0.1390625
0 0.3609375 0.3140625 0.1265625 0.1375
0 0.2125 0.48828125 0.1484375 0.1453125
0 0.06640625 0.6 0.125 0.1640625
0 0.25 0.7828125 0.1640625 0.1640625
0 0.703125 0.60546875 0.125 0.1484375
0 0.728125 0.9078125 0.16875 0.15625
0 0.4078125 0.91640625 0.121875 0.11875
0 0.0609375 0.9203125 0.121875 0.125
0 0.9546875 0.03828125 0.090625 0.0765625 0.3106439328125 0.1269012140625 0.9546875 0.03828125
0 0.3106439328125 0.1269012140625 0.062919 0.160988 0.96854 0.27742300000000003 0.3106439328125 0.1269012140625
0 0.8859375 0.978125 0.159375 0.04375
0 0.98671875 0.58515625 0.0265625 0.1453125
0 0.55078125 0.77734375 0.0984375 0.0984375
0 0.884375 0.9859375 0.15625 0.028125
0 0.99140625 0.58671875 0.0171875 0.1421875
0 0.9921875 0.88984375 0.015625 0.14375