0 0.5859375 0.2421875 0.1328125 0.1640625
0 0.36015625 0.071875 0.1453125 0.14375
0 0.5859375 0.6109375 0.1484375 0.1609375
0 0.959375 0.60546875 0.075 0.1328125
0 0.16796875 0.25390625 0.1484375 0.1640625
0 0.415625 0.7984375 0.1296875 0.121875
0 0.36875 0.453125 0.1484375 0.1484375
0 0.771875 0.415625 0.1296875 0.140625
0 0.7828125 0.0609375 0.1171875 0.121875
0 0.96875 0.24609375 0.0625 0.109375
0 0.03515625 0.8203125 0.0703125 0.121875
0 0.2015625 0.94921875 0.140625 0.1015625
0 0.615625 0.9625 0.1296875 0.075
0 0.80859375 0.7984375 0.1453125 0.1375
0 0.0375 0.453125 0.075 0.171875 0.967877 0.966174 0.064167 0.067557 0.0375 0.453125