0 0.66015625 0.5921875 0.2109375 0.215625
0 0.6546875 0.1171875 0.2 0.2109375
0 0.0765625 0.4046875 0.153125 0.2
0 0.8734375 0.4984375 0.2234375 0.1921875
0 0.13671875 0.1234375 0.2578125 0.215625
0 0.540625 0.40625 0.184375 0.1875
0 0.34765625 0.4921875 0.2421875 0.234375
0 0.234375 0.3046875 0.21875 0.1875
0 0.928125 0.2046875 0.1375 0.16875
0 0.1421875 0.59765625 0.2234375 0.2109375
0 0.728125 0.2984375 0.1765625 0.16875
0 0.06640625 0.88125 0.1328125 0.2
0 0.25390625 0.78515625 0.21875 0.1953125
0 0.9359375 0.696875 0.121875 0.2078125
0 0.5546875 0.8921875 0.1953125 0.184375
0 0.4359375 0.196875 0.16875 0.1453125
0 0.4515625 0.7046875 0.1375 0.15625
0 0.765625 0.7984375 0.1765625 0.153125
0 0.86875 0.9546875 0.1875 0.090625
0 0.3453125 0.94921875 0.2234375 0.1015625
0 0.2263874546875 0.1098025296875 0.34296875 0.0640625 0.17810600000000001 0.11391599999999999 0.2263874546875 0.1098025296875
0 0.2263874546875 0.1098025296875 0.1796875 0.128125 0.846598 0.056962 0.2263874546875 0.1098025296875
0 0.9734375 0.40234375 0.053125 0.190625
0 0.025 0.67890625 0.05 0.1953125
0 0.5375 0.0171875 0.21875 0.034375
0 0.14296875 0.9828125 0.2125 0.034375
0 0.146875 0.9875 0.21875 0.025
0 0.99140625 0.89296875 0.0171875 0.1875
0 0.01171875 0.221875 0.0234375 0.178125
0 0.659375 0.9875 0.1921875 0.025
0 0.9875 0.88359375 0.025 0.1890625
0 0.009375 0.22578125 0.01875 0.178125