0 0.28515625 0.046875 0.171875 0.09375
0 0.5859375 0.04296875 0.1484375 0.0859375
0 0.4359375 0.1640625 0.140625 0.1140625
0 0.775 0.16015625 0.121875 0.121875
0 0.915625 0.0453125 0.1453125 0.090625
0 0.6109375 0.2875 0.1140625 0.1171875
0 0.80078125 0.4671875 0.140625 0.153125
0 0.9515625 0.30625 0.09375 0.109375
0 0.9546875 0.578125 0.090625 0.153125
0 0.646875 0.6109375 0.1328125 0.1328125
0 0.81875 0.759375 0.1328125 0.121875
0 0.6703125 0.9203125 0.1328125 0.109375
0 0.96484375 0.90625 0.0703125 0.1328125
0 0.5 0.78515625 0.1328125 0.1328125
0 0.47265625 0.4765625 0.1609375 0.1375
0 0.134375 0.46875 0.1328125 0.1328125
0 0.2828125 0.3140625 0.1609375 0.140625
0 0.10651528750000001 0.1727582078125 0.04215 0.139053 0.021075 0.338079 0.10651528750000001 0.1727582078125
0 0.29140625 0.6046875 0.121875 0.128125
0 0.01328125 0.33671875 0.0265625 0.140625
0 0.82734375 0.9921875 0.1375 0.015625
0 0.82890625 0.98828125 0.1390625 0.0234375