0 0.5171875 0.44375 0.2546875 0.2
0 0.52734375 0.2359375 0.1609375 0.1765625
0 0.696875 0.3265625 0.1640625 0.184375
0 0.334375 0.1078125 0.21875 0.1953125
0 0.30625 0.8296875 0.1875 0.2234375
0 0.4828125 0.87109375 0.1796875 0.246875
0 0.6171875 0.6953125 0.215625 0.184375
0 0.09765625 0.890625 0.1921875 0.215625
0 0.834375 0.0609375 0.2 0.121875
0 0.7875 0.6 0.153125 0.171875
0 0.59140625 0.07734375 0.23125 0.1546875
0 0.09453125 0.03828125 0.1890625 0.0765625
0 0.08203125 0.65625 0.1640625 0.184375
0 0.91796875 0.4171875 0.1640625 0.184375
0 0.23758671874999998 0.18772740000000002 0.91796875 0.21875 0.189565 0.10486899999999999 0.23758671874999998 0.18772740000000002
0 0.23758671874999998 0.18772740000000002 0.1640625 0.184375 0.677961 0.947565 0.23758671874999998 0.18772740000000002
0 0.96328125 0.88828125 0.0734375 0.1296875
0 0.96328125 0.46484375 0.0734375 0.1765625
0 0.2765625 0.98671875 0.175 0.0265625
0 0.9484375 0.68125 0.1 0.14375