0 0.09765625 0.2171875 0.1953125 0.2234375
0 0.3046875 0.6171875 0.2109375 0.21875
0 0.9046875 0.790625 0.1765625 0.2
0 0.19921875 0.890625 0.2109375 0.2109375
0 0.603125 0.7109375 0.23125 0.21875
0 0.10546875 0.7109375 0.2109375 0.203125
0 0.37890625 0.353125 0.15625 0.2078125
0 0.8984375 0.3046875 0.1953125 0.2109375
0 0.196875 0.4359375 0.2390625 0.2
0 0.7109375 0.415625 0.21875 0.2078125
0 0.609375 0.2421875 0.234375 0.21875
0 0.4984375 0.9296875 0.2078125 0.125
0 0.8109375 0.6 0.2 0.16875
0 0.2984375 0.1421875 0.1921875 0.2
0 0.7171875 0.9046875 0.215625 0.184375
0 0.4046875 0.796875 0.1921875 0.1953125
0 0.50625 0.5296875 0.2 0.184375
0 0.4984375 0.06640625 0.2 0.1328125
0 0.9671875 0.51171875 0.059375 0.1953125
0 0.040625 0.53515625 0.078125 0.1921875
0 0.8109375 0.14453125 0.21875 0.1765625
0 0.5236160765625 0.0730852515625 0.7101740000000001 0.030499 0.202032 0.060870999999999995 0.5236160765625 0.0730852515625
0 0.5236160765625 0.0730852515625 0.0703125 0.1765625 0.96484375 0.08984375 0.5236160765625 0.0730852515625
0 0.17734375 0.01953125 0.1875 0.0390625
0 0.9640625 0.93515625 0.071875 0.1296875
0 0.03125 0.05234375 0.0625 0.1046875