0 0.4296875 0.4390625 0.1640625 0.16875
0 0.39453125 0.171875 0.1375 0.153125
0 0.6953125 0.16015625 0.1453125 0.109375
0 0.93515625 0.096875 0.1296875 0.128125
0 0.95703125 0.321875 0.0859375 0.1609375
0 0.7015625 0.3890625 0.1296875 0.1296875
0 0.740625 0.65234375 0.140625 0.109375
0 0.790625 0.928125 0.171875 0.1328125
0 0.4765625 0.703125 0.1375 0.109375
0 0.178125 0.76953125 0.1765625 0.1640625
0 0.0703125 0.509375 0.140625 0.15625
0 0.07421875 0.25625 0.1484375 0.1375 0.47928699999999996 0.9694689999999999 0.129885 0.06103499999999999 0.07421875 0.25625
0 0.9765625 0.60078125 0.046875 0.1546875
0 0.2140625 0.9828125 0.19375 0.034375
0 0.98359375 0.59140625 0.0328125 0.1375
0 0.19296875 0.9875 0.1734375 0.025