0 0.5234375 0.2984375 0.1796875 0.1609375
0 0.7421875 0.19921875 0.171875 0.1640625
0 0.634375 0.48046875 0.1765625 0.1953125
0 0.41015625 0.56640625 0.1875 0.1796875
0 0.4453125 0.11875 0.15625 0.140625
0 0.203125 0.1890625 0.1609375 0.1375
0 0.3203125 0.3828125 0.140625 0.1171875
0 0.9375 0.5859375 0.125 0.1609375
0 0.93359375 0.12890625 0.125 0.125
0 0.7328125 0.66796875 0.1640625 0.140625
0 0.84765625 0.865625 0.203125 0.1484375
0 0.6421875 0.9390625 0.171875 0.121875
0 0.34375 0.859375 0.140625 0.1453125
0 0.2265625 0.671875 0.1453125 0.1328125
0 0.0484375 0.28671875 0.096875 0.1296875
0 0.1109375 0.4921875 0.1171875 0.140625
0 0.12109375 0.04296875 0.16875 0.0859375
0 0.65 0.0453125 0.140625 0.090625
0 0.0296875 0.7640625 0.059375 0.1375
0 0.146623075 0.16686315625 0.979804 0.30756100000000003 0.1484375 0.10625 0.146623075 0.16686315625
0 0.1234375 0.94140625 0.146623075 0.16686315625 0.040272999999999996 0.14890399999999998 0.1234375 0.94140625
0 0.98515625 0.30703125 0.0296875 0.1453125
0 0.9375 0.98359375 0.125 0.0328125