0 0.9296875 0.1734375 0.1328125 0.1609375
0 0.75390625 0.75 0.1640625 0.15625
0 0.5609375 0.9296875 0.16875 0.1328125
0 0.9453125 0.5609375 0.1015625 0.16875
0 0.3359375 0.384375 0.15625 0.1453125
0 0.946875 0.928125 0.0984375 0.1375
0 0.546875 0.553125 0.1640625 0.1609375
0 0.759375 0.37890625 0.15625 0.1328125
0 0.3578125 0.7515625 0.1375 0.153125
0 0.134375 0.19140625 0.1609375 0.1328125 0.747846 0.032318 0.14951 0.064637 0.134375 0.19140625
0 0.3453125 0.02421875 0.15 0.0484375
0 0.0203125 0.7484375 0.040625 0.1546875
0 0.15625 0.590625 0.1515625 0.146875
0 0.0140625 0.75 0.028125 0.146875