0 0.571875 0.91796875 0.1375 0.1171875
0 0.4921875 0.7171875 0.1796875 0.16875
0 0.2984375 0.0796875 0.1375 0.1296875
0 0.7671875 0.63125 0.1296875 0.1375
0 0.69140625 0.4234375 0.1328125 0.1296875
0 0.359375 0.296875 0.15625 0.15625
0 0.1171875 0.5859375 0.15625 0.1328125
0 0.446875 0.509375 0.121875 0.1296875
0 0.1796875 0.7671875 0.140625 0.1140625
0 0.82421875 0.8671875 0.1640625 0.1171875
0 0.94921875 0.35 0.09375 0.1140625
0 0.0546875 0.3984375 0.109375 0.1171875
0 0.6265625 0.21484375 0.15625 0.153125
0 0.93515625 0.1203125 0.1296875 0.171875
0 0.2796875 0.96953125 0.1375 0.0609375 0.021543 0.154596 0.043087 0.153244 0.2796875 0.96953125
0 0.56171875 0.0375 0.1859375 0.075
0 0.9859375 0.5640625 0.028125 0.1359375