0 0.9140625 0.046875 0.171875 0.09375
0 0.92578125 0.290625 0.1484375 0.203125
0 0.759375 0.1390625 0.2 0.1640625
0 0.4203125 0.2265625 0.153125 0.1640625
0 0.56015625 0.05625 0.1921875 0.1125
0 0.6015625 0.35546875 0.1609375 0.1875
0 0.8109375 0.446875 0.15625 0.2078125
0 0.6859375 0.634375 0.1796875 0.1765625
0 0.8828125 0.7578125 0.16875 0.2078125
0 0.9625 0.56875 0.075 0.1953125
0 0.49609375 0.53125 0.184375 0.2
0 0.290625 0.4140625 0.1640625 0.1765625
0 0.10546875 0.275 0.1765625 0.1828125
0 0.15 0.5921875 0.1953125 0.2
0 0.35 0.728125 0.1640625 0.1953125
0 0.5546875 0.83203125 0.1875 0.2265625
0 0.43046875 0.95859375 0.1796875 0.0828125
0 0.2015625 0.8890625 0.2 0.16875
0 0.13365706718749998 0.27686703281249997 0.09375 0.234375 0.046875 0.7984375 0.13365706718749998 0.27686703281249997
0 0.13365706718749998 0.27686703281249997 0.754873 0.938322 0.159199 0.12335700000000001 0.13365706718749998 0.27686703281249997
0 0.03125 0.45703125 0.0625 0.190625
0 0.9390625 0.97734375 0.121875 0.04375
0 0.9859375 0.0953125 0.028125 0.171875