0 0.95078125 0.86640625 0.0984375 0.1296875
0 0.30625 0.4296875 0.1921875 0.1609375
0 0.28515625 0.15 0.1140625 0.0859375
0 0.90625 0.396875 0.1875 0.15625
0 0.85859375 0.0484375 0.1015625 0.096875
0 0.9359375 0.5546875 0.10625 0.10625
0 0.6078125 0.6328125 0.121875 0.1015625
0 0.66015625 0.8890625 0.121875 0.10625
0 0.365625 0.69375 0.09375 0.1328125
0 0.4203125 0.9390625 0.1640625 0.121875
0 0.08586137187500001 0.4939780640625 0.09375 0.1328125 0.046875 0.7671875 0.08586137187500001 0.4939780640625
0 0.08586137187500001 0.4939780640625 0.07528599999999999 0.9781510000000001 0.15015 0.043455 0.08586137187500001 0.4939780640625
0 0.01953125 0.4765625 0.0390625 0.1484375
0 0.07734375 0.984375 0.1546875 0.03125