0 0.2109375 0.84765625 0.1953125 0.1640625
0 0.0859375 0.4046875 0.171875 0.1609375
0 0.1796875 0.0859375 0.1953125 0.140625
0 0.9234375 0.8984375 0.1375 0.1953125
0 0.7734375 0.94921875 0.15625 0.0859375
0 0.50390625 0.28125 0.1953125 0.2109375
0 0.740625 0.15 0.1171875 0.125
0 0.8828125 0.0875 0.109375 0.125
0 0.9625 0.2328125 0.075 0.1328125
0 0.8375 0.290625 0.109375 0.1015625
0 0.9453125 0.4515625 0.109375 0.140625
0 0.953125 0.6859375 0.09375 0.1640625
0 0.84765625 0.75390625 0.15625 0.1640625
0 0.665625 0.8203125 0.1609375 0.153125
0 0.509375 0.6546875 0.153125 0.1296875
0 0.38671875 0.5171875 0.0984375 0.0859375
0 0.2265625 0.58203125 0.140625 0.140625
0 0.2953125 0.375 0.121875 0.0984375
0 0.28515625 0.2109375 0.140625 0.140625
0 0.42578125 0.046875 0.1796875 0.09375
0 0.353125 0.759375 0.1484375 0.1484375
0 0.16875 0.09375 0.5296875 0.953125 0.157881 0.051519999999999996 0.081281 0.025759999999999998 0.16875 0.09375
0 0.17578125 0.9671875 0.1875 0.065625
0 0.35 0.9625 0.1515625 0.075