0 0.69921875 0.9359375 0.1875 0.1140625
0 0.26171875 0.6421875 0.203125 0.1921875
0 0.578125 0.7421875 0.1875 0.1875
0 0.8875 0.815625 0.1875 0.153125
0 0.478125 0.0921875 0.2 0.1765625
0 0.3671875 0.81875 0.234375 0.2
0 0.47265625 0.5546875 0.1953125 0.1796875
0 0.078125 0.73046875 0.15625 0.1640625
0 0.16796875 0.915625 0.1953125 0.1609375
0 0.3671875 0.34765625 0.203125 0.1875
0 0.94140625 0.07421875 0.109375 0.1484375
0 0.78515625 0.1796875 0.1875 0.15625
0 0.25390625 0.1796875 0.2109375 0.1796875
0 0.16015625 0.4859375 0.1953125 0.2
0 0.56640625 0.2671875 0.1875 0.175
0 0.6625 0.4609375 0.2 0.1953125
0 0.88671875 0.3609375 0.1640625 0.1375
0 0.0765625 0.290625 0.1484375 0.203125
0 0.6859375 0.053125 0.2078125 0.1015625
0 0.1421875 0.046875 0.215625 0.090625
0 0.946875 0.540625 0.10625 0.1765625
0 0.4796875 0.953125 0.21875 0.09375
0 0.091665234375 0.22066045937499998 0.038294 0.174662 0.019147 0.5646410000000001 0.091665234375 0.22066045937499998
0 0.940625 0.95234375 0.11875 0.0921875 0.091665234375 0.22066045937499998 0.940625 0.95234375
0 0.01953125 0.0921875 0.0390625 0.178125
0 0.0140625 0.09453125 0.028125 0.171875
0 0.76953125 0.634375 0.1359375 0.1140625
0 0.02265625 0.9671875 0.0453125 0.065625