0 0.1171875 0.69140625 0.140625 0.140625
0 0.5296875 0.66015625 0.153125 0.1328125
0 0.9296875 0.6421875 0.1328125 0.1375
0 0.3109375 0.09765625 0.153125 0.15625
0 0.9234375 0.28515625 0.121875 0.1171875
0 0.31875 0.478125 0.1375 0.1296875
0 0.5234375 0.2984375 0.1484375 0.1296875
0 0.73046875 0.103125 0.1640625 0.1375
0 0.321875 0.85546875 0.1453125 0.1328125
0 0.125 0.30859375 0.1609375 0.15625 0.946226 0.964751 0.107548 0.070498 0.125 0.30859375
0 0.53046875 0.97421875 0.140625 0.05
0 0.5109375 0.01328125 0.1640625 0.025
0 0.50703125 0.0078125 0.1609375 0.015625
0 0.11484375 0.9875 0.1453125 0.025
0 0.1125 0.984375 0.1359375 0.03125
0 0.11015625 0.99140625 0.1375 0.0171875
0 0.1140625 0.0078125 0.1453125 0.015625
0 0.0078125 0.1296875 0.015625 0.153125