0 0.38671875 0.9046875 0.2265625 0.184375
0 0.7984375 0.728125 0.2390625 0.23125
0 0.7984375 0.2359375 0.2390625 0.2234375
0 0.446875 0.15625 0.2078125 0.21875
0 0.7046875 0.5171875 0.2234375 0.2234375
0 0.57421875 0.3296875 0.2265625 0.2234375
0 0.165625 0.53515625 0.184375 0.1875
0 0.0796875 0.34765625 0.159375 0.2109375
0 0.2671875 0.7171875 0.2078125 0.184375
0 0.6859375 0.07421875 0.2 0.1484375
0 0.384375 0.0375 0.2109375 0.075
0 0.890625 0.421875 0.1640625 0.1640625
0 0.0765625 0.8125 0.1453125 0.1921875
0 0.046875 0.6171875 0.09375 0.2
0 0.1859375 0.95703125 0.1953125 0.0859375
0 0.890625 0.91171875 0.21875 0.1765625
0 0.94921875 0.64453125 0.1015625 0.2078125
0 0.44650505625000003 0.0963826640625 0.8794409999999999 0.034125 0.205063 0.068249 0.44650505625000003 0.0963826640625
0 0.44650505625000003 0.0963826640625 0.10625 0.1453125 0.946875 0.1546875 0.44650505625000003 0.0963826640625
0 0.03046875 0.16640625 0.0609375 0.1734375