0 0.3671875 0.7671875 0.2109375 0.2
0 0.921875 0.76171875 0.1484375 0.171875
0 0.3921875 0.2359375 0.16875 0.1765625
0 0.6546875 0.7671875 0.153125 0.16875
0 0.940625 0.05703125 0.11875 0.1140625
0 0.47265625 0.071875 0.1796875 0.14375
0 0.6859375 0.5296875 0.1765625 0.2
0 0.6859375 0.265625 0.1765625 0.1921875
0 0.7046875 0.071875 0.1921875 0.140625
0 0.9375 0.515625 0.125 0.2234375
0 0.40625 0.4828125 0.2 0.1953125
0 0.11328125 0.4828125 0.2109375 0.203125
0 0.125 0.23046875 0.234375 0.203125
0 0.08984375 0.7328125 0.1609375 0.2234375
0 0.184375 0.1171875 0.1421875 0.05859375 0.07496699999999999 0.16970000000000002 0.962398 0.8560779999999999 0.184375 0.1171875
0 0.728125 0.31015625 0.1875 0.1734375
0 0.18125 0.82734375 0.1890625 0.1890625
0 0.09375 0.978125 0.1875 0.04375