0 0.8984375 0.06640625 0.1484375 0.1328125
0 0.1875 0.165625 0.1484375 0.1640625
0 0.6953125 0.1734375 0.1453125 0.1453125
0 0.38125 0.0765625 0.140625 0.1140625
0 0.475 0.271875 0.153125 0.1296875
0 0.7984375 0.35546875 0.140625 0.125
0 0.9609375 0.265625 0.078125 0.1328125
0 0.9125 0.546875 0.1484375 0.153125
0 0.96484375 0.734375 0.0703125 0.1296875
0 0.8046875 0.81875 0.1328125 0.1375
0 0.71484375 0.6390625 0.153125 0.1375
0 0.6078125 0.459375 0.1609375 0.153125
0 0.28125 0.3671875 0.15625 0.153125
0 0.3921875 0.5484375 0.121875 0.125
0 0.50390625 0.740625 0.1640625 0.1609375
0 0.6015625 0.9125 0.1484375 0.1296875
0 0.2875 0.828125 0.184375 0.1609375
0 0.19375 0.646875 0.153125 0.1328125
0 0.08984375 0.46875 0.153125 0.1453125
0 0.0328125 0.753125 0.065625 0.1375
0 0.1 0.92578125 0.153125 0.1453125 0.936094 0.974944 0.12421 0.049679 0.1 0.92578125
0 0.4046875 0.97578125 0.13125 0.046875
0 0.58359375 0.025 0.1546875 0.05
0 0.01953125 0.26953125 0.0390625 0.146875
0 0.0125 0.271875 0.025 0.146875