0 0.5796875 0.29296875 0.10625 0.121875
0 0.8453125 0.25390625 0.09375 0.10625
0 0.89453125 0.5234375 0.1171875 0.1296875
0 0.6421875 0.5609375 0.125 0.140625
0 0.671875 0.8203125 0.10625 0.1296875
0 0.9296875 0.77734375 0.1296875 0.1296875
0 0.3578125 0.5859375 0.1328125 0.1140625
0 0.396875 0.8578125 0.125 0.1296875
0 0.103125 0.8890625 0.1140625 0.1140625
0 0.29296875 0.3453125 0.121875 0.1296875
0 0.26171875 0.0609375 0.1328125 0.121875
0 0.52734375 0.046875 0.1765625 0.09375
0 0.83515625 0.0328125 0.1171875 0.065625
0 0.0625 0.6390625 0.125 0.1453125
0 0.03515625 0.3828125 0.0703125 0.121875 0.024685000000000002 0.101548 0.049370000000000004 0.14795799999999998 0.03515625 0.3828125
0 0.953125 0.9875 0.09375 0.025
0 0.01640625 0.0984375 0.0328125 0.146875
0 0.9515625 0.990625 0.096875 0.01875
0 0.95 0.9859375 0.1 0.028125