0 0.76171875 0.0921875 0.2109375 0.184375
0 0.66796875 0.53515625 0.2109375 0.2265625
0 0.2421875 0.76171875 0.234375 0.2109375
0 0.9296875 0.79296875 0.1328125 0.21875
0 0.37890625 0.5859375 0.2421875 0.234375
0 0.41796875 0.0796875 0.1953125 0.153125
0 0.1171875 0.12890625 0.203125 0.2109375
0 0.8046875 0.37890625 0.1796875 0.21875
0 0.0625 0.5796875 0.125 0.1609375
0 0.16015625 0.4296875 0.1640625 0.1640625
0 0.25625 0.25 0.1171875 0.1375
0 0.484375 0.4046875 0.171875 0.1765625
0 0.61328125 0.26953125 0.1875 0.203125
0 0.91171875 0.23203125 0.1765625 0.1921875
0 0.071875 0.921875 0.121875 0.125
0 0.384375 0.9 0.140625 0.1375
0 0.5296875 0.740625 0.1765625 0.1484375
0 0.834375 0.93359375 0.184375 0.1328125
0 0.21079361875 0.0589283296875 0.075 0.1453125 0.0375 0.296875 0.21079361875 0.0589283296875
0 0.2609375 0.9671875 0.2140625 0.065625