0 0.59765625 0.41796875 0.1953125 0.1875
0 0.7171875 0.69140625 0.1765625 0.15625
0 0.19140625 0.234375 0.1875 0.15625
0 0.5859375 0.8734375 0.171875 0.153125
0 0.3890625 0.3265625 0.1375 0.1171875
0 0.6859375 0.2203125 0.109375 0.1296875
0 0.30078125 0.5390625 0.1609375 0.16875
0 0.9203125 0.7953125 0.140625 0.1484375
0 0.8203125 0.9453125 0.1484375 0.109375
0 0.75625 0.0453125 0.1265625 0.090625
0 0.26015625 0.05 0.1796875 0.1
0 0.1171875 0.05 0.05859375 0.025 0.098295 0.099008 0.40204399999999996 0.799949 0.1171875 0.05
0 0.01875 0.6265625 0.0375 0.140625
0 0.209375 0.70703125 0.1109375 0.10625
0 0.0125 0.625 0.025 0.14375
0 0.0125 0.1484375 0.025 0.1375
0 0.515625 0.98671875 0.16875 0.0265625
0 0.0171875 0.1515625 0.034375 0.13125