0 0.6421875 0.6859375 0.1453125 0.1375
0 0.446875 0.3421875 0.16875 0.2
0 0.5609375 0.0546875 0.1765625 0.109375
0 0.3515625 0.1328125 0.16875 0.171875
0 0.125 0.22265625 0.16875 0.16875
0 0.23046875 0.415625 0.1640625 0.153125
0 0.5640625 0.5015625 0.1640625 0.140625
0 0.7640625 0.3984375 0.16875 0.153125
0 0.86875 0.11875 0.1765625 0.1484375
0 0.93125 0.3125 0.1375 0.140625
0 0.8828125 0.58203125 0.1375 0.1375
0 0.453125 0.790625 0.1484375 0.1296875
0 0.1484375 0.7046875 0.153125 0.1375
0 0.0546875 0.515625 0.109375 0.15625
0 0.259375 0.88125 0.1515625 0.1296875
0 0.77734375 0.88671875 0.1765625 0.140625
0 0.0625 0.9359375 0.125 0.1171875
0 0.06171875 0.0640625 0.1140625 0.128125 0.56071 0.9565239999999999 0.108017 0.086953 0.06171875 0.0640625
0 0.9609375 0.775 0.078125 0.1125
0 0.74453125 0.015625 0.165625 0.03125
0 0.00859375 0.80234375 0.0171875 0.125