0 0.2109375 0.3109375 0.203125 0.2078125
0 0.5234375 0.38671875 0.21875 0.1953125
0 0.8734375 0.1234375 0.2 0.184375
0 0.7046875 0.23046875 0.184375 0.1796875
0 0.5609375 0.08203125 0.184375 0.1640625
0 0.3421875 0.4921875 0.215625 0.21875
0 0.16015625 0.6484375 0.1640625 0.15625
0 0.08203125 0.13671875 0.1640625 0.171875
0 0.228125 0.0625 0.1609375 0.125
0 0.36328125 0.2046875 0.16875 0.1453125
0 0.139275503125 0.23149787812499997 0.640773 0.96777 0.200344 0.06445999999999999 0.139275503125 0.23149787812499997
0 0.75546875 0.02109375 0.1875 0.0421875
0 0.03203125 0.765625 0.0640625 0.18125
0 0.021875 0.034375 0.04375 0.06875