0 0.7046875 0.8734375 0.1609375 0.1453125
0 0.5234375 0.421875 0.15625 0.15625
0 0.821875 0.1171875 0.16875 0.15625
0 0.8421875 0.7109375 0.1609375 0.171875
0 0.853125 0.9609375 0.16875 0.0625
0 0.5078125 0.1265625 0.1453125 0.1296875
0 0.359375 0.2875 0.1375 0.1375
0 0.7015625 0.56640625 0.1375 0.1484375
0 0.828125 0.4 0.1453125 0.1484375
0 0.521875 0.7328125 0.1484375 0.1375
0 0.3671875 0.5859375 0.1484375 0.1484375
0 0.196875 0.4546875 0.109375 0.1296875
0 0.04296875 0.5953125 0.0859375 0.1171875
0 0.18125 0.74375 0.1375 0.1375
0 0.3765625 0.88671875 0.1609375 0.140625
0 0.0609375 0.890625 0.121875 0.1640625
0 0.1640625 0.1265625 0.1375 0.1375
0 0.9625 0.25625 0.075 0.1015625
0 0.665625 0.02734375 0.1484375 0.0546875
0 0.51640625 0.97265625 0.1484375 0.0546875
0 0.95546875 0.02734375 0.0890625 0.0546875
0 0.21875 0.97265625 0.1484375 0.0546875
0 0.075 0.1359375 0.9625 0.540625 0.075518 0.06683700000000001 0.037759 0.033469 0.075 0.1359375
0 0.97421875 0.853125 0.0515625 0.1421875
0 0.0328125 0.3046875 0.065625 0.1484375
0 0.32265625 0.025 0.1203125 0.05