0 0.8109375 0.103125 0.1921875 0.16875
0 0.5296875 0.046875 0.1609375 0.09375
0 0.1234375 0.671875 0.1765625 0.1484375
0 0.94140625 0.7421875 0.109375 0.171875
0 0.4046875 0.7484375 0.1609375 0.1296875
0 0.9296875 0.2796875 0.1328125 0.1609375
0 0.28515625 0.109375 0.1796875 0.171875
0 0.53515625 0.9359375 0.15625 0.121875
0 0.3921875 0.2875 0.153125 0.1140625
0 0.60546875 0.1796875 0.1453125 0.1296875
0 0.7328125 0.37890625 0.1453125 0.1328125
0 0.521875 0.4671875 0.1875 0.1375
0 0.8359375 0.55859375 0.15625 0.1140625
0 0.6109375 0.6484375 0.121875 0.0984375
0 0.73046875 0.83984375 0.1796875 0.171875
0 0.3046875 0.571875 0.153125 0.1328125
0 0.18359375 0.3890625 0.153125 0.153125
0 0.0953125 0.19453125 0.190625 0.1671875
0 0.040625 0.478125 0.08125 0.171875
0 0.19375 0.8578125 0.1640625 0.1609375
0 0.05234375 0.9359375 0.1046875 0.128125
0 0.04609375 0.05390625 0.0921875 0.1078125
0 0.96796875 0.484375 0.0640625 0.175
0 0.1828351453125 0.075968434375 0.9671875 0.040625 0.177564 0.039416 0.1828351453125 0.075968434375
0 0.1828351453125 0.075968434375 0.065625 0.08125 0.313238 0.9802390000000001 0.1828351453125 0.075968434375
0 0.98515625 0.9265625 0.0296875 0.140625
0 0.98046875 0.9265625 0.0390625 0.1421875
0 0.309375 0.98515625 0.175 0.0296875