0 0.44921875 0.884375 0.1875 0.215625
0 0.9390625 0.9046875 0.1140625 0.1453125
0 0.23046875 0.8984375 0.2109375 0.15625
0 0.7734375 0.696875 0.1640625 0.1453125
0 0.44375 0.671875 0.1375 0.15625
0 0.0625 0.853125 0.125 0.2078125
0 0.0609375 0.6234375 0.121875 0.0828125
0 0.0484375 0.46640625 0.096875 0.1359375
0 0.9390625 0.48828125 0.1015625 0.125
0 0.6703125 0.859375 0.1921875 0.10625
0 0.203006765625 0.123915315625 0.959005 0.06673799999999999 0.171875 0.0703125 0.203006765625 0.123915315625
0 0.69140625 0.96484375 0.203006765625 0.123915315625 0.08199 0.13306800000000002 0.69140625 0.96484375
0 0.94140625 0.71640625 0.1171875 0.1203125
0 0.05625 0.97734375 0.1125 0.0453125