0 0.2484375 0.7421875 0.2546875 0.1953125
0 0.134375 0.41015625 0.1453125 0.1796875
0 0.48046875 0.94140625 0.1640625 0.109375
0 0.734375 0.31640625 0.15625 0.15625
0 0.7171875 0.66796875 0.184375 0.2265625
0 0.16796875 0.06875 0.1953125 0.1375
0 0.5234375 0.2421875 0.1640625 0.1796875
0 0.90234375 0.8921875 0.1953125 0.215625
0 0.04296875 0.946875 0.0859375 0.0984375
0 0.56640625 0.0859375 0.1875 0.1640625
0 0.15625 0.225 0.21875 0.2078125
0 0.94140625 0.1109375 0.109375 0.153125
0 0.0953125 0.571875 0.1328125 0.1453125
0 0.2671875 0.603125 0.109375 0.1140625
0 0.4828125 0.3890625 0.1484375 0.121875
0 0.6796875 0.49375 0.15625 0.1296875
0 0.9 0.68125 0.15625 0.1609375
0 0.9125 0.4859375 0.15625 0.1796875
0 0.93125 0.31875 0.1375 0.140625
0 0.71875 0.0625 0.1484375 0.125
0 0.2875 0.39453125 0.15625 0.15625
0 0.42578125 0.81875 0.1015625 0.1171875
0 0.66015625 0.95703125 0.16875 0.0859375
0 0.33984375 0.209375 0.153125 0.1765625 0.14623025625 0.1877755515625 0.33984375 0.209375
0 0.14623025625 0.1877755515625 0.052661 0.177337 0.026397999999999998 0.38266100000000003 0.14623025625 0.1877755515625
0 0.98515625 0.91015625 0.0296875 0.178125
0 0.859375 0.978125 0.1984375 0.0421875
0 0.978125 0.64921875 0.04375 0.215625
0 0.3859375 0.04765625 0.1765625 0.0953125
0 0.98203125 0.90546875 0.0359375 0.184375
0 0.98359375 0.64453125 0.0328125 0.1921875
0 0.8578125 0.9828125 0.215625 0.034375
0 0.03125 0.05859375 0.0625 0.1171875
0 0.015625 0.37734375 0.03125 0.1875