0 0.48046875 0.8671875 0.1640625 0.140625
0 0.240625 0.04296875 0.171875 0.0859375
0 0.0546875 0.078125 0.109375 0.140625
0 0.1234375 0.27734375 0.1375 0.1609375
0 0.3453125 0.18125 0.1640625 0.1484375
0 0.55 0.0640625 0.159375 0.128125
0 0.6546875 0.2640625 0.153125 0.1453125
0 0.8671875 0.16796875 0.121875 0.1171875
0 0.7734375 0.459375 0.125 0.0984375
0 0.8921875 0.65 0.15625 0.1484375
0 0.665625 0.74375 0.15625 0.1171875
0 0.5546875 0.553125 0.1484375 0.1484375
0 0.453125 0.359375 0.15625 0.1328125
0 0.2328125 0.4625 0.1296875 0.1171875
0 0.35546875 0.6625 0.1640625 0.1328125
0 0.7671875 0.946875 0.1609375 0.1015625
0 0.13671875 0.76171875 0.1296875 0.1171875
0 0.2375 0.94296875 0.15625 0.1140625
0 0.05859375 0.578125 0.1171875 0.153125
0 0.95234375 0.359375 0.0828125 0.1453125
0 0.20973396875 0.12342774062499999 0.763971 0.027861999999999998 0.139652 0.055723999999999996 0.20973396875 0.12342774062499999
0 0.20973396875 0.12342774062499999 0.0828125 0.1453125 0.95859375 0.846875 0.20973396875 0.12342774062499999
0 0.05546875 0.9859375 0.1109375 0.028125
0 0.05234375 0.9828125 0.1046875 0.034375