0 0.1421875 0.56640625 0.184375 0.203125
0 0.3296875 0.9359375 0.1921875 0.1140625
0 0.671875 0.6546875 0.1875 0.1765625
0 0.509375 0.81875 0.2 0.2
0 0.3359375 0.6796875 0.203125 0.1953125
0 0.6734375 0.9296875 0.23125 0.125
0 0.8421875 0.82421875 0.1765625 0.15625
0 0.47265625 0.51171875 0.171875 0.15625
0 0.040625 0.40390625 0.08125 0.1296875
0 0.10814557656249998 0.3806326109375 0.089027 0.181994 0.044514 0.701937 0.10814557656249998 0.3806326109375
0 0.15234375 0.83984375 0.1609375 0.1140625 0.10814557656249998 0.3806326109375 0.15234375 0.83984375
0 0.95546875 0.93828125 0.0890625 0.1234375
0 0.05546875 0.9484375 0.1109375 0.103125
0 0.02578125 0.103125 0.0515625 0.1609375
0 0.315625 0.396875 0.1046875 0.109375