0 0.790625 0.6171875 0.1921875 0.1796875
0 0.6796875 0.4359375 0.203125 0.1921875
0 0.571875 0.2484375 0.1921875 0.1921875
0 0.4609375 0.07421875 0.1875 0.1484375
0 0.9484375 0.0796875 0.09375 0.159375
0 0.0796875 0.25390625 0.153125 0.1796875
0 0.5609375 0.7171875 0.1609375 0.1765625
0 0.8609375 0.34765625 0.16875 0.171875
0 0.4546875 0.53515625 0.16875 0.1796875
0 0.3734375 0.81875 0.2 0.1765625
0 0.88671875 0.8109375 0.1640625 0.1296875
0 0.26171875 0.165625 0.203125 0.1765625
0 0.946875 0.53515625 0.0984375 0.171875
0 0.2421875 0.6234375 0.1796875 0.1765625
0 0.959375 0.946875 0.075 0.0984375
0 0.390625 0.365625 0.1796875 0.15625
0 0.7828125 0.1625 0.1640625 0.1796875
0 0.1484375 0.4375 0.153125 0.1375
0 0.06875 0.7125 0.1375 0.15625
0 0.16171875 0.91171875 0.1796875 0.1765625
0 0.69453125 0.91171875 0.2234375 0.1765625
0 0.4625 0.96171875 0.1875 0.0765625
0 0.14140625 0.03828125 0.19375 0.0765625
0 0.67890625 0.03046875 0.1984375 0.0609375 0.019123 0.082721 0.038203 0.165055 0.67890625 0.03046875
0 0.021875 0.55078125 0.04375 0.1578125
0 0.0328125 0.96484375 0.065625 0.0703125
0 0.01484375 0.54921875 0.0296875 0.1625
0 0.0125 0.0796875 0.025 0.159375