0 0.3984375 0.6171875 0.2109375 0.203125
0 0.90234375 0.6171875 0.1875 0.2109375
0 0.5796875 0.0765625 0.184375 0.153125
0 0.196875 0.7171875 0.2 0.1765625
0 0.8984375 0.1234375 0.1953125 0.184375
0 0.6109375 0.51171875 0.2234375 0.1796875
0 0.51171875 0.31875 0.2265625 0.2
0 0.7984375 0.37890625 0.2078125 0.1484375
0 0.7046875 0.69140625 0.1921875 0.1875
0 0.9546875 0.3046875 0.075 0.203125
0 0.259375 0.421875 0.1671875 0.171875
0 0.17578125 0.25390625 0.1921875 0.1609375
0 0.3828125 0.15 0.23125 0.1953125
0 0.69140625 0.234375 0.2234375 0.16875
0 0.59140625 0.94296875 0.1796875 0.1140625
0 0.509375 0.8125 0.10625 0.1140625
0 0.8140625 0.8921875 0.203125 0.203125
0 0.3125 0.9 0.2390625 0.2
0 0.103125 0.9609375 0.1953125 0.078125
0 0.0484375 0.815625 0.096875 0.190625
0 0.09765625 0.52734375 0.1796875 0.2
0 0.96484375 0.80859375 0.0703125 0.2109375
0 0.09765625 0.07421875 0.1953125 0.1484375
0 0.19526895625000001 0.05302894375 0.2671875 0.02734375 0.185446 0.040242 0.19526895625000001 0.05302894375
0 0.19526895625000001 0.05302894375 0.190625 0.0546875 0.907277 0.9798790000000001 0.19526895625000001 0.05302894375
0 0.90546875 0.9859375 0.1890625 0.028125