0 0.8109375 0.671875 0.16875 0.15625
0 0.953125 0.8109375 0.0859375 0.1609375
0 0.1484375 0.72265625 0.171875 0.1796875
0 0.6484375 0.5484375 0.171875 0.16875
0 0.12890625 0.1234375 0.1640625 0.1453125
0 0.303125 0.259375 0.109375 0.1140625
0 0.46484375 0.1015625 0.121875 0.1375
0 0.6390625 0.21875 0.10625 0.140625
0 0.9390625 0.2421875 0.121875 0.109375
0 0.803125 0.384375 0.1375 0.1484375
0 0.48828125 0.3828125 0.1484375 0.125
0 0.32421875 0.5640625 0.125 0.140625
0 0.5140625 0.696875 0.1296875 0.1453125
0 0.6859375 0.83203125 0.1171875 0.140625
0 0.84765625 0.9546875 0.1640625 0.090625
0 0.51171875 0.9625 0.125 0.075
0 0.35 0.86328125 0.1375 0.140625
0 0.1640625 0.42578125 0.1453125 0.1296875
0 0.03515625 0.584375 0.0703125 0.1375
0 0.075 0.125 0.0375 0.290625 0.093067 0.14705200000000002 0.9534670000000001 0.523571 0.075 0.125
0 0.7765625 0.09140625 0.1203125 0.1140625
0 0.2921875 0.0203125 0.153125 0.040625
0 0.0234375 0.03125 0.046875 0.0625
0 0.2953125 0.01484375 0.1546875 0.0296875