0 0.7796875 0.7171875 0.2 0.184375
0 0.5796875 0.8109375 0.2 0.1765625
0 0.2484375 0.7171875 0.2 0.1921875
0 0.87890625 0.4296875 0.2265625 0.1953125
0 0.64140625 0.071875 0.1984375 0.14375
0 0.9359375 0.1546875 0.121875 0.2078125
0 0.34765625 0.4609375 0.1796875 0.1484375
0 0.06875 0.3421875 0.1375 0.16875
0 0.47265625 0.6171875 0.203125 0.171875
0 0.44140625 0.1421875 0.1796875 0.1921875
0 0.66015625 0.509375 0.1875 0.1765625
0 0.3734375 0.915625 0.1765625 0.1453125
0 0.546875 0.3671875 0.1875 0.15625
0 0.26171875 0.2421875 0.1875 0.1796875
0 0.078125 0.81640625 0.15625 0.15625
0 0.8734375 0.91015625 0.2 0.1640625
0 0.76171875 0.24609375 0.2 0.171875
0 0.9453125 0.61953125 0.109375 0.1953125
0 0.66796875 0.953125 0.2078125 0.09375
0 0.16484375 0.96015625 0.2078125 0.0796875
0 0.85234375 0.03203125 0.196875 0.0640625
0 0.3453125 0.02578125 0.184375 0.0515625
0 0.056085696875 0.143941028125 0.1375 0.121875 0.13984375 0.0609375 0.056085696875 0.143941028125
0 0.056085696875 0.143941028125 0.019237999999999998 0.153928 0.038466 0.161402 0.056085696875 0.143941028125
0 0.01328125 0.1546875 0.0265625 0.1609375
0 0.02109375 0.65390625 0.0421875 0.1796875
0 0.98671875 0.32109375 0.0265625 0.1703125
0 0.99140625 0.3234375 0.0171875 0.1640625
0 0.0140625 0.66953125 0.028125 0.178125