0 0.5859375 0.0625 0.1484375 0.125
0 0.91015625 0.1171875 0.1484375 0.1484375
0 0.5296875 0.7671875 0.1765625 0.1765625
0 0.3109375 0.8734375 0.184375 0.16875
0 0.171875 0.22265625 0.140625 0.1640625
0 0.09765625 0.94921875 0.1796875 0.0859375
0 0.3921875 0.5859375 0.1171875 0.1375
0 0.49375 0.3203125 0.1375 0.125
0 0.38671875 0.15234375 0.1453125 0.1328125
0 0.6859375 0.2171875 0.1328125 0.0984375
0 0.7984375 0.40234375 0.1328125 0.1453125
0 0.91015625 0.58984375 0.1640625 0.1328125
0 0.7046875 0.6890625 0.1328125 0.1296875
0 0.5875 0.49375 0.1484375 0.1375
0 0.8203125 0.87109375 0.1296875 0.15625
0 0.6421875 0.94921875 0.1765625 0.1015625
0 0.1796875 0.66796875 0.1453125 0.1453125
0 0.078125 0.5015625 0.15625 0.140625
0 0.090625 0.04453125 0.18125 0.0890625
0 0.04921875 0.796875 0.0984375 0.18125
0 0.09718512500000001 0.1862615890625 0.058791 0.159897 0.029396 0.306953 0.09718512500000001 0.1862615890625
0 0.95 0.771875 0.1 0.18125 0.09718512500000001 0.1862615890625 0.95 0.771875
0 0.965625 0.30859375 0.0671875 0.1359375
0 0.396875 0.978125 0.171875 0.04375
0 0.91328125 0.9828125 0.153125 0.034375
0 0.2828125 0.40390625 0.1140625 0.0984375
0 0.9109375 0.98671875 0.15 0.0265625