0 0.1171875 0.13671875 0.1640625 0.1640625
0 0.12890625 0.446875 0.140625 0.1375
0 0.9234375 0.0234375 0.1375 0.046875
0 0.93359375 0.2359375 0.125 0.1296875
0 0.7734375 0.109375 0.171875 0.140625
0 0.290625 0.290625 0.140625 0.1375
0 0.45703125 0.1078125 0.1375 0.125
0 0.60546875 0.2484375 0.1296875 0.1328125
0 0.7875 0.40234375 0.109375 0.1015625
0 0.953125 0.546875 0.09375 0.10625
0 0.9546875 0.8296875 0.090625 0.1328125
0 0.6421875 0.5796875 0.1328125 0.121875
0 0.4625 0.71484375 0.1171875 0.1453125
0 0.45703125 0.4234375 0.121875 0.1484375
0 0.30625 0.56875 0.171875 0.1375
0 0.13671875 0.71484375 0.1453125 0.1375
0 0.33984375 0.85546875 0.1328125 0.121875
0 0.65 0.853125 0.1171875 0.1296875
0 0.8359375 0.96640625 0.140625 0.0671875
0 0.09959561875 0.441807109375 0.065625 0.140625 0.0328125 0.86875 0.09959561875 0.441807109375
0 0.09959561875 0.441807109375 0.159238 0.970594 0.159553 0.058501000000000004 0.09959561875 0.441807109375
0 0.49609375 0.96640625 0.140625 0.0671875
0 0.6078125 0.021875 0.16875 0.04375
0 0.27265625 0.025 0.1515625 0.05
0 0.025 0.04375 0.05 0.0875
0 0.028125 0.57890625 0.05625 0.1359375
0 0.0171875 0.27421875 0.034375 0.1515625
0 0.01171875 0.26875 0.0234375 0.1484375
0 0.00859375 0.2703125 0.0171875 0.1484375