0 0.9359375 0.853125 0.121875 0.1609375
0 0.5234375 0.1109375 0.171875 0.2
0 0.31640625 0.6796875 0.1796875 0.1796875
0 0.6390625 0.30625 0.1140625 0.09375
0 0.7359375 0.0375 0.125 0.075
0 0.82421875 0.196875 0.1296875 0.1140625
0 0.946875 0.390625 0.10625 0.1328125
0 0.7359375 0.47265625 0.09375 0.0859375
0 0.834375 0.6578125 0.0984375 0.0828125
0 0.44375 0.85 0.153125 0.1140625
0 0.24375 0.94921875 0.15625 0.1015625
0 0.2265625 0.4828125 0.125 0.1171875
0 0.0453125 0.5765625 0.090625 0.1171875
0 0.125 0.7890625 0.0984375 0.1140625
0 0.12890625 0.30625 0.171875 0.1296875
0 0.046875 0.1078125 0.09375 0.1140625