0 0.209375 0.196875 0.140625 0.1875
0 0.8109375 0.140625 0.171875 0.1796875
0 0.84375 0.3921875 0.15625 0.1875
0 0.521875 0.44375 0.184375 0.1796875
0 0.446875 0.15 0.1296875 0.140625
0 0.30078125 0.7203125 0.140625 0.15625
0 0.5921875 0.73046875 0.1921875 0.16875
0 0.90234375 0.6734375 0.1765625 0.1796875
0 0.9296875 0.93359375 0.140625 0.1328125
0 0.61328125 0.9453125 0.16875 0.109375
0 0.33203125 0.9625 0.125 0.075
0 0.0743446109375 0.4907018140625 0.078125 0.1875 0.0390625 0.7359375 0.0743446109375 0.4907018140625
0 0.0743446109375 0.4907018140625 0.068354 0.9711719999999999 0.136707 0.057239 0.0743446109375 0.4907018140625
0 0.021875 0.484375 0.04375 0.15
0 0.0140625 0.48671875 0.028125 0.1484375