0 0.25 0.35546875 0.1171875 0.109375
0 0.53515625 0.35546875 0.109375 0.1015625
0 0.48359375 0.0640625 0.1828125 0.128125
0 0.76953125 0.03515625 0.1015625 0.0703125
0 0.8109375 0.28515625 0.153125 0.125
0 0.86328125 0.5703125 0.140625 0.1328125
0 0.896875 0.8203125 0.1375 0.1375
0 0.57421875 0.6015625 0.140625 0.1375
0 0.625 0.8609375 0.1171875 0.09375
0 0.30078125 0.6625 0.1609375 0.140625
0 0.0939638640625 0.2848659078125 0.045089000000000004 0.147229 0.022544 0.695894 0.0939638640625 0.2848659078125
0 0.3140625 0.9046875 0.125 0.10625 0.0939638640625 0.2848659078125 0.3140625 0.9046875
0 0.965625 0.02890625 0.06875 0.0578125
0 0.02109375 0.95078125 0.0421875 0.0984375
0 0.96875 0.31328125 0.0625 0.1578125
0 0.0171875 0.95078125 0.034375 0.096875