0 0.41796875 0.18125 0.10625 0.075
0 0.73828125 0.15 0.121875 0.1015625
0 0.96640625 0.12109375 0.0671875 0.0859375
0 0.7890625 0.4453125 0.10625 0.1328125
0 0.8140625 0.65 0.1171875 0.1140625
0 0.87578125 0.92734375 0.1609375 0.1453125
0 0.5609375 0.96484375 0.1171875 0.0703125
0 0.521875 0.7203125 0.153125 0.1328125
0 0.4859375 0.459375 0.1296875 0.1140625
0 0.21484375 0.5078125 0.1375 0.1484375
0 0.16796875 0.234375 0.0984375 0.10625
0 0.2123220125 0.5772904249999999 0.1296875 0.1296875 0.23046875 0.7640625 0.2123220125 0.5772904249999999
0 0.2123220125 0.5772904249999999 0.285813 0.975366 0.16097699999999998 0.048831 0.2123220125 0.5772904249999999
0 0.9703125 0.90703125 0.059375 0.1265625
0 0.12421875 0.021875 0.1359375 0.04375
0 0.97421875 0.65 0.0515625 0.128125
0 0.75625 0.02109375 0.16875 0.0421875
0 0.27421875 0.0453125 0.1171875 0.090625
0 0.0078125 0.434375 0.015625 0.1359375
0 0.1265625 0.0140625 0.134375 0.028125