0 0.06875 0.0859375 0.1375 0.171875
0 0.0796875 0.6984375 0.159375 0.1875
0 0.3421875 0.1546875 0.1765625 0.1453125
0 0.546875 0.5296875 0.1640625 0.16875
0 0.290625 0.62109375 0.1875 0.15625
0 0.953125 0.375 0.09375 0.1875
0 0.18493744375 0.1095962515625 0.800117 0.031682 0.178573 0.06331400000000001 0.18493744375 0.1095962515625
0 0.18493744375 0.1095962515625 0.125 0.1171875 0.2359375 0.48046875 0.18493744375 0.1095962515625
0 0.259375 0.02109375 0.1765625 0.0421875
0 0.5875 0.096875 0.140625 0.1390625
0 0.909375 0.2078125 0.14375 0.1234375