0 0.9359375 0.59765625 0.121875 0.1796875
0 0.76171875 0.6859375 0.1796875 0.16875
0 0.87890625 0.87890625 0.1796875 0.1640625
0 0.1234375 0.9359375 0.16875 0.121875
0 0.7359375 0.228125 0.153125 0.153125
0 0.4234375 0.1109375 0.1765625 0.153125
0 0.2171875 0.2171875 0.184375 0.1609375
0 0.31640625 0.3921875 0.1796875 0.153125
0 0.62890625 0.0484375 0.1171875 0.096875
0 0.3359375 0.87890625 0.171875 0.15625
0 0.09765625 0.04296875 0.1796875 0.0859375
0 0.6546875 0.50390625 0.1921875 0.1328125
0 0.53515625 0.3109375 0.1875 0.1453125
0 0.22265625 0.69375 0.1796875 0.1453125
0 0.44140625 0.59375 0.1609375 0.1609375
0 0.5453125 0.78515625 0.1609375 0.153125
0 0.84765625 0.3984375 0.140625 0.1375
0 0.65390625 0.95859375 0.1921875 0.0828125
0 0.1078125 0.4984375 0.1640625 0.1609375
0 0.053125 0.303125 0.10625 0.153125
0 0.040625 0.7765625 0.08125 0.175
0 0.1296875 0.1796875 0.93515625 0.12265625 0.048452 0.175228 0.975774 0.31194500000000003 0.1296875 0.1796875
0 0.9921875 0.778125 0.015625 0.1578125
0 0.95 0.98359375 0.1 0.0328125
0 0.95 0.98671875 0.1 0.0265625
0 0.9875 0.77578125 0.025 0.1640625