0 0.915625 0.63671875 0.1609375 0.2265625
0 0.5484375 0.421875 0.215625 0.21875
0 0.79765625 0.071875 0.1671875 0.14375
0 0.12890625 0.69140625 0.203125 0.2265625
0 0.88671875 0.353125 0.2109375 0.2078125
0 0.32421875 0.7796875 0.1953125 0.2078125
0 0.5296875 0.8921875 0.1921875 0.1921875
0 0.665625 0.2359375 0.23125 0.2
0 0.4359375 0.603125 0.1921875 0.2078125
0 0.634375 0.7171875 0.215625 0.1921875
0 0.4546875 0.1421875 0.1921875 0.2078125
0 0.2796875 0.06875 0.1765625 0.1375
0 0.2359375 0.50390625 0.1921875 0.203125
0 0.3421875 0.3296875 0.2234375 0.2078125
0 0.165625 0.2171875 0.2 0.1921875
0 0.19921875 0.9296875 0.1953125 0.1328125
0 0.071875 0.40390625 0.14375 0.1828125
0 0.8421875 0.8046875 0.1609375 0.1640625
0 0.7484375 0.5375 0.2078125 0.2
0 0.7109375 0.946875 0.1796875 0.0984375
0 0.6 0.03984375 0.171875 0.078125
0 0.934375 0.1640625 0.13125 0.165625
0 0.95390625 0.93125 0.0921875 0.1375
0 0.075 0.9140625 0.0875 0.171875
0 0.0875 0.17109375 0.04375 0.12421875 0.07730000000000001 0.178484 0.038650000000000004 0.8595499999999999 0.0875 0.17109375
0 0.4015625 0.984375 0.2015625 0.03125
0 0.09375 0.0125 0.1875 0.025
0 0.01796875 0.55 0.0359375 0.1703125
0 0.0125 0.5484375 0.025 0.1796875
0 0.009375 0.5484375 0.01875 0.1796875
0 0.09921875 0.00859375 0.1984375 0.0171875