0 0.57421875 0.790625 0.1875 0.1765625
0 0.571875 0.32421875 0.215625 0.1953125
0 0.25625 0.69140625 0.1765625 0.15625
0 0.8921875 0.3984375 0.2 0.171875
0 0.796875 0.6859375 0.1953125 0.184375
0 0.91015625 0.8921875 0.171875 0.2
0 0.696875 0.94375 0.2 0.10625
0 0.9546875 0.603125 0.075 0.184375
0 0.46875 0.59765625 0.15625 0.1640625
0 0.9453125 0.12890625 0.1015625 0.1953125
0 0.1859375 0.94375 0.2078125 0.10625
0 0.171875 0.51171875 0.1875 0.1796875
0 0.47265625 0.1328125 0.16875 0.153125
0 0.67265625 0.0640625 0.1515625 0.128125
0 0.79296875 0.2265625 0.1640625 0.1609375
0 0.35546875 0.396875 0.15625 0.1328125
0 0.69140625 0.5140625 0.1484375 0.140625
0 0.2515625 0.24609375 0.190625 0.1484375
0 0.1546875 0.0703125 0.1609375 0.140625
0 0.06640625 0.3046875 0.1328125 0.1453125
0 0.07421875 0.79296875 0.121875 0.15625
0 0.1136955515625 0.3336614875 0.042402 0.181545 0.021201 0.610722 0.1136955515625 0.3336614875
0 0.3765625 0.89453125 0.16875 0.16875 0.1136955515625 0.3336614875 0.3765625 0.89453125
0 0.3578125 0.015625 0.1828125 0.03125
0 0.88984375 0.01484375 0.190625 0.0296875
0 0.021875 0.1484375 0.04375 0.16875
0 0.0140625 0.153125 0.028125 0.1671875