0 0.571875 0.81640625 0.2 0.1875
0 0.87890625 0.75390625 0.2265625 0.1875
0 0.12890625 0.2984375 0.1796875 0.16875
0 0.0859375 0.9359375 0.171875 0.121875
0 0.25390625 0.51171875 0.1875 0.109375
0 0.3578125 0.6 0.1375 0.1015625
0 0.446875 0.71875 0.1296875 0.1484375
0 0.7265625 0.821875 0.140625 0.1640625
0 0.9546875 0.5921875 0.090625 0.1796875
0 0.209375 0.88125 0.171875 0.1765625
0 0.2203125 0.4046875 0.1765625 0.140625
0 0.0609375 0.178125 0.1140625 0.1609375 0.022487 0.055645 0.044912 0.111061 0.0609375 0.178125
0 0.05546875 0.68515625 0.1109375 0.14375
0 0.2734375 0.60859375 0.1734375 0.1234375
0 0.8765625 0.97578125 0.2109375 0.0484375