0 0.9046875 0.8046875 0.1765625 0.1796875
0 0.2984375 0.87890625 0.1609375 0.15625
0 0.4609375 0.7109375 0.1484375 0.140625
0 0.7046875 0.3734375 0.1609375 0.1609375
0 0.546875 0.5296875 0.109375 0.121875
0 0.38125 0.4390625 0.0984375 0.121875
0 0.25 0.584375 0.090625 0.1375
0 0.05625 0.453125 0.09375 0.1296875
0 0.17578125 0.321875 0.121875 0.153125
0 0.3296875 0.13125 0.125 0.1140625
0 0.11875 0.0375 0.125 0.075
0 0.85234375 0.2359375 0.1328125 0.1140625
0 0.9421875 0.053125 0.115625 0.10625
0 0.75546875 0.95703125 0.24921875 0.0859375 0.451549 0.019505 0.143096 0.038808999999999996 0.75546875 0.95703125
0 0.0203125 0.1875 0.040625 0.1140625
0 0.01796875 0.9421875 0.0359375 0.1109375
0 0.0125 0.9390625 0.025 0.1140625
0 0.45234375 0.0125 0.1453125 0.025
0 0.9859375 0.9375 0.028125 0.125
0 0.01640625 0.1890625 0.0328125 0.125