0 0.78125 0.8984375 0.21875 0.1953125
0 0.8109375 0.540625 0.2546875 0.246875
0 0.23046875 0.2984375 0.2265625 0.1921875
0 0.59765625 0.6859375 0.21875 0.215625
0 0.446875 0.16796875 0.2546875 0.2421875
0 0.6234375 0.3296875 0.2390625 0.2234375
0 0.853125 0.16796875 0.2390625 0.1796875
0 0.415625 0.51171875 0.2390625 0.21875
0 0.94921875 0.3671875 0.09375 0.2109375
0 0.1546875 0.9609375 0.1921875 0.0703125
0 0.56640625 0.975 0.1875 0.04375
0 0.05078125 0.51171875 0.1015625 0.1796875
0 0.0375 0.8921875 0.075 0.184375
0 0.06875 0.1421875 0.1375 0.2078125
0 0.359375 0.9140625 0.2265625 0.171875
0 0.65234375 0.05078125 0.1953125 0.1015625
0 0.229935259375 0.225245953125 0.970324 0.049678 0.059353 0.098996 0.229935259375 0.225245953125
0 0.229935259375 0.225245953125 0.1453125 0.2453125 0.92734375 0.74140625 0.229935259375 0.225245953125
0 0.23359375 0.01875 0.2015625 0.0375