0 0.4921875 0.2671875 0.140625 0.1359375
0 0.09765625 0.25390625 0.1640625 0.1484375
0 0.921875 0.6171875 0.140625 0.1484375
0 0.7421875 0.8125 0.171875 0.15625
0 0.9046875 0.25390625 0.1453125 0.140625
0 0.31640625 0.4359375 0.1484375 0.153125
0 0.5234375 0.6234375 0.1296875 0.1484375
0 0.1414038140625 0.1373957109375 0.709375 0.0703125 0.14377 0.064691 0.1414038140625 0.1373957109375
0 0.1414038140625 0.1373957109375 0.1140625 0.140625 0.11438999999999999 0.967437 0.1414038140625 0.1373957109375
0 0.528125 0.96640625 0.134375 0.0671875
0 0.0125 0.79375 0.025 0.153125