0 0.62890625 0.103125 0.21875 0.2
0 0.7796875 0.2421875 0.1765625 0.171875
0 0.196875 0.62890625 0.2078125 0.1953125
0 0.446875 0.234375 0.2 0.2109375
0 0.0546875 0.7734375 0.109375 0.203125
0 0.23046875 0.365625 0.1875 0.184375
0 0.3515625 0.5234375 0.1453125 0.153125
0 0.56875 0.3890625 0.1921875 0.1328125
0 0.92734375 0.13359375 0.1453125 0.1484375
0 0.0953125 0.18125 0.140625 0.1015625
0 0.18321346562500002 0.13653823437499998 0.809179 0.036836999999999995 0.205871 0.073514 0.18321346562500002 0.13653823437499998
0 0.18321346562500002 0.13653823437499998 0.128125 0.1453125 0.0640625 0.46796875 0.18321346562500002 0.13653823437499998
0 0.4671875 0.01328125 0.1953125 0.0265625
0 0.01953125 0.31328125 0.0390625 0.18125
0 0.46640625 0.00859375 0.1734375 0.0171875
0 0.021875 0.0515625 0.04375 0.103125