0 0.734375 0.8671875 0.1875 0.1796875
0 0.3609375 0.07421875 0.2 0.1484375
0 0.41015625 0.8359375 0.1640625 0.15625
0 0.603125 0.6796875 0.215625 0.2109375
0 0.8984375 0.72265625 0.1796875 0.1640625
0 0.6234375 0.4046875 0.184375 0.1765625
0 0.0625 0.05078125 0.125 0.1015625
0 0.2671875 0.6546875 0.159375 0.1609375
0 0.7671875 0.56640625 0.1765625 0.1953125
0 0.0796875 0.79296875 0.1375 0.15625
0 0.5234375 0.946875 0.1875 0.0984375
0 0.428125 0.51953125 0.090625 0.1015625
0 0.18046875 0.93515625 0.1765625 0.1296875
0 0.1058205046875 0.18634148281250001 0.8547879999999999 0.976733 0.193914 0.046534 0.1058205046875 0.18634148281250001