0 0.6171875 0.8296875 0.1875 0.1765625
0 0.8890625 0.26171875 0.1953125 0.2078125
0 0.70703125 0.1 0.21875 0.171875
0 0.509375 0.29296875 0.2078125 0.21875
0 0.665625 0.4859375 0.1765625 0.1296875
0 0.2984375 0.484375 0.1921875 0.1875
0 0.72265625 0.9359375 0.15625 0.121875
0 0.4359375 0.6484375 0.215625 0.1796875
0 0.196875 0.81640625 0.1453125 0.15625
0 0.34765625 0.9609375 0.2109375 0.0703125
0 0.0859375 0.04296875 0.171875 0.0859375
0 0.06875 0.22265625 0.1375 0.1640625
0 0.0546875 0.603125 0.109375 0.140625
0 0.2984375 0.05078125 0.1921875 0.1015625
0 0.9375 0.77734375 0.125 0.1875
0 0.32960318437499997 0.1324771140625 0.8655989999999999 0.029538 0.18221700000000002 0.059076 0.32960318437499997 0.1324771140625
0 0.32960318437499997 0.1324771140625 0.059375 0.184375 0.9703125 0.4515625 0.32960318437499997 0.1324771140625