0 0.69140625 0.4375 0.2109375 0.21875
0 0.38671875 0.3359375 0.234375 0.2109375
0 0.296875 0.12890625 0.1875 0.1875
0 0.796875 0.1421875 0.2265625 0.215625
0 0.884375 0.8046875 0.1765625 0.203125
0 0.50390625 0.0796875 0.1953125 0.159375
0 0.8046875 0.6109375 0.21875 0.184375
0 0.290625 0.6171875 0.215625 0.2109375
0 0.171875 0.4234375 0.203125 0.184375
0 0.0921875 0.7421875 0.184375 0.1953125
0 0.2109375 0.91796875 0.2109375 0.15625
0 0.9671875 0.5484375 0.059375 0.2
0 0.571875 0.2265625 0.16875 0.171875
0 0.884375 0.3359375 0.15625 0.1609375
0 0.4703125 0.53515625 0.153125 0.121875
0 0.58984375 0.7328125 0.184375 0.1765625
0 0.69140625 0.91015625 0.1765625 0.1453125
0 0.50625 0.953125 0.2 0.09375
0 0.37109375 0.8203125 0.1484375 0.109375
0 0.09375 0.23828125 0.1765625 0.1640625
0 0.10413984218750001 0.17374251093749998 0.9450649999999999 0.07014200000000001 0.10987100000000001 0.140285 0.10413984218750001 0.17374251093749998
0 0.10413984218750001 0.17374251093749998 0.08125 0.1765625 0.040625 0.54453125 0.10413984218750001 0.17374251093749998
0 0.7 0.0265625 0.203125 0.053125
0 0.95234375 0.95234375 0.0953125 0.0953125
0 0.16484375 0.03203125 0.190625 0.0640625
0 0.02890625 0.0828125 0.0578125 0.1640625
0 0.0375 0.971875 0.075 0.05625