0 0.0859375 0.5859375 0.171875 0.171875
0 0.4671875 0.3984375 0.2 0.1875
0 0.7046875 0.7421875 0.215625 0.171875
0 0.9046875 0.66015625 0.16875 0.1796875
0 0.87890625 0.171875 0.2109375 0.1796875
0 0.26171875 0.4921875 0.21875 0.203125
0 0.3765625 0.665625 0.1921875 0.16875
0 0.94375 0.3671875 0.10625 0.2109375
0 0.671875 0.2796875 0.203125 0.1765625
0 0.165625 0.7796875 0.2078125 0.1765625
0 0.2734375 0.9234375 0.2421875 0.1375
0 0.78515625 0.48046875 0.21875 0.1796875
0 0.146875 0.31875 0.1484375 0.15625
0 0.3453125 0.20703125 0.1171875 0.1140625
0 0.5546875 0.11328125 0.1296875 0.10625
0 0.76953125 0.04296875 0.1171875 0.0859375
0 0.2359375 0.0546875 0.140625 0.109375
0 0.046875 0.134375 0.09375 0.1328125
0 0.478125 0.853125 0.171875 0.1640625
0 0.603125 0.57421875 0.16875 0.125
0 0.8109375 0.921875 0.1921875 0.15625
0 0.02734375 0.88671875 0.0546875 0.125
0 0.36470527812500003 0.4168223578125 0.9453125 0.87109375 0.225198 0.073312 0.36470527812500003 0.4168223578125
0 0.36470527812500003 0.4168223578125 0.1015625 0.2109375 0.58666 0.963344 0.36470527812500003 0.4168223578125
0 0.08203125 0.97890625 0.1625 0.0421875
0 0.9875 0.10625 0.025 0.1796875
0 0.99140625 0.10625 0.0171875 0.175