0 0.57421875 0.7171875 0.1640625 0.1609375
0 0.540625 0.0375 0.1375 0.075
0 0.353125 0.5484375 0.16875 0.1609375
0 0.959375 0.7046875 0.075 0.1453125
0 0.5546875 0.353125 0.140625 0.1375
0 0.353125 0.16796875 0.1453125 0.15625
0 0.7734375 0.13671875 0.1640625 0.1640625
0 0.1578125 0.3765625 0.1375 0.1453125
0 0.1765625 0.74921875 0.16875 0.1609375 0.957482 0.334862 0.085036 0.127029 0.1765625 0.74921875
0 0.15390625 0.0265625 0.134375 0.053125
0 0.01875 0.56640625 0.0375 0.146875
0 0.94609375 0.02265625 0.1078125 0.0453125
0 0.02421875 0.93046875 0.0484375 0.1390625