0 0.478125 0.5921875 0.2 0.1921875
0 0.2734375 0.703125 0.2109375 0.1875
0 0.66015625 0.44921875 0.2109375 0.203125
0 0.7421875 0.921875 0.1796875 0.1484375
0 0.103125 0.82421875 0.16875 0.1953125
0 0.69921875 0.1484375 0.2109375 0.203125
0 0.3921875 0.1171875 0.184375 0.1796875
0 0.88671875 0.05625 0.1796875 0.1125
0 0.0796875 0.0796875 0.159375 0.159375
0 0.51171875 0.2734375 0.1953125 0.1953125
0 0.19375 0.2515625 0.153125 0.1171875
0 0.134375 0.5453125 0.1171875 0.1296875
0 0.04296875 0.3734375 0.0859375 0.2109375
0 0.8265625 0.3203125 0.1375 0.1296875
0 0.9546875 0.49609375 0.090625 0.1140625
0 0.953125 0.20703125 0.09375 0.171875
0 0.57109375 0.040625 0.1796875 0.08125
0 0.6015625 0.7578125 0.15625 0.140625
0 0.90625 0.76953125 0.1484375 0.1875
0 0.2140625 0.96640625 0.184375 0.0671875
0 0.321875 0.4140625 0.10625 0.1375 0.0926771984375 0.22380136562500003 0.321875 0.4140625
0 0.0926771984375 0.22380136562500003 0.0477 0.186465 0.023885 0.66121 0.0926771984375 0.22380136562500003
0 0.23515625 0.0140625 0.171875 0.028125
0 0.528125 0.97890625 0.16875 0.0421875
0 0.23671875 0.00859375 0.165625 0.0171875
0 0.06484375 0.978125 0.1296875 0.04375