0 0.759375 0.75390625 0.1609375 0.1484375
0 0.2484375 0.603125 0.1765625 0.16875
0 0.6171875 0.91015625 0.171875 0.1484375
0 0.0765625 0.4765625 0.1171875 0.140625
0 0.0796875 0.77265625 0.159375 0.1765625
0 0.890625 0.5875 0.1609375 0.1296875
0 0.36292333593750004 0.354067175 0.93125 0.8921875 0.153673 0.03564 0.36292333593750004 0.354067175
0 0.36292333593750004 0.354067175 0.1375 0.140625 0.775631 0.9821059999999999 0.36292333593750004 0.354067175
0 0.98515625 0.4484375 0.0296875 0.1359375
0 0.98046875 0.44453125 0.0390625 0.1375
0 0.77421875 0.98671875 0.1546875 0.0265625