0 0.3109375 0.1484375 0.184375 0.1640625
0 0.1796875 0.88671875 0.1484375 0.140625
0 0.9359375 0.4046875 0.121875 0.1921875
0 0.81640625 0.859375 0.1953125 0.1875
0 0.946875 0.7046875 0.0984375 0.16875
0 0.47265625 0.28515625 0.1953125 0.1796875
0 0.6546875 0.4296875 0.1921875 0.1796875
0 0.3109375 0.44921875 0.1765625 0.1484375
0 0.7984375 0.5609375 0.1375 0.16875
0 0.3296875 0.7421875 0.1765625 0.15625
0 0.4984375 0.8609375 0.184375 0.153125
0 0.9234375 0.1171875 0.1453125 0.1796875
0 0.446875 0.0390625 0.1921875 0.078125
0 0.78515625 0.2734375 0.171875 0.15625
0 0.646875 0.7359375 0.184375 0.1453125 0.6208980000000001 0.132127 0.138007 0.122708 0.646875 0.7359375
0 0.67109375 0.96484375 0.165625 0.0703125
0 0.7609375 0.01875 0.1796875 0.0375
0 0.034375 0.740625 0.06875 0.13125
0 0.05 0.9671875 0.1 0.0640625