0 0.725 0.3125 0.16875 0.1875
0 0.8921875 0.23046875 0.1765625 0.2109375
0 0.81640625 0.6546875 0.171875 0.1609375
0 0.759375 0.88671875 0.1765625 0.1875
0 0.915625 0.7984375 0.1609375 0.1375
0 0.65234375 0.15625 0.1875 0.1296875
0 0.821875 0.0703125 0.184375 0.121875
0 0.5796875 0.053125 0.234375 0.10625
0 0.6953125 0.740625 0.1953125 0.121875
0 0.14129773750000002 0.101842590625 0.24940099999999998 0.038893 0.118407 0.077684 0.14129773750000002 0.101842590625
0 0.14129773750000002 0.101842590625 0.1203125 0.1140625 0.93828125 0.94296875 0.14129773750000002 0.101842590625
0 0.95078125 0.03359375 0.0984375 0.0671875
0 0.98671875 0.38359375 0.0265625 0.1828125
0 0.73515625 0.0125 0.1671875 0.025
0 0.98125 0.38203125 0.0375 0.1765625
0 0.73125 0.00859375 0.1609375 0.0171875