0 0.59765625 0.50390625 0.2109375 0.2109375
0 0.884375 0.8921875 0.2234375 0.2
0 0.3296875 0.09765625 0.215625 0.1953125
0 0.91015625 0.4359375 0.1640625 0.1765625
0 0.79296875 0.60546875 0.2109375 0.2109375
0 0.1171875 0.0484375 0.1875 0.096875
0 0.571875 0.9296875 0.2078125 0.1328125
0 0.09765625 0.44921875 0.1953125 0.1953125
0 0.94140625 0.7109375 0.109375 0.1875
0 0.16015625 0.7421875 0.21875 0.203125
0 0.6171875 0.07421875 0.234375 0.1484375
0 0.50390625 0.22265625 0.1875 0.1953125
0 0.696875 0.321875 0.23125 0.2
0 0.19921875 0.2796875 0.1953125 0.184375
0 0.2984375 0.571875 0.1921875 0.2
0 0.946875 0.2484375 0.0984375 0.184375
0 0.3671875 0.8671875 0.1875 0.1796875
0 0.81640625 0.1421875 0.1953125 0.184375
0 0.3671875 0.4046875 0.1796875 0.184375
0 0.4671875 0.6734375 0.215625 0.2
0 0.0453125 0.2015625 0.090625 0.1953125
0 0.0625 0.92578125 0.125 0.1484375
0 0.2160909453125 0.146835025 0.9263920000000001 0.025583 0.147217 0.051165 0.2160909453125 0.146835025
0 0.2160909453125 0.146835025 0.1609375 0.15625 0.68125 0.79296875 0.2160909453125 0.146835025
0 0.2453125 0.98125 0.2015625 0.0375
0 0.03125 0.640625 0.0625 0.175