0 0.296875 0.19140625 0.21875 0.2265625
0 0.09765625 0.28515625 0.1875 0.1796875
0 0.915625 0.8359375 0.1609375 0.171875
0 0.196875 0.478125 0.2 0.2
0 0.4046875 0.3734375 0.1921875 0.2
0 0.7171875 0.4859375 0.2390625 0.2
0 0.509375 0.1109375 0.1765625 0.2
0 0.8296875 0.6796875 0.23125 0.1953125
0 0.703125 0.9234375 0.21875 0.1453125
0 0.4984375 0.5796875 0.2234375 0.184375
0 0.103125 0.7734375 0.16875 0.171875
0 0.6109375 0.765625 0.2078125 0.21875
0 0.4125 0.853125 0.2078125 0.184375
0 0.29296875 0.6796875 0.2265625 0.2109375
0 0.0390625 0.5875 0.078125 0.1375
0 0.19375 0.94140625 0.2109375 0.1171875
0 0.196875 0.046875 0.21875 0.09375
0 0.6109375 0.30625 0.140625 0.121875 0.039033 0.113882 0.078067 0.19362200000000002 0.6109375 0.30625
0 0.04765625 0.9765625 0.0953125 0.0453125
0 0.96640625 0.9734375 0.065625 0.053125
0 0.403125 0.00859375 0.171875 0.0171875