0 0.47265625 0.540625 0.15625 0.1296875
0 0.8671875 0.12890625 0.140625 0.1484375
0 0.478125 0.9234375 0.1453125 0.1453125
0 0.2796875 0.73046875 0.1609375 0.1484375
0 0.66015625 0.35546875 0.140625 0.1484375
0 0.446875 0.1625 0.1609375 0.1640625
0 0.2671875 0.3734375 0.1328125 0.1328125
0 0.0625 0.1625 0.125 0.153125
0 0.9140625 0.890625 0.1640625 0.1953125
0 0.08046875 0.92578125 0.1609375 0.1484375
0 0.203170296875 0.046422098437499996 0.16875 0.0640625 0.653298 0.024286 0.203170296875 0.046422098437499996