0 0.91796875 0.5796875 0.15625 0.2390625
0 0.134375 0.921875 0.2390625 0.1484375
0 0.44375 0.578125 0.2 0.1875
0 0.5609375 0.7671875 0.246875 0.23125
0 0.234375 0.6796875 0.21875 0.2109375
0 0.85546875 0.8609375 0.2109375 0.2078125
0 0.6484375 0.50390625 0.234375 0.1953125
0 0.665625 0.9359375 0.1765625 0.121875
0 0.821875 0.38671875 0.184375 0.1640625
0 0.759375 0.6796875 0.1765625 0.171875
0 0.3359375 0.8671875 0.234375 0.1953125
0 0.51953125 0.29296875 0.121875 0.109375
0 0.728125 0.2171875 0.1328125 0.1296875
0 0.921875 0.12109375 0.1328125 0.1375
0 0.06640625 0.76171875 0.1328125 0.1953125
0 0.31640625 0.41796875 0.125 0.153125
0 0.2015625 0.2171875 0.1484375 0.1375
0 0.4140625 0.109375 0.1296875 0.1171875
0 0.62109375 0.04296875 0.1640625 0.0859375
0 0.0484375 0.3234375 0.096875 0.1375
0 0.10546875 0.05859375 0.1171875 0.1171875
0 0.2790931109375 0.2155537484375 0.9703125 0.2890625 0.130473 0.042597 0.2790931109375 0.2155537484375
0 0.2790931109375 0.2155537484375 0.059375 0.1921875 0.934763 0.97859 0.2790931109375 0.2155537484375
0 0.9796875 0.778125 0.0390625 0.1984375