0 0.8671875 0.25390625 0.171875 0.140625
0 0.946875 0.6859375 0.0984375 0.1453125
0 0.8046875 0.78515625 0.15625 0.15625
0 0.93515625 0.93828125 0.1296875 0.1203125
0 0.59375 0.91796875 0.1484375 0.140625
0 0.428125 0.7671875 0.121875 0.1296875
0 0.6328125 0.6546875 0.1171875 0.140625
0 0.81640625 0.53125 0.1375 0.140625
0 0.6625 0.390625 0.1484375 0.1328125
0 0.28515625 0.62890625 0.121875 0.125
0 0.265625 0.8828125 0.140625 0.15625
0 0.321875 0.328125 0.1375 0.1375
0 0.5234375 0.2265625 0.140625 0.153125
0 0.70546875 0.0984375 0.1640625 0.140625
0 0.3296875 0.0796875 0.153125 0.1296875
0 0.12890625 0.178125 0.1484375 0.1375
0 0.89921875 0.0328125 0.16796875 0.065625 0.29299745625 0.1184484921875 0.89921875 0.0328125
0 0.29299745625 0.1184484921875 0.058196000000000005 0.151617 0.970902 0.40485699999999997 0.29299745625 0.1184484921875
0 0.03046875 0.0421875 0.0609375 0.084375
0 0.0203125 0.2953125 0.040625 0.1625
0 0.0625 0.97109375 0.125 0.0578125
0 0.40390625 0.98125 0.1671875 0.0375
0 0.01953125 0.54765625 0.0390625 0.1734375
0 0.0140625 0.29453125 0.028125 0.1625
0 0.98125 0.40078125 0.0375 0.1453125
0 0.121875 0.45546875 0.1328125 0.146875
0 0.40390625 0.98671875 0.165625 0.0265625