0 0.3296875 0.76171875 0.1609375 0.171875
0 0.9359375 0.47265625 0.121875 0.1484375
0 0.7359375 0.09765625 0.184375 0.15625
0 0.44921875 0.05078125 0.1640625 0.1015625
0 0.8734375 0.28515625 0.184375 0.1796875
0 0.7671875 0.5796875 0.16875 0.153125
0 0.57421875 0.671875 0.1796875 0.1640625
0 0.46875 0.48828125 0.153125 0.16875
0 0.665625 0.396875 0.1921875 0.1609375
0 0.5640625 0.2015625 0.16875 0.15625
0 0.3203125 0.29296875 0.1796875 0.171875
0 0.240625 0.1234375 0.1640625 0.1453125
0 0.04296875 0.2203125 0.0828125 0.1140625
0 0.125 0.3734375 0.1484375 0.1609375
0 0.24375 0.584375 0.203125 0.16875
0 0.03515625 0.69140625 0.0703125 0.1453125
0 0.15 0.85 0.1296875 0.121875
0 0.446875 0.93359375 0.203125 0.1328125
0 0.87109375 0.75625 0.184375 0.140625
0 0.6546875 0.84375 0.10625 0.0984375
0 0.406810059375 0.4198540421875 0.93125 0.91796875 0.168957 0.064336 0.406810059375 0.4198540421875
0 0.406810059375 0.4198540421875 0.1375 0.1640625 0.773419 0.9678229999999999 0.406810059375 0.4198540421875
0 0.93515625 0.03203125 0.1296875 0.0640625
0 0.01875 0.9421875 0.0375 0.115625
0 0.9796875 0.66328125 0.040625 0.1765625
0 0.25390625 0.99140625 0.146875 0.0171875
0 0.25625 0.98828125 0.15 0.0234375