0 0.2875 0.22265625 0.0984375 0.10625
0 0.5015625 0.125 0.121875 0.1171875
0 0.1890625 0.053125 0.1140625 0.10625
0 0.0953125 0.3203125 0.1140625 0.1296875
0 0.321875 0.68125 0.121875 0.10625
0 0.51953125 0.59375 0.1375 0.1296875
0 0.7359375 0.50625 0.140625 0.121875
0 0.9234375 0.4 0.109375 0.1375
0 0.83203125 0.696875 0.1140625 0.1140625
0 0.9375 0.87109375 0.1171875 0.140625
0 0.7328125 0.9453125 0.15625 0.1015625
0 0.625 0.796875 0.16875 0.1296875
0 0.4375 0.8828125 0.1171875 0.15625
0 0.2203125 0.94921875 0.1484375 0.1015625
0 0.103125 0.7828125 0.153125 0.1328125
0 0.70078125 0.0484375 0.1453125 0.096875 0.177333003125 0.11618733125 0.70078125 0.0484375
0 0.177333003125 0.11618733125 0.040242 0.133931 0.9798790000000001 0.600222 0.177333003125 0.11618733125
0 0.025 0.1421875 0.05 0.1359375
0 0.984375 0.59921875 0.03125 0.1296875
0 0.0171875 0.140625 0.034375 0.134375