0 0.44375 0.6484375 0.1796875 0.15625
0 0.7421875 0.66015625 0.1796875 0.125
0 0.44140625 0.13125 0.203125 0.1875
0 0.74375 0.146875 0.15625 0.1640625
0 0.7484375 0.38671875 0.153125 0.1484375
0 0.4671875 0.8671875 0.140625 0.121875
0 0.74609375 0.8046875 0.1484375 0.0984375 0.19856000000000001 0.174173 0.176519 0.15609900000000002 0.74609375 0.8046875
0 0.97890625 0.15625 0.0421875 0.1625
0 0.9796875 0.86640625 0.040625 0.1515625
0 0.98359375 0.16875 0.0328125 0.140625
0 0.98203125 0.87578125 0.0359375 0.140625
0 0.43046875 0.97890625 0.1484375 0.0421875