0 0.3421875 0.3921875 0.16875 0.1609375
0 0.4609375 0.571875 0.15625 0.1609375
0 0.2359375 0.6859375 0.153125 0.1296875
0 0.8734375 0.384375 0.1453125 0.1375
0 0.665625 0.4921875 0.2 0.1796875
0 0.446875 0.09765625 0.1765625 0.1484375
0 0.2484375 0.2109375 0.184375 0.1484375
0 0.5640625 0.2875 0.1609375 0.1453125
0 0.775 0.1890625 0.140625 0.1484375
0 0.053125 0.3109375 0.10625 0.15625
0 0.11875 0.053125 0.1765625 0.10625
0 0.05625 0.7515625 0.1125 0.171875
0 0.14453125 0.953125 0.1375 0.09375
0 0.3609375 0.859375 0.0984375 0.1015625
0 0.58203125 0.765625 0.1609375 0.125
0 0.7875 0.6640625 0.1296875 0.1015625
0 0.23873214687500002 0.10185787187499999 0.075682 0.122614 0.962129 0.565078 0.23873214687500002 0.10185787187499999
0 0.00859375 0.11796875 0.0171875 0.1484375
0 0.95859375 0.97578125 0.0828125 0.0484375