0 0.384375 0.62890625 0.2078125 0.2109375
0 0.79296875 0.6859375 0.1796875 0.184375
0 0.4234375 0.25390625 0.215625 0.1484375
0 0.12890625 0.7984375 0.1484375 0.1765625
0 0.9359375 0.0375 0.121875 0.075
0 0.5859375 0.446875 0.1640625 0.125
0 0.071875 0.29765625 0.14375 0.2453125
0 0.9671875 0.1546875 0.059375 0.1609375
0 0.74375 0.93515625 0.234375 0.1296875
0 0.0796875 0.9640625 0.159375 0.0625
0 0.96484375 0.51171875 0.0625 0.1796875
0 0.321875 0.96484375 0.1765625 0.0625
0 0.8203125 0.259375 0.184375 0.1796875
0 0.5609375 0.77734375 0.1921875 0.1875
0 0.953125 0.75 0.09375 0.1875
0 0.0328125 0.58125 0.065625 0.203125
0 0.2328125 0.0765625 0.1640625 0.153125
0 0.61015625 0.071875 0.1671875 0.14375
0 0.19375 0.3984375 0.125 0.1453125
0 0.182779121875 0.1536389921875 0.802684 0.024321000000000002 0.176968 0.048493 0.182779121875 0.1536389921875
0 0.182779121875 0.1536389921875 0.1328125 0.1640625 0.2125 0.69140625 0.182779121875 0.1536389921875
0 0.0234375 0.82578125 0.046875 0.184375
0 0.1984375 0.253125 0.159375 0.153125
0 0.74296875 0.1875 0.1203125 0.115625