0 0.4359375 0.1421875 0.1921875 0.2
0 0.8109375 0.2484375 0.215625 0.2
0 0.7109375 0.66015625 0.1640625 0.171875
0 0.4359375 0.9046875 0.1765625 0.153125
0 0.94921875 0.4234375 0.09375 0.2
0 0.484375 0.478125 0.1796875 0.1484375
0 0.46875 0.725 0.1921875 0.15625
0 0.18125 0.74375 0.1640625 0.1484375
0 0.203125 0.453125 0.1640625 0.153125
0 0.78984375 0.0484375 0.2296875 0.096875
0 0.97265625 0.69375 0.0546875 0.153125
0 0.9625 0.9234375 0.075 0.153125
0 0.0546875 0.1765625 0.97265625 0.1859375 0.168156 0.137162 0.208284 0.068851 0.0546875 0.1765625
0 0.98046875 0.25234375 0.0390625 0.175
0 0.496875 0.95703125 0.1984375 0.0859375
0 0.984375 0.2640625 0.03125 0.171875
0 0.4984375 0.0375 0.184375 0.075
0 0.48984375 0.2078125 0.175 0.1765625