0 0.9296875 0.7671875 0.125 0.2234375
0 0.7875 0.84375 0.2078125 0.15625
0 0.853125 0.109375 0.1609375 0.171875
0 0.553125 0.046875 0.1796875 0.09375
0 0.3421875 0.12109375 0.1765625 0.1484375
0 0.1328125 0.21484375 0.1796875 0.10625
0 0.0546875 0.0484375 0.109375 0.096875
0 0.453125 0.303125 0.1328125 0.1171875
0 0.6625 0.2046875 0.153125 0.1328125
0 0.953125 0.303125 0.09375 0.1328125
0 0.75 0.3765625 0.1140625 0.109375
0 0.87890625 0.57421875 0.1328125 0.140625
0 0.553125 0.5015625 0.1328125 0.125
0 0.66015625 0.69140625 0.140625 0.1453125
0 0.459375 0.7953125 0.1375 0.1171875
0 0.5796875 0.9453125 0.184375 0.109375
0 0.3578125 0.6109375 0.121875 0.1375
0 0.2359375 0.4046875 0.1171875 0.1140625
0 0.0640625 0.4953125 0.128125 0.1125
0 0.15 0.68359375 0.1171875 0.109375
0 0.265625 0.884375 0.1328125 0.1375
0 0.0375786171875 0.57750428125 0.016098 0.131887 0.008105 0.7857149999999999 0.0375786171875 0.57750428125
0 0.05625 0.96484375 0.109375 0.0703125 0.0375786171875 0.57750428125 0.05625 0.96484375
0 0.88671875 0.9875 0.1828125 0.025
0 0.87734375 0.984375 0.1890625 0.03125
0 0.0078125 0.31328125 0.015625 0.1125
0 0.0109375 0.78515625 0.021875 0.14375