0 0.444220003125 0.212773078125 0.5044797812499999 0.202570590625 0.5109693671875 0.17381814843750001 0.5091151640625 0.1126031328125 0.47017809374999997 0.0467506515625 0.3533668203125 0.0513881484375 0.312575546875 0.10240064062500001 0.3097943671875 0.1617606015625 0.34595019531250004 0.1923681328125 0.3802520125 0.222048075 0.444220003125 0.212773078125
0 0.4144574796875 0.4154879578125 0.43288614843750006 0.3325208359375 0.3755525890625 0.276185140625 0.30645510468750004 0.252329628125 0.22914701875 0.3151079796875 0.2649805828125 0.46055651875 0.30286169531249996 0.4697750890625 0.33971903124999997 0.46567792656250007 0.3909098625 0.46465364375 0.4144574796875 0.4154879578125
0 0.002073390625 0.10360946093750001 0.0444978078125 0.17499235625 0.0830656046875 0.2444461171875 0.16212937968750002 0.24058752343749998 0.179484703125 0.18656799531249998 0.15856278906250001 0.0170915265625 0.0306081609375 0.0089173359375 0.002073390625 0.10360946093750001
0 0.3841726015625 0.6324464609375 0.39753107499999996 0.56859345625 0.3411286453125 0.5181047609375 0.2357451875 0.5002853468749999 0.20457528125 0.5552286953125 0.22238661406250002 0.61314209375 0.2298080078125 0.7022395234375 0.281757578125 0.71411903125 0.345581403125 0.6918447109375 0.3841726015625 0.6324464609375
0 0.6053160734375 0.511129140625 0.5095493234374999 0.5561684765625 0.477907871875 0.598666484375 0.46255747343750003 0.65548876875 0.48097803125 0.7199898328125001 0.54237940625 0.7215257265624999 0.637551528125 0.7276685578125 0.6697871906249999 0.598666484375 0.6053160734375 0.511129140625
0 0.5402311984375 0.46230737499999996 0.568721065625 0.49623842656250006 0.61385920625 0.5162569265625 0.697627315625 0.47280092656250006 0.693721065625 0.44936342656250006 0.721064815625 0.42592592656250006 0.721064815625 0.375144675 0.697627315625 0.355613425 0.678096065625 0.300925925 0.607783565625 0.254050925 0.541377315625 0.261863425 0.521846065625 0.371238425 0.506221065625 0.386863425 0.5402311984375 0.46230737499999996
0 0.1307019921875 0.252021278125 0.0016610734374999999 0.2707545859375 0 0.404934703125 0.044312359375 0.44349548125 0.1160823078125 0.45546262187500003 0.1519671484375 0.4182315671875 0.1692450546875 0.3796707 0.19051020624999998 0.3371208953125 0.1307019921875 0.252021278125
0 0.0951974734375 0.673312375 0.1343495984375 0.63414214375 0.1147734765625 0.559066015625 0.0093787 0.51215809375 0.002211046875 0.7206428546875 0.0462572296875 0.7173786875 0.0951974734375 0.673312375
0 0.0062470203125 0.8880616640625 0 0.9984375 0.08152953125 0.9967900937499999 0.09731411718750001 0.94678271875 0.0788988875 0.8757200671875 0.0062470203125 0.8880616640625
0 0.9169291328125 0.6795429109375 0.9984375 0.6548579953125 0.9934381015625 0.474889703125 0.93640833125 0.4950556171875 0.92212355 0.52753578125 0.9052416484375 0.6314722859375 0.9169291328125 0.6795429109375
0 0.3675303359375 0.2676910828125 0.40622588281249994 0.33892358125 0.47743055468750006 0.344328703125 0.5020254640624999 0.3356481484375 0.5280671296875 0.2965856484375 0.5353009265625001 0.24594907500000002 0.4478311921875 0.19781125 0.3675303359375 0.2676910828125
0 0.012380578125 0.7261979375000001 0.0030210750000000002 0.86511954375 0.10053382343749999 0.851182640625 0.097438190625 0.76911034375 0.06338614375 0.7288485390624999 0.012380578125 0.7261979375000001
0 0.3320899453125 0.9984375 0.3320899453125 0.8880993593750001 0.2773751484375 0.8219983671875 0.22369266875 0.806505875 0.1121983 0.9170186203125 0.1772366828125 0.9676272625 0.3320899453125 0.9984375
0 0.5372371453125 0.7564643703125 0.44033080468749997 0.8303774531249999 0.44033080468749997 0.9522861671875 0.570818546875 0.976283871875 0.5904580984375001 0.7577385671875 0.5372371453125 0.7564643703125
0 0.209988096875 0.8206501765624999 0.251736109375 0.771122684375 0.1812513078125 0.68768116875 0.09953089375 0.7092436796875 0.10581708593750001 0.8844393125 0.1692708328125 0.8550347234375 0.209988096875 0.8206501765624999
0 0.4181492109375 0.760376578125 0.35629115625 0.74387353125 0.26909722343750003 0.7465277765625 0.2736506125 0.8036000078125 0.358796296875 0.888310184375 0.4239004640625 0.8897569453124999 0.4181492109375 0.760376578125
0 0.9868331046875 0.4750000015625 0.9899575374999999 0.43125001406249996 0.9899575374999999 0.4203125015625 0.9915196359375 0.38593748906249997 0.9946443078125 0.3343750015625 0.9930819718749999 0.3187500015625 0.9790219015625 0.2968750375 0.9769530890624999 0.3011718765625 0.9633994953125 0.3046875375 0.9290300109375 0.3125000375 0.9087210734375001 0.3203125375 0.8962231015625 0.3343750015625 0.8884118984375 0.3515625375 0.8790383593750001 0.3828125375 0.8837251281249999 0.4375000375 0.9165322765624999 0.4609375375 0.958712725 0.473437525 0.9868331046875 0.4750000015625
0 0.9212188078124999 0.8671874781250001 0.958712725 0.8781250484375 0.9805839984375 0.8484375249999999 0.9899575374999999 0.8093750249999999 0.9915196359375 0.7828125734375 0.9925780890624999 0.7113281265625 0.9665239281250001 0.703124978125 0.930592346875 0.6984375484374999 0.8774762609375 0.6984375484374999 0.8587291828125 0.710937478125 0.835295575 0.7437500734375 0.81967316875 0.785937525 0.83998234375 0.8343750015625 0.8618538546875 0.8515624781250001 0.8806006953125 0.8625000484375 0.9212188078124999 0.8671874781250001
0 0.9743351312499999 0.29218748906249997 0.9837084328125 0.28593752499999997 0.9868331046875 0.27812502499999997 0.9883952015625 0.25312498906249997 0.9946443078125 0.2187500375 0.9964843390624999 0.0863281265625 0.9712106984375 0.09531251406249999 0.93371678125 0.10156250781250001 0.910283171875 0.11406249531249998 0.8868495624999999 0.1390625015625 0.8665403859374999 0.192187525 0.8602915187500001 0.22968748906249997 0.8681027218749999 0.27656248906249997 0.8993475343749999 0.2968750375 0.9555882921875 0.2953125015625 0.9743351312499999 0.29218748906249997
0 0.9034287437499999 0.8608130562499999 0.187532 0.22649499999999997 0.09396499999999999 0.345437 0.9034287437499999 0.8608130562499999
0 0.7670481031249999 0.9000755484375 0.75824934375 0.931553240625 0.7667096812499999 0.9538922359375 0.7734779515625 0.9647232562499999 0.79107546875 0.9765696953124999 0.8218710937499999 0.98401604375 0.8408222453124999 0.9867237859375001 0.8624807140625 0.9934931796875001 0.881431865625 0.9948470640625 0.9054592203125 0.9951855281249999 0.9230567375 0.99180083125 0.9484377515625001 0.9924777859375 0.97551083125 0.9765696953124999 0.9849863937500001 0.9630309078125 0.9887089375 0.9484767265625 0.9917546640625 0.9329070984375001 0.9917546640625 0.9227530078124999 0.9849863937500001 0.9112450593749999 0.9775413078125 0.9021063625 0.9629895156250001 0.8895829796875001 0.9403158218750001 0.8750287859375 0.9220414874999999 0.8665670437499999 0.9034287437499999 0.8608130562499999 0.8787245468749999 0.8540436625 0.8448831968749999 0.8469358031249999 0.8208558421875001 0.8455819203124999 0.8015662828125001 0.8537051968749999 0.7832919484375 0.8729979734375 0.7670481031249999 0.9000755484375
0 0.615625 0.375 0.1984375 0.253125
0 0.5109375 0.8625 0.165625 0.2125
0 0.953125 0.57421875 0.09375 0.2203125
0 0.08984375 0.11953125 0.1765625 0.2296875
0 0.0609375 0.615625 0.121875 0.2125
0 0.0484375 0.93359375 0.096875 0.1328125
0 0.29609375 0.6078125 0.19375 0.2171875
0 0.56640625 0.60859375 0.221875 0.25
0 0.4078125 0.12890625 0.209375 0.18125
0 0.04921875 0.796875 0.0984375 0.1921875
0 0.31796875 0.36953125 0.1796875 0.228125
0 0.17890625 0.79453125 0.15625 0.1875
0 0.3453125 0.8125 0.153125 0.1515625
0 0.878125 0.925 0.215625 0.15
0 0.9078125 0.78046875 0.184375 0.1859375
0 0.9421875 0.39375 0.115625 0.18125
0 0.4390625 0.27421875 0.18125 0.15625
0 0.9453125 0.18671875 0.109375 0.20625
0 0.23203125 0.90078125 0.2109375 0.19375
0 0.3234375 0.95546875 0.190625 0.0890625