0 0.94375 0.0859375 0.10625 0.140625
0 0.796875 0.2171875 0.1375 0.1328125
0 0.675 0.040625 0.121875 0.08125
0 0.5328125 0.12890625 0.1140625 0.1328125
0 0.3828125 0.25 0.1296875 0.1296875
0 0.24375 0.0640625 0.1375 0.125
0 0.521875 0.43359375 0.140625 0.1484375
0 0.6703125 0.33203125 0.140625 0.1328125
0 0.76953125 0.5078125 0.109375 0.1171875
0 0.875 0.671875 0.121875 0.1375
0 0.5859375 0.584375 0.1296875 0.140625
0 0.96484375 0.8671875 0.0703125 0.125
0 0.8671875 0.9703125 0.109375 0.059375
0 0.8984375 0.36953125 0.1125 0.11328125 0.1030451265625 0.15449742187499999 0.8984375 0.36953125
0 0.1030451265625 0.15449742187499999 0.056796 0.141994 0.028398 0.479903 0.1030451265625 0.15449742187499999
0 0.98515625 0.55 0.0296875 0.1328125
0 0.23984375 0.8515625 0.1265625 0.1078125
0 0.98125 0.54921875 0.0359375 0.128125
0 0.4 0.01171875 0.134375 0.0234375
0 0.403125 0.01640625 0.125 0.0328125
0 0.403125 0.0078125 0.1328125 0.015625
0 0.0171875 0.47578125 0.034375 0.1375