0 0.2171875 0.7984375 0.1609375 0.1609375
0 0.4296875 0.23046875 0.1640625 0.1484375
0 0.6234375 0.8046875 0.1609375 0.140625
0 0.2109375 0.4296875 0.1640625 0.171875
0 0.9609375 0.0625 0.0703125 0.125
0 0.8359375 0.609375 0.15625 0.1375
0 0.43046875 0.95078125 0.1609375 0.0984375
0 0.8296875 0.95703125 0.15625 0.0859375
0 0.046875 0.24375 0.09375 0.1609375
0 0.1953125 0.05859375 0.125 0.1171875
0 0.625 0.05078125 0.1453125 0.1015625
0 0.3792216546875 0.20998400312499998 0.821222 0.233149 0.13770500000000002 0.118601 0.3792216546875 0.20998400312499998
0 0.3792216546875 0.20998400312499998 0.084375 0.19453125 0.9578125 0.42890625 0.3792216546875 0.20998400312499998