0 0.10546875 0.28515625 0.1640625 0.1640625
0 0.91796875 0.2671875 0.1484375 0.1515625
0 0.50390625 0.63671875 0.1953125 0.1875
0 0.8921875 0.634375 0.184375 0.16875
0 0.696875 0.8359375 0.1765625 0.1640625
0 0.6875 0.0796875 0.1875 0.159375
0 0.3109375 0.10546875 0.16875 0.1640625
0 0.2984375 0.475 0.16875 0.1375
0 0.3046875 0.8359375 0.1796875 0.1484375
0 0.71484375 0.478125 0.1484375 0.153125
0 0.165346609375 0.1637661921875 0.528155 0.9629759999999999 0.17779 0.073765 0.165346609375 0.1637661921875
0 0.92578125 0.97265625 0.14375 0.0546875
0 0.10078125 0.97421875 0.18125 0.0515625
0 0.49921875 0.27109375 0.1390625 0.1484375