0 0.13125 0.1546875 0.1453125 0.184375
0 0.9046875 0.1734375 0.153125 0.1296875
0 0.8296875 0.3046875 0.153125 0.1484375
0 0.6859375 0.62890625 0.1375 0.1328125
0 0.815625 0.0484375 0.140625 0.096875
0 0.28515625 0.1859375 0.15625 0.1375
0 0.37890625 0.37890625 0.1640625 0.1171875
0 0.5859375 0.7671875 0.1484375 0.0984375
0 0.2734375 0.796875 0.1484375 0.109375
0 0.4921875 0.571875 0.1328125 0.10625
0 0.4921875 0.9296875 0.15625 0.109375
0 0.4296875 0.7734375 0.1640625 0.171875
0 0.225 0.4359375 0.1375 0.1296875
0 0.196875 0.321875 0.1375 0.1296875
0 0.1234375 0.4859375 0.140625 0.1765625
0 0.0453125 0.5953125 0.090625 0.1375
0 0.82421875 0.6328125 0.1375 0.1296875
0 0.9140625 0.49375 0.1375 0.1171875
0 0.7421875 0.09765625 0.1328125 0.1328125
0 0.75390625 0.7796875 0.125 0.153125
0 0.083031259375 0.185898703125 0.07856199999999999 0.105541 0.039313 0.286962 0.083031259375 0.185898703125
0 0.11875 0.828125 0.109375 0.125 0.083031259375 0.185898703125 0.11875 0.828125
0 0.3203125 0.8875 0.1234375 0.10625
0 0.840625 0.9578125 0.115625 0.084375
0 0.0203125 0.82109375 0.040625 0.146875
0 0.05703125 0.021875 0.1140625 0.04375
0 0.021875 0.09140625 0.04375 0.1234375
0 0.0125 0.4453125 0.025 0.13125
0 0.3078125 0.85546875 0.1453125 0.1578125
0 0.0140625 0.08984375 0.028125 0.1328125
0 0.01796875 0.44921875 0.0359375 0.1359375
0 0.20078125 0.02578125 0.1484375 0.0515625