0 0.8421875 0.5296875 0.184375 0.184375
0 0.9359375 0.35 0.121875 0.1765625
0 0.421875 0.796875 0.15625 0.1875
0 0.25625 0.196875 0.2 0.2
0 0.91796875 0.82421875 0.1484375 0.1484375
0 0.4546875 0.3109375 0.2234375 0.2234375
0 0.1109375 0.859375 0.1765625 0.1640625
0 0.109375 0.37890625 0.1640625 0.1640625
0 0.3734375 0.05078125 0.2078125 0.1015625
0 0.8734375 0.0859375 0.1609375 0.1484375
0 0.5296875 0.609375 0.215625 0.1953125
0 0.59765625 0.9046875 0.1875 0.1765625
0 0.3296875 0.5296875 0.16875 0.1609375
0 0.07421875 0.09765625 0.1484375 0.1640625
0 0.56875 0.134375 0.1609375 0.16875
0 0.67578125 0.446875 0.121875 0.1375
0 0.7953125 0.26171875 0.121875 0.121875
0 0.725 0.73046875 0.140625 0.15625
0 0.21875 0.696875 0.125 0.1140625
0 0.040625 0.59140625 0.08125 0.1609375
0 0.31875 0.95703125 0.15625 0.0859375 0.794302 0.9774900000000001 0.147652 0.044726 0.31875 0.95703125
0 0.68515625 0.0203125 0.1859375 0.040625
0 0.9875 0.17265625 0.025 0.1875
0 0.9859375 0.16796875 0.028125 0.175
0 0.49765625 0.97734375 0.1953125 0.0453125
0 0.01953125 0.3015625 0.0390625 0.1890625
0 0.984375 0.6359375 0.03125 0.14375
0 0.9796875 0.6359375 0.040625 0.1453125