0 0.07421875 0.07421875 0.1484375 0.1484375
0 0.4859375 0.7796875 0.2 0.184375
0 0.38671875 0.60546875 0.1953125 0.1796875
0 0.5921875 0.9359375 0.2 0.121875
0 0.2796875 0.8734375 0.1921875 0.184375
0 0.25390625 0.4234375 0.1953125 0.1765625
0 0.0859375 0.5234375 0.171875 0.171875
0 0.44921875 0.32421875 0.171875 0.1640625
0 0.57421875 0.50390625 0.1640625 0.1953125
0 0.1796875 0.696875 0.1796875 0.16875
0 0.696875 0.6859375 0.215625 0.1921875
0 0.08203125 0.928125 0.1640625 0.1375
0 0.94140625 0.2984375 0.109375 0.16875
0 0.796875 0.39453125 0.16875 0.15625
0 0.88125 0.140625 0.15625 0.1375
0 0.9078125 0.61328125 0.1765625 0.140625
0 0.79296875 0.87890625 0.171875 0.153125
0 0.9625 0.7796875 0.075 0.2
0 0.180012571875 0.0909681046875 0.060679000000000004 0.176386 0.030338999999999998 0.796087 0.180012571875 0.0909681046875
0 0.90390625 0.9828125 0.1890625 0.034375
0 0.384375 0.98203125 0.1796875 0.0359375
0 0.9125 0.98671875 0.175 0.0265625
0 0.38203125 0.98671875 0.1765625 0.0265625
0 0.753125 0.00703125 0.146875 0.0140625