0 0.109375 0.9046875 0.1953125 0.16875
0 0.2984375 0.69921875 0.1609375 0.1484375
0 0.9234375 0.1234375 0.1453125 0.1296875
0 0.509375 0.8671875 0.1765625 0.1484375
0 0.109375 0.51171875 0.15625 0.1484375
0 0.91015625 0.8609375 0.1484375 0.1296875
0 0.9296875 0.4671875 0.125 0.1453125
0 0.7109375 0.3109375 0.140625 0.1375
0 0.509375 0.1421875 0.1765625 0.16875
0 0.09765625 0.134375 0.140625 0.1375
0 0.2236430515625 0.12147235625 0.692718 0.014859 0.145313 0.029642 0.2236430515625 0.12147235625
0 0.2236430515625 0.12147235625 0.153125 0.1375 0.703125 0.68359375 0.2236430515625 0.12147235625
0 0.2875 0.025 0.15625 0.05
0 0.2796875 0.01484375 0.1484375 0.0296875