0 0.5609375 0.5296875 0.215625 0.2
0 0.915625 0.5609375 0.1609375 0.23125
0 0.7109375 0.72265625 0.2421875 0.2265625
0 0.78515625 0.3609375 0.1875 0.184375
0 0.13671875 0.48046875 0.2109375 0.1953125
0 0.38125 0.34765625 0.2078125 0.1953125
0 0.4984375 0.9125 0.2078125 0.16875
0 0.3046875 0.6796875 0.234375 0.2265625
0 0.0859375 0.8296875 0.171875 0.2
0 0.8984375 0.9046875 0.1953125 0.184375
0 0.1859375 0.1171875 0.16875 0.1796875
0 0.6109375 0.1796875 0.2078125 0.1953125
0 0.25390625 0.9609375 0.21875 0.0703125
0 0.4046875 0.0546875 0.215625 0.109375
0 0.0703125 0.21875 0.03515625 0.271875 0.036359999999999996 0.194486 0.018179999999999998 0.630741 0.0703125 0.21875
0 0.05546875 0.01796875 0.1109375 0.0359375
0 0.6921875 0.9921875 0.19375 0.015625