0 0.8296875 0.5375 0.153125 0.1453125
0 0.4046875 0.9359375 0.1609375 0.121875
0 0.609375 0.38671875 0.140625 0.1484375
0 0.6171875 0.7421875 0.1484375 0.140625
0 0.421875 0.5609375 0.1296875 0.121875
0 0.41015625 0.18125 0.1140625 0.1296875
0 0.6015625 0.0453125 0.1609375 0.090625
0 0.96875 0.3671875 0.0625 0.1640625
0 0.0828125 0.1765625 0.95859375 0.72578125 0.072775 0.11583099999999999 0.036438 0.941821 0.0828125 0.1765625
0 0.1875 0.03125 0.146875 0.0625
0 0.9640625 0.03828125 0.0703125 0.0765625