0 0.59375 0.81640625 0.15625 0.1328125
0 0.8609375 0.853125 0.153125 0.1453125
0 0.8984375 0.5921875 0.1640625 0.1375
0 0.3046875 0.7359375 0.1328125 0.1375
0 0.78515625 0.3984375 0.140625 0.1171875
0 0.4921875 0.3109375 0.1484375 0.153125
0 0.38671875 0.1484375 0.15625 0.1484375
0 0.63671875 0.51171875 0.1640625 0.1484375
0 0.6546875 0.203125 0.153125 0.15625
0 0.9390625 0.28515625 0.1140625 0.125
0 0.7484375 0.6859375 0.1296875 0.1296875
0 0.0625 0.3671875 0.125 0.1484375
0 0.16015625 0.853125 0.1328125 0.1375
0 0.69921875 0.9546875 0.1484375 0.075
0 0.7984375 0.0921875 0.153125 0.1296875
0 0.2796875 0.03125 0.1375 0.0625
0 0.23046875 0.265625 0.1453125 0.15625
0 0.1171875 0.09765625 0.125 0.1296875
0 0.3375 0.42578125 0.1453125 0.1484375
0 0.18125 0.55078125 0.16875 0.1375
0 0.05078125 0.64453125 0.1015625 0.1296875
0 0.478125 0.6171875 0.1375 0.1609375
0 0.4296875 0.921875 0.1375 0.125
0 0.15019533125 0.10112929687500001 0.0625 0.1140625 0.96875 0.75390625 0.15019533125 0.10112929687500001
0 0.95390625 0.02265625 0.0921875 0.0453125
0 0.01875 0.21484375 0.0375 0.1296875
0 0.02421875 0.94921875 0.0484375 0.1015625
0 0.9875 0.47890625 0.025 0.1296875
0 0.990625 0.478125 0.01875 0.1296875
0 0.26484375 0.978125 0.14375 0.04375
0 0.9359375 0.98046875 0.1265625 0.0390625
0 0.0125 0.21328125 0.025 0.128125
0 0.93359375 0.98671875 0.13125 0.0265625
0 0.01875 0.9515625 0.0375 0.096875