0 0.5921875 0.38671875 0.2078125 0.1953125
0 0.91015625 0.4609375 0.1640625 0.1953125
0 0.7046875 0.603125 0.1921875 0.184375
0 0.2484375 0.8734375 0.215625 0.1921875
0 0.31640625 0.5609375 0.1875 0.1921875
0 0.5859375 0.8984375 0.2109375 0.1953125
0 0.9390625 0.9359375 0.1140625 0.121875
0 0.4671875 0.73046875 0.16875 0.1796875
0 0.44921875 0.1734375 0.2109375 0.2078125
0 0.821875 0.78515625 0.184375 0.171875
0 0.22265625 0.31640625 0.2265625 0.203125
0 0.7984375 0.234375 0.1921875 0.1796875
0 0.690625 0.06015625 0.21875 0.1203125
0 0.1078125 0.6859375 0.2 0.184375
0 0.04296875 0.4671875 0.0859375 0.1953125
0 0.1032877625 0.1435651859375 0.97109375 0.0953125 0.10666800000000001 0.08852499999999999 0.1032877625 0.1435651859375
0 0.1032877625 0.1435651859375 0.0578125 0.14609375 0.053409 0.955738 0.1032877625 0.1435651859375
0 0.34765625 0.978125 0.19375 0.04375
0 0.34609375 0.98515625 0.2 0.0296875