0 0.19140625 0.5234375 0.1953125 0.2109375
0 0.196875 0.765625 0.215625 0.21875
0 0.196875 0.2484375 0.2 0.2234375
0 0.7734375 0.5171875 0.234375 0.184375
0 0.2109375 0.94921875 0.265625 0.0859375
0 0.4921875 0.7984375 0.234375 0.1609375
0 0.47265625 0.25390625 0.2109375 0.2109375
0 0.475 0.9546875 0.2 0.0828125
0 0.76171875 0.9671875 0.21875 0.059375
0 0.046875 0.4859375 0.09375 0.1609375
0 0.4921875 0.0546875 0.203125 0.109375
0 0.7734375 0.2671875 0.1953125 0.1828125
0 0.48046875 0.4859375 0.15625 0.153125
0 0.04296875 0.75390625 0.0859375 0.1953125
0 0.76171875 0.7796875 0.2265625 0.1609375
0 0.95859375 0.7359375 0.0828125 0.203125
0 0.0375 0.2421875 0.0703125 0.184375
0 0.1703125 0.0484375 0.171875 0.096875
0 0.75625 0.05078125 0.1609375 0.1015625
0 0.0711807078125 0.191865809375 0.972569 0.8189 0.075 0.10625 0.0711807078125 0.191865809375
0 0.0375 0.946875 0.0711807078125 0.191865809375 0.054862 0.180514 0.0375 0.946875
0 0.0328125 0.03359375 0.065625 0.0671875
0 0.95625 0.96796875 0.0875 0.0640625