0 0.7796875 0.0546875 0.153125 0.109375
0 0.94921875 0.4234375 0.09375 0.16875
0 0.37109375 0.240625 0.121875 0.109375
0 0.5859375 0.140625 0.1484375 0.1328125
0 0.8921875 0.2421875 0.140625 0.1375
0 0.6703125 0.34765625 0.153125 0.1296875
0 0.7828125 0.525 0.140625 0.140625
0 0.896875 0.7203125 0.153125 0.1328125
0 0.71484375 0.8265625 0.1328125 0.121875
0 0.82421875 0.95859375 0.1171875 0.0828125
0 0.9546875 0.8734375 0.090625 0.125
0 0.5015625 0.9078125 0.1609375 0.1328125
0 0.375 0.7203125 0.1171875 0.1375
0 0.57421875 0.625 0.1296875 0.121875
0 0.48046875 0.44140625 0.1484375 0.1375
0 0.2671875 0.55859375 0.1484375 0.140625
0 0.08203125 0.63125 0.140625 0.1296875
0 0.1875 0.79296875 0.125 0.1484375
0 0.165625 0.3578125 0.140625 0.121875
0 0.27734375 0.0609375 0.1453125 0.121875
0 0.1171875 0.1140625 0.05859375 0.171875 0.037641 0.149271 0.018820999999999997 0.44643499999999997 0.1171875 0.1140625
0 0.3125 0.9703125 0.1359375 0.059375
0 0.478125 0.015625 0.159375 0.03125
0 0.9625 0.01796875 0.0734375 0.0359375