0 0.4296875 0.5546875 0.1640625 0.15625
0 0.1109375 0.84765625 0.16875 0.1484375
0 0.725 0.2171875 0.16875 0.1765625
0 0.11171875 0.57109375 0.1828125 0.1546875
0 0.1078125 0.3375 0.1765625 0.153125
0 0.3921875 0.2796875 0.1765625 0.153125
0 0.78515625 0.49375 0.1921875 0.1953125
0 0.7984375 0.75625 0.140625 0.1453125
0 0.453125 0.8046875 0.1609375 0.1484375
0 0.353125 0.0375 0.140625 0.075
0 0.0640625 0.07421875 0.128125 0.1484375
0 0.828125 0.96875 0.1171875 0.0625
0 0.715625 0.0359375 0.2234375 0.071875
0 0.13309796406250002 0.156442078125 0.97265625 0.18359375 0.043319 0.127722 0.13309796406250002 0.156442078125
0 0.13309796406250002 0.156442078125 0.0546875 0.15390625 0.97834 0.42683299999999996 0.13309796406250002 0.156442078125
0 0.984375 0.421875 0.03125 0.128125
0 0.49453125 0.98671875 0.153125 0.0265625
0 0.48984375 0.98125 0.1546875 0.0375
0 0.03046875 0.33515625 0.0609375 0.13125