0 0.7484375 0.3421875 0.1609375 0.1921875
0 0.3609375 0.8671875 0.1921875 0.1796875
0 0.4296875 0.2984375 0.1953125 0.215625
0 0.6171875 0.53515625 0.1953125 0.1640625
0 0.571875 0.134375 0.2 0.2
0 0.1546875 0.66796875 0.1765625 0.1796875
0 0.84765625 0.171875 0.1796875 0.1875
0 0.290625 0.4609375 0.1765625 0.1953125
0 0.06640625 0.8296875 0.1328125 0.1921875
0 0.265625 0.203125 0.1328125 0.1640625
0 0.46484375 0.6953125 0.15625 0.153125
0 0.11640625 0.34765625 0.1296875 0.1375
0 0.1078125 0.0765625 0.1296875 0.1234375
0 0.6859375 0.0453125 0.2 0.090625
0 0.95703125 0.03984375 0.0859375 0.0796875
0 0.1015142765625 0.3161503859375 0.06875 0.1390625 0.034375 0.50703125 0.1015142765625 0.3161503859375
0 0.1015142765625 0.3161503859375 0.22212700000000002 0.968051 0.19024000000000002 0.063898 0.1015142765625 0.3161503859375
0 0.0203125 0.234375 0.040625 0.146875
0 0.0140625 0.2375 0.028125 0.1421875