0 0.384375 0.7984375 0.184375 0.1609375
0 0.4921875 0.5171875 0.1953125 0.215625
0 0.8734375 0.3359375 0.1453125 0.171875
0 0.9546875 0.5171875 0.0828125 0.184375
0 0.3734375 0.3296875 0.2 0.1921875
0 0.8984375 0.8109375 0.1875 0.1453125
0 0.1734375 0.4296875 0.215625 0.1640625
0 0.609375 0.228125 0.1875 0.1765625
0 0.4609375 0.0609375 0.15625 0.121875
0 0.790625 0.6171875 0.23125 0.203125
0 0.1859375 0.9046875 0.1765625 0.16875
0 0.28125 0.6328125 0.1609375 0.1453125
0 0.6015625 0.7109375 0.109375 0.1296875
0 0.6875 0.90234375 0.1875 0.1796875
0 0.6859375 0.4125 0.1765625 0.15625
0 0.9453125 0.06640625 0.109375 0.1328125
0 0.78515625 0.1546875 0.1484375 0.1484375
0 0.2796875 0.1328125 0.1453125 0.121875
0 0.07421875 0.24375 0.1484375 0.1484375
0 0.07421875 0.7046875 0.121875 0.1171875
0 0.49765625 0.94375 0.234375 0.1125
0 0.2046875 0.08515625 0.68125 0.04296875 0.086757 0.09154799999999999 0.956622 0.954226 0.2046875 0.08515625
0 0.0265625 0.95859375 0.053125 0.0828125
0 0.02109375 0.534375 0.0421875 0.1765625
0 0.95703125 0.95390625 0.0859375 0.0921875
0 0.01875 0.07578125 0.0375 0.1515625
0 0.01328125 0.071875 0.0265625 0.14375
0 0.0140625 0.53125 0.028125 0.165625
0 0.1765625 0.00703125 0.1453125 0.0140625