0 0.8734375 0.78515625 0.2078125 0.1953125
0 0.4609375 0.1796875 0.234375 0.203125
0 0.515625 0.76171875 0.1875 0.1796875
0 0.734375 0.5796875 0.171875 0.1765625
0 0.87890625 0.23046875 0.1875 0.1953125
0 0.609375 0.3671875 0.1953125 0.2109375
0 0.9359375 0.4296875 0.121875 0.171875
0 0.1171875 0.7109375 0.1796875 0.1796875
0 0.37265625 0.040625 0.1828125 0.08125
0 0.1171875 0.134375 0.203125 0.1765625
0 0.2109375 0.3296875 0.1484375 0.1921875
0 0.0375 0.4984375 0.075 0.2078125
0 0.63671875 0.9296875 0.2109375 0.125
0 0.7359375 0.06875 0.2234375 0.1375
0 0.25625 0.9125 0.1921875 0.1640625
0 0.178349784375 0.1879670375 0.103127 0.054327 0.051564 0.9726839999999999 0.178349784375 0.1879670375