0 0.44375 0.5234375 0.2390625 0.21875
0 0.3921875 0.1484375 0.2390625 0.2265625
0 0.85 0.478125 0.2 0.1921875
0 0.2171875 0.3609375 0.2234375 0.2390625
0 0.9046875 0.8609375 0.1765625 0.1609375
0 0.7796875 0.103125 0.1765625 0.1921875
0 0.06875 0.5796875 0.1375 0.1921875
0 0.2796875 0.73046875 0.2234375 0.25
0 0.6796875 0.69375 0.203125 0.2
0 0.509375 0.9046875 0.215625 0.1765625
0 0.60546875 0.31640625 0.2265625 0.2109375
0 0.9609375 0.2421875 0.0703125 0.1953125
0 0.14765625 0.040625 0.1953125 0.08125
0 0.13671875 0.9296875 0.21875 0.125
0 0.0453125 0.234375 0.090625 0.234375 0.548175 0.024204 0.233764 0.048348999999999996 0.0453125 0.234375
0 0.73515625 0.99140625 0.165625 0.0171875
0 0.98515625 0.6453125 0.0296875 0.178125
0 0.73359375 0.9890625 0.18125 0.021875