0 0.415625 0.1234375 0.1609375 0.1609375
0 0.1734375 0.4921875 0.1609375 0.15625
0 0.509375 0.5609375 0.1765625 0.1375
0 0.2171875 0.228125 0.121875 0.1296875
0 0.740625 0.41796875 0.1375 0.140625
0 0.92578125 0.3109375 0.1140625 0.1640625
0 0.94921875 0.05078125 0.1015625 0.1015625
0 0.76171875 0.15234375 0.1328125 0.15625
0 0.5859375 0.2640625 0.1171875 0.153125
0 0.37890625 0.3890625 0.1296875 0.1171875
0 0.275 0.7046875 0.15625 0.1484375
0 0.07421875 0.09765625 0.125 0.10625
0 0.88671875 0.915625 0.2265625 0.16875 0.5915090000000001 0.029348999999999997 0.125962 0.058697 0.88671875 0.915625
0 0.04375 0.34375 0.0875 0.11875
0 0.04921875 0.60625 0.0984375 0.13125
0 0.2609375 0.0203125 0.1484375 0.040625
0 0.2625 0.01328125 0.1546875 0.0265625