0 0.1546875 0.6875 0.1765625 0.15625
0 0.321875 0.81640625 0.1765625 0.1640625
0 0.9453125 0.4671875 0.1015625 0.1609375
0 0.9234375 0.165625 0.1453125 0.16875
0 0.04296875 0.8421875 0.0859375 0.16875
0 0.634375 0.7734375 0.1609375 0.1484375
0 0.7671875 0.3421875 0.1453125 0.1453125
0 0.63671875 0.509375 0.1640625 0.1140625
0 0.03125 0.54296875 0.0625 0.1328125
0 0.478125 0.94375 0.1765625 0.10625
0 0.3109375 0.5375 0.1609375 0.1453125
0 0.48046875 0.375 0.1296875 0.15625
0 0.615625 0.2046875 0.153125 0.15625
0 0.4453125 0.07421875 0.153125 0.1375
0 0.7765625 0.05625 0.1875 0.1125
0 0.1421875 0.37109375 0.1484375 0.140625
0 0.7984375 0.6328125 0.1484375 0.1296875
0 0.4765625 0.6625 0.121875 0.125
0 0.94921875 0.759375 0.1015625 0.1453125
0 0.81015625 0.92734375 0.1453125 0.1453125
0 0.15234375 0.9453125 0.1640625 0.109375