0 0.7796875 0.2171875 0.121875 0.1296875
0 0.525 0.259375 0.1453125 0.1328125
0 0.8125 0.45703125 0.15625 0.1765625
0 0.51171875 0.509375 0.15625 0.1640625
0 0.58984375 0.7578125 0.1796875 0.234375
0 0.8375 0.71875 0.125 0.1296875
0 0.2734375 0.8140625 0.1921875 0.1453125
0 0.24375 0.56640625 0.1765625 0.184375
0 0.1953125 0.3109375 0.1953125 0.2
0 0.15234375 0.06640625 0.1296875 0.1328125
0 0.515625 0.053125 0.1484375 0.10625
0 0.75390625 0.04296875 0.1453125 0.0859375 0.13661359687500002 0.1505181921875 0.75390625 0.04296875
0 0.13661359687500002 0.1505181921875 0.084763 0.159552 0.042381999999999996 0.850094 0.13661359687500002 0.1505181921875
0 0.02265625 0.59140625 0.0453125 0.15625
0 0.97265625 0.48828125 0.0546875 0.1984375
0 0.01484375 0.5984375 0.0296875 0.1546875