0 0.9125 0.35546875 0.16875 0.15625
0 0.2984375 0.1421875 0.2234375 0.2
0 0.8359375 0.634375 0.1796875 0.184375
0 0.2171875 0.915625 0.16875 0.153125
0 0.6171875 0.2359375 0.1953125 0.184375
0 0.4046875 0.3359375 0.2234375 0.1875
0 0.7421875 0.91015625 0.203125 0.1484375
0 0.1109375 0.73046875 0.1609375 0.1796875
0 0.5171875 0.53515625 0.2078125 0.171875
0 0.8109375 0.1546875 0.1609375 0.184375
0 0.51640625 0.071875 0.1828125 0.14375
0 0.196875 0.4203125 0.1328125 0.1375
0 0.1015625 0.2484375 0.15625 0.1640625
0 0.29296875 0.6171875 0.171875 0.1796875
0 0.40625 0.80625 0.1453125 0.125
0 0.6078125 0.7125 0.1484375 0.153125
0 0.71875 0.40234375 0.0984375 0.1015625
0 0.0484375 0.5390625 0.096875 0.1875
0 0.53515625 0.9625 0.16875 0.075
0 0.946875 0.79296875 0.10625 0.1140625
0 0.12152513125 0.19246270468749999 0.9609375 0.5296875 0.128918 0.093863 0.12152513125 0.19246270468749999
0 0.12152513125 0.19246270468749999 0.0625 0.16875 0.064496 0.953068 0.12152513125 0.19246270468749999
0 0.97109375 0.071875 0.0578125 0.1421875
0 0.71796875 0.0296875 0.2109375 0.059375
0 0.971875 0.959375 0.05625 0.08125