0 0.69921875 0.796875 0.203125 0.1796875
0 0.07421875 0.540625 0.1484375 0.1296875
0 0.7984375 0.6171875 0.153125 0.15625
0 0.4921875 0.2421875 0.1328125 0.109375
0 0.3046875 0.6109375 0.1484375 0.1296875
0 0.6703125 0.3421875 0.1484375 0.16875
0 0.490625 0.70703125 0.16875 0.15625
0 0.4140625 0.89453125 0.1453125 0.1328125
0 0.0375 0.728125 0.075 0.171875
0 0.0859375 0.0796875 0.1453125 0.1453125 0.600003 0.9569979999999999 0.13419399999999998 0.085955 0.0859375 0.0796875
0 0.57734375 0.06640625 0.1484375 0.13125
0 0.97109375 0.2234375 0.0578125 0.13125
0 0.93359375 0.97734375 0.1328125 0.0453125