0 0.34765625 0.5921875 0.1484375 0.1375
0 0.94921875 0.3984375 0.09375 0.1171875
0 0.5484375 0.4046875 0.121875 0.121875
0 0.53515625 0.04296875 0.1484375 0.0859375
0 0.3359375 0.225 0.1328125 0.1328125
0 0.7265625 0.209375 0.125 0.1484375
0 0.12890625 0.40625 0.1453125 0.1375
0 0.54296875 0.75625 0.1375 0.125
0 0.75703125 0.94296875 0.1203125 0.1140625
0 0.946875 0.75 0.10625 0.1453125
0 0.365625 0.9609375 0.125 0.078125
0 0.14140625 0.778125 0.1484375 0.1375
0 0.11328125 0.06484375 0.1515625 0.1296875
0 0.9359375 0.04921875 0.128125 0.0984375