0 0.8421875 0.09765625 0.2234375 0.1953125
0 0.44375 0.28515625 0.2390625 0.2421875
0 0.6421875 0.19921875 0.2234375 0.21875
0 0.44140625 0.7671875 0.25 0.2390625
0 0.3109375 0.09765625 0.2 0.1953125
0 0.8609375 0.571875 0.2234375 0.2234375
0 0.1171875 0.19921875 0.21875 0.2265625
0 0.228125 0.884375 0.2234375 0.2234375
0 0.32421875 0.56875 0.2109375 0.2
0 0.7421875 0.38671875 0.2109375 0.2109375
0 0.12890625 0.6734375 0.21875 0.215625
0 0.06875 0.4859375 0.1375 0.2078125
0 0.21484375 0.390625 0.1484375 0.1484375
0 0.5375 0.4703125 0.203125 0.1953125
0 0.634375 0.69375 0.1609375 0.1609375
0 0.1233228859375 0.12343225937499999 0.12495700000000001 0.09929 0.062478 0.049645 0.1233228859375 0.12343225937499999
0 0.06875 0.9296875 0.1375 0.140625 0.1233228859375 0.12343225937499999 0.06875 0.9296875
0 0.91875 0.27421875 0.1625 0.1921875
0 0.85078125 0.96796875 0.234375 0.0640625
0 0.52578125 0.02890625 0.13125 0.0578125
0 0.97578125 0.05 0.0484375 0.1
0 0.978125 0.4578125 0.04375 0.209375
0 0.9796875 0.9140625 0.040625 0.171875
0 0.01953125 0.74921875 0.0390625 0.20625
0 0.0125 0.2828125 0.025 0.1890625
0 0.984375 0.92421875 0.03125 0.1515625
0 0.0140625 0.74921875 0.028125 0.203125
0 0.98515625 0.91484375 0.0296875 0.1703125