0 0.44921875 0.7984375 0.1640625 0.1375
0 0.3296875 0.06875 0.215625 0.1375
0 0.2109375 0.2359375 0.171875 0.184375
0 0.446875 0.32421875 0.1453125 0.140625
0 0.11328125 0.446875 0.1484375 0.1796875
0 0.3453125 0.5484375 0.16875 0.1453125
0 0.209375 0.7171875 0.1453125 0.1484375
0 0.053125 0.61875 0.10625 0.16875
0 0.8359375 0.509375 0.16875 0.153125
0 0.93515625 0.315625 0.1296875 0.1375
0 0.74609375 0.2359375 0.15625 0.1609375
0 0.53515625 0.1734375 0.15625 0.1640625
0 0.96484375 0.1078125 0.0703125 0.1375
0 0.7578125 0.70703125 0.171875 0.1609375
0 0.65234375 0.890625 0.184375 0.153125
0 0.04296875 0.1578125 0.0859375 0.1640625 0.166896 0.9024409999999999 0.16373 0.16467400000000001 0.04296875 0.1578125
0 0.09609375 0.025 0.1625 0.05
0 0.63046875 0.0171875 0.15625 0.034375
0 0.4203125 0.96640625 0.159375 0.0671875
0 0.0421875 0.84453125 0.084375 0.178125
0 0.84140625 0.0296875 0.140625 0.059375
0 0.09765625 0.01796875 0.1625 0.0359375