0 0.06640625 0.81640625 0.125 0.15625
0 0.225 0.6796875 0.1453125 0.140625
0 0.43125 0.54296875 0.153125 0.15625
0 0.6109375 0.4140625 0.140625 0.1328125
0 0.79296875 0.296875 0.1296875 0.1140625
0 0.69140625 0.078125 0.1375 0.1375
0 0.9546875 0.140625 0.090625 0.1296875
0 0.91171875 0.4671875 0.1125 0.10625
0 0.7328125 0.59375 0.1140625 0.09375
0 0.35 0.85 0.1328125 0.125
0 0.6578125 0.9078125 0.109375 0.109375
0 0.8578125 0.7828125 0.10625 0.125
0 0.9453125 0.946875 0.109375 0.10625
0 0.30078125 0.3515625 0.121875 0.109375
0 0.0296875 0.2796875 0.059375 0.140625
0 0.1890625 0.1703125 0.109375 0.109375
0 0.38125 0.0625 0.1328125 0.1171875
0 0.975 0.6359375 0.05 0.13125
0 0.8484375 0.025 0.17421875 0.05 0.1655398375 0.12907603437499998 0.8484375 0.025
0 0.1655398375 0.12907603437499998 0.13018000000000002 0.134465 0.128091 0.47028299999999995 0.1655398375 0.12907603437499998
0 0.5 0.22109375 0.1140625 0.121875
0 0.5328125 0.72421875 0.121875 0.1015625
0 0.08046875 0.025 0.1515625 0.05
0 0.16640625 0.971875 0.1203125 0.05625
0 0.01171875 0.6234375 0.0234375 0.146875
0 0.015625 0.621875 0.03125 0.140625
0 0.00859375 0.6203125 0.0171875 0.1453125