0 0.9234375 0.7734375 0.1453125 0.171875
0 0.071875 0.91015625 0.121875 0.1328125
0 0.8609375 0.53515625 0.153125 0.1484375
0 0.5640625 0.31640625 0.140625 0.1171875
0 0.5796875 0.5640625 0.1296875 0.1171875
0 0.640625 0.8421875 0.1375 0.121875
0 0.3453125 0.8765625 0.0859375 0.090625
0 0.303125 0.615625 0.109375 0.109375
0 0.0703125 0.65234375 0.1171875 0.1171875
0 0.2640625 0.359375 0.1328125 0.1375
0 0.5328125 0.0609375 0.1296875 0.121875
0 0.80234375 0.0328125 0.1921875 0.065625
0 0.83984375 0.26171875 0.1796875 0.1609375
0 0.1423142359375 0.12268180312500002 0.046672000000000005 0.14166 0.023336000000000003 0.38123999999999997 0.1423142359375 0.12268180312500002