0 0.4296875 0.4671875 0.171875 0.1453125
0 0.3296875 0.7484375 0.1609375 0.1609375
0 0.303125 0.2796875 0.1328125 0.121875
0 0.509375 0.1734375 0.153125 0.140625
0 0.703125 0.0953125 0.121875 0.10625
0 0.80078125 0.271875 0.140625 0.125
0 0.61328125 0.33984375 0.1328125 0.1328125
0 0.93125 0.4609375 0.1375 0.1640625
0 0.71484375 0.55078125 0.10625 0.140625
0 0.53125 0.6421875 0.125 0.1375
0 0.23046875 0.5453125 0.1484375 0.125
0 0.03125 0.65 0.0625 0.109375
0 0.0953125 0.821875 0.1453125 0.140625
0 0.9234375 0.9296875 0.153125 0.140625
0 0.1171875 0.37109375 0.1140625 0.125
0 0.2015625 0.0875 0.125 0.1140625
0 0.384375 0.03125 0.109375 0.0625
0 0.915625 0.0375 0.125 0.075
0 0.0328125 0.17890625 0.065625 0.1609375 0.976451 0.171233 0.047097 0.134941 0.0328125 0.17890625
0 0.74453125 0.9734375 0.140625 0.053125
0 0.7453125 0.984375 0.146875 0.03125