0 0.59375 0.290625 0.153125 0.1375
0 0.52421875 0.0484375 0.1359375 0.096875
0 0.225 0.06875 0.0828125 0.075
0 0.27734375 0.3046875 0.109375 0.0859375
0 0.03515625 0.33984375 0.0703125 0.09375
0 0.053125 0.5796875 0.09375 0.140625
0 0.1328125 0.896875 0.140625 0.125
0 0.37109375 0.8515625 0.125 0.1171875
0 0.31640625 0.56875 0.125 0.121875
0 0.68359375 0.77734375 0.1171875 0.10625
0 0.6625 0.5453125 0.15625 0.1453125
0 0.91015625 0.4921875 0.1015625 0.1140625
0 0.928125 0.7421875 0.1140625 0.1296875
0 0.17044446562499999 0.1447149859375 0.85 0.29296875 0.086197 0.05611699999999999 0.17044446562499999 0.1447149859375
0 0.17044446562499999 0.1447149859375 0.1015625 0.1296875 0.956902 0.971785 0.17044446562499999 0.1447149859375
0 0.825 0.0671875 0.1484375 0.134375
0 0.01796875 0.109375 0.0359375 0.121875
0 0.71640625 0.98046875 0.121875 0.0390625
0 0.71796875 0.9859375 0.13125 0.028125
0 0.01171875 0.10546875 0.0234375 0.13125