0 0.0796875 0.59765625 0.159375 0.1796875
0 0.3609375 0.8734375 0.1609375 0.1375
0 0.3609375 0.60546875 0.1765625 0.1484375
0 0.9359375 0.3671875 0.121875 0.1484375
0 0.7109375 0.165625 0.1953125 0.1765625
0 0.9609375 0.1859375 0.0703125 0.1609375
0 0.69140625 0.6234375 0.1640625 0.153125
0 0.10546875 0.38671875 0.15625 0.125
0 0.928125 0.5796875 0.1375 0.1375
0 0.69921875 0.37890625 0.1796875 0.1640625
0 0.603125 0.9828125 0.10625 0.028125
0 0.375 0.3765625 0.215625 0.2
0 0.11875 0.1640625 0.16875 0.1453125
0 0.06875 0.85 0.121875 0.1453125
0 0.175961946875 0.1788072890625 0.406902 0.17142200000000002 0.12984500000000002 0.138295 0.175961946875 0.1788072890625
0 0.175961946875 0.1788072890625 0.1484375 0.1796875 0.92578125 0.8375 0.175961946875 0.1788072890625
0 0.40703125 0.01953125 0.140625 0.0390625
0 0.72578125 0.02109375 0.1859375 0.0421875
0 0.40546875 0.0140625 0.14375 0.028125