0 0.478125 0.28125 0.2 0.1875
0 0.1546875 0.29296875 0.2078125 0.1953125
0 0.5234375 0.8734375 0.21875 0.2
0 0.35 0.7359375 0.2078125 0.184375
0 0.9296875 0.10546875 0.1328125 0.1875
0 0.3109375 0.12890625 0.215625 0.1796875
0 0.1796875 0.603125 0.1640625 0.1609375
0 0.8296875 0.56640625 0.1921875 0.1796875
0 0.946875 0.7046875 0.0984375 0.1921875
0 0.1171875 0.04296875 0.2109375 0.0859375
0 0.3359375 0.9609375 0.203125 0.0703125
0 0.84765625 0.865625 0.637834234375 0.6393607921875 0.080943 0.11281699999999999 0.84765625 0.865625
0 0.637834234375 0.6393607921875 0.9595290000000001 0.943525 0.1796875 0.1453125 0.637834234375 0.6393607921875
0 0.96328125 0.4109375 0.0734375 0.1421875
0 0.7875 0.01953125 0.175 0.0390625
0 0.67890625 0.9703125 0.1921875 0.059375
0 0.03203125 0.15625 0.0640625 0.171875
0 0.0328125 0.45546875 0.065625 0.10625
0 0.0453125 0.75625 0.0890625 0.1640625
0 0.66953125 0.72734375 0.121875 0.109375
0 0.64375 0.4265625 0.13125 0.134375
0 0.053125 0.97734375 0.10625 0.0453125
0 0.46953125 0.0265625 0.146875 0.053125
0 0.03203125 0.15546875 0.0640625 0.1734375
0 0.05625 0.984375 0.109375 0.03125