0 0.7109375 0.821875 0.2421875 0.2390625
0 0.3734375 0.5859375 0.2078125 0.203125
0 0.5234375 0.41796875 0.2421875 0.2265625
0 0.128125 0.0875 0.234375 0.175
0 0.9296875 0.4296875 0.1328125 0.203125
0 0.3421875 0.2484375 0.2078125 0.2234375
0 0.82890625 0.6203125 0.2640625 0.2234375
0 0.1734375 0.4359375 0.23125 0.215625
0 0.49765625 0.05625 0.2078125 0.1125
0 0.228125 0.79296875 0.2 0.1953125
0 0.07421875 0.665625 0.1484375 0.2390625
0 0.8734375 0.0546875 0.2078125 0.109375
0 0.9609375 0.759375 0.0703125 0.184375
0 0.0375 0.2921875 0.075 0.2125
0 0.09140625 0.9484375 0.1828125 0.103125
0 0.503125 0.9625 0.234375 0.075
0 0.8671875 0.92265625 0.2359375 0.1546875
0 0.68046875 0.19765625 0.21875 0.1796875