0 0.0859375 0.47265625 0.1484375 0.1640625
0 0.9234375 0.7671875 0.1375 0.153125
0 0.2484375 0.3671875 0.2265625 0.21875
0 0.46484375 0.490625 0.1375 0.1796875
0 0.65234375 0.3578125 0.1171875 0.1453125
0 0.8125 0.50390625 0.1609375 0.2390625
0 0.6984375 0.16484375 0.171875 0.1875
0 0.890625 0.2640625 0.0984375 0.140625
0 0.96484375 0.17578125 0.0703125 0.15625
0 0.96171875 0.4359375 0.0765625 0.184375
0 0.59375 0.69375 0.1875 0.16875
0 0.740625 0.8765625 0.1796875 0.140625
0 0.4046875 0.82421875 0.2109375 0.1796875
0 0.26171875 0.6796875 0.153125 0.1375
0 0.0875 0.7140625 0.175 0.2
0 0.178125 0.8984375 0.1375 0.1296875
0 0.03984375 0.20859375 0.0796875 0.2109375
0 0.16427869687500002 0.21306763125 0.95546875 0.92890625 0.157193 0.083152 0.16427869687500002 0.21306763125
0 0.16427869687500002 0.21306763125 0.0859375 0.1421875 0.20493100000000003 0.9584239999999999 0.16427869687500002 0.21306763125
0 0.0359375 0.9546875 0.071875 0.090625
0 0.90625 0.0375 0.1640625 0.075