0 0.9046875 0.2171875 0.184375 0.16875
0 0.2796875 0.1234375 0.1921875 0.1921875
0 0.4671875 0.75390625 0.2 0.1953125
0 0.384375 0.28515625 0.1765625 0.1796875
0 0.07421875 0.2421875 0.1484375 0.1953125
0 0.7171875 0.3296875 0.1765625 0.184375
0 0.665625 0.6546875 0.2078125 0.2234375
0 0.296875 0.8734375 0.2109375 0.2234375
0 0.5296875 0.484375 0.1921875 0.203125
0 0.35546875 0.5859375 0.1484375 0.15625
0 0.225 0.41015625 0.2 0.1796875
0 0.8734375 0.5234375 0.2 0.171875
0 0.7734375 0.0484375 0.171875 0.096875
0 0.59765625 0.1484375 0.1484375 0.171875
0 0.05859375 0.546875 0.1171875 0.184375
0 0.178125 0.73046875 0.171875 0.15625
0 0.03515625 0.8421875 0.0703125 0.1484375
0 0.09765625 0.9546875 0.1953125 0.0828125
0 0.153125 0.1015625 0.4609375 0.05078125 0.17808 0.05517300000000001 0.143503 0.027587 0.153125 0.1015625
0 0.946875 0.9484375 0.10625 0.103125
0 0.021875 0.08046875 0.04375 0.1609375
0 0.97890625 0.38984375 0.0421875 0.18125
0 0.98515625 0.38359375 0.0296875 0.175
0 0.015625 0.0796875 0.03125 0.159375