0 0.4546875 0.6171875 0.153125 0.1640625
0 0.66796875 0.50625 0.153125 0.1375
0 0.859375 0.428125 0.1375 0.15625
0 0.9609375 0.615625 0.078125 0.1171875
0 0.765625 0.71875 0.1375 0.1171875
0 0.8890625 0.90234375 0.125 0.1453125
0 0.584375 0.82421875 0.1296875 0.1328125
0 0.68515625 0.96640625 0.1140625 0.0671875
0 0.2515625 0.7265625 0.140625 0.1171875
0 0.365625 0.928125 0.1484375 0.125
0 0.12361355781250001 0.2278382265625 0.1171875 0.1140625 0.05859375 0.8421875 0.12361355781250001 0.2278382265625
0 0.12361355781250001 0.2278382265625 0.166084 0.9797929999999999 0.143505 0.039890999999999996 0.12361355781250001 0.2278382265625
0 0.1625 0.9859375 0.1421875 0.028125