0 0.9453125 0.1234375 0.1015625 0.1375
0 0.1546875 0.1546875 0.1609375 0.1453125
0 0.1796875 0.9234375 0.140625 0.1375
0 0.959375 0.88125 0.075 0.2
0 0.3578125 0.3515625 0.1453125 0.140625
0 0.5703125 0.1734375 0.125 0.1609375
0 0.775 0.334375 0.153125 0.1328125
0 0.80078125 0.709375 0.1140625 0.1296875
0 0.1858275578125 0.096770328125 0.34957 0.021665 0.138649 0.043291 0.1858275578125 0.096770328125
0 0.1858275578125 0.096770328125 0.1140625 0.1296875 0.571875 0.534375 0.1858275578125 0.096770328125
0 0.74765625 0.01484375 0.1359375 0.0296875
0 0.75 0.01171875 0.1390625 0.0234375
0 0.02265625 0.3765625 0.0453125 0.153125
0 0.353125 0.01484375 0.140625 0.0296875
0 0.0140625 0.37109375 0.028125 0.15625