0 0.91796875 0.921875 0.15625 0.1484375
0 0.37890625 0.6421875 0.2421875 0.215625
0 0.5921875 0.484375 0.2390625 0.21875
0 0.8359375 0.3421875 0.234375 0.215625
0 0.2484375 0.103125 0.2078125 0.2
0 0.5484375 0.8609375 0.215625 0.215625
0 0.171875 0.446875 0.21875 0.2078125
0 0.06875 0.2421875 0.1375 0.1953125
0 0.7734375 0.7171875 0.203125 0.215625
0 0.12890625 0.821875 0.2265625 0.215625
0 0.44140625 0.28515625 0.2421875 0.2265625
0 0.6484375 0.134375 0.203125 0.2078125
0 0.884375 0.0296875 0.1765625 0.059375
0 0.20052108125 0.21239153593750001 0.9776999999999999 0.194166 0.1875 0.10625 0.20052108125 0.21239153593750001
0 0.290625 0.946875 0.20052108125 0.21239153593750001 0.044601 0.21604800000000002 0.290625 0.946875
0 0.02578125 0.62734375 0.0515625 0.1671875
0 0.4875 0.0125 0.19375 0.025
0 0.01640625 0.92578125 0.0328125 0.1484375
0 0.0125 0.92421875 0.025 0.1515625
0 0.49140625 0.009375 0.1890625 0.01875
0 0.01640625 0.62421875 0.0328125 0.16875