0 0.821875 0.321875 0.184375 0.153125
0 0.91171875 0.071875 0.1671875 0.14375
0 0.72265625 0.62890625 0.2109375 0.1484375
0 0.19921875 0.1484375 0.1875 0.1875
0 0.728125 0.16796875 0.215625 0.1953125
0 0.921875 0.53515625 0.1484375 0.1796875
0 0.3921875 0.0859375 0.16875 0.1640625
0 0.31640625 0.3734375 0.2109375 0.23125
0 0.41796875 0.5484375 0.1953125 0.184375
0 0.2046875 0.66015625 0.1953125 0.16875
0 0.515625 0.259375 0.1765625 0.1796875
0 0.6171875 0.459375 0.1875 0.1640625
0 0.53515625 0.7265625 0.203125 0.1796875
0 0.8203125 0.81875 0.2078125 0.1796875
0 0.95859375 0.72734375 0.0828125 0.2140625
0 0.61640625 0.91171875 0.1828125 0.1765625
0 0.4125 0.9625 0.1875 0.075
0 0.33203125 0.83984375 0.16875 0.1375
0 0.1265625 0.921875 0.2265625 0.15625
0 0.09765625 0.49609375 0.1921875 0.1921875
0 0.0546875 0.26953125 0.109375 0.1875
0 0.09375 0.04296875 0.1875 0.0859375
0 0.58359375 0.0484375 0.2140625 0.096875
0 0.28814851875 0.2202243203125 0.9546875 0.2515625 0.168489 0.079083 0.28814851875 0.2202243203125
0 0.28814851875 0.2202243203125 0.090625 0.2109375 0.915719 0.960459 0.28814851875 0.2202243203125
0 0.028125 0.74375 0.05625 0.171875
0 0.01796875 0.7421875 0.0359375 0.1734375