0 0.8984375 0.44140625 0.1875 0.1953125
0 0.6796875 0.8046875 0.203125 0.1796875
0 0.50390625 0.2109375 0.1953125 0.1875
0 0.790625 0.6171875 0.2 0.203125
0 0.3046875 0.09375 0.2109375 0.15625
0 0.634375 0.06640625 0.184375 0.1328125
0 0.8671875 0.9046875 0.2109375 0.184375
0 0.946875 0.7109375 0.0984375 0.1640625
0 0.08203125 0.4671875 0.1640625 0.2078125
0 0.0609375 0.9125 0.121875 0.16875
0 0.1546875 0.7484375 0.215625 0.1921875
0 0.2796875 0.57421875 0.215625 0.1953125
0 0.0546875 0.1734375 0.109375 0.1609375
0 0.384375 0.37890625 0.1921875 0.1953125
0 0.19140625 0.296875 0.1765625 0.2
0 0.553125 0.95703125 0.1921875 0.0859375
0 0.16875 0.090625 0.1109375 0.0453125 0.040705000000000005 0.179511 0.9795849999999999 0.249267 0.16875 0.090625
0 0.41796875 0.0140625 0.2 0.028125
0 0.98359375 0.95703125 0.0328125 0.0859375
0 0.978125 0.95859375 0.0421875 0.0828125
0 0.009375 0.6546875 0.01875 0.1625
0 0.01640625 0.65546875 0.0328125 0.1625
0 0.0125 0.653125 0.025 0.1640625