0 0.34765625 0.51171875 0.37109375 0.49609375 0.37890625 0.453125 0.390625 0.44921875 0.37109375 0.42578125 0.375 0.375 0.359375 0.359375 0.3359375 0.36328125 0.33203125 0.375 0.28515625 0.359375 0.27734375 0.359375 0.2265625 0.3828125 0.19140625 0.37109375 0.19921875 0.39453125 0.17578125 0.40234375 0.16796875 0.4453125 0.15625 0.44921875 0.16796875 0.46875 0.15625 0.49609375 0.18359375 0.52734375 0.17578125 0.53125 0.23828125 0.5703125 0.26171875 0.55859375 0.28125 0.56640625 0.32421875 0.53125 0.34375 0.53125 0.34765625 0.51171875
0 0.234906621875 0.23702875781250002 0.2310040828125 0.30568178125 0.2559803078125 0.3173840046875 0.284859075 0.3548311140625 0.3254455125 0.340788453125 0.38008105937500003 0.33688771093750003 0.4042767890625 0.3111428234375 0.4253504765625 0.24639051250000002 0.4128623625 0.2066029484375 0.39491071875 0.178517640625 0.3683734421875 0.1629146453125 0.31373789531249996 0.1629146453125 0.24817523125 0.1808580625 0.234906621875 0.23702875781250002
0 0.4078812421875 0.8219911515625 0.4946723875 0.858426578125 0.5528224921875 0.8471489343749999 0.5944822703125 0.8332687312499999 0.6066329765625 0.7942307078125 0.6048971796875 0.76560289375 0.604029215625 0.72049221875 0.5562940859375 0.66844151875 0.524181390625 0.6502237890625 0.4364149109375 0.6610243046875001 0.359278215625 0.7170221921875 0.377504340625 0.7820855625 0.4078812421875 0.8219911515625
0 0.19871459375 0.8185210234375001 0.2577326015625 0.840208815625 0.31588264062500004 0.828063671875 0.3401841875 0.7898931484375 0.3514669953125 0.7265648046875001 0.323693859375 0.6953344031250001 0.275090828125 0.663236465625 0.20529511718750001 0.6382378484375 0.12841378125 0.6970693984375 0.152715328125 0.736974953125 0.1579227859375 0.791628246875 0.19871459375 0.8185210234375001
0 0.773511940625 0.6587718203125 0.8295148749999999 0.62169609375 0.8622438125 0.577350625 0.8549215703125 0.522843659375 0.8303894218749999 0.484591125 0.8117448984375001 0.453204434375 0.7258247859375 0.41589107031249994 0.6935897609375 0.44811110625 0.6287773546875 0.4922945859375 0.6207769578125 0.5969790046875 0.7109633171875 0.6638606203124999 0.773511940625 0.6587718203125
0 0.815961325 0.3975676171875 0.8229509343749999 0.29277134843749997 0.771527153125 0.2488567265625 0.720426715625 0.2516687390625 0.6826925546875 0.31789994843749997 0.7265937703125 0.399064703125 0.815961325 0.3975676171875
0 0.7044380078125 0.1615389453125 0.7384626437499999 0.21971214374999998 0.79845345 0.2268719140625 0.841431796875 0.1901780890625 0.9023179718750001 0.0836763859375 0.8396410546874999 0.05951213281249999 0.731202828125 0.0741053703125 0.7044380078125 0.1615389453125
0 0.19391005781249998 0.020216765625 0.20123578125 0.106968684375 0.21604 0.15591382812500001 0.30828145 0.16274338593749998 0.38913506249999996 0.1524990390625 0.4381027890625 0.0910331046875 0.4403803203125 0.0432261921875 0.37546969531249996 0.0011106125 0.19391005781249998 0.020216765625
0 0.6422564796875 0.7801260671875 0.6594270234375 0.9051682265625001 0.751003296875 0.9149754250000001 0.8188678984375001 0.8806501609374999 0.8106914453125 0.7948369609375 0.7518209921875 0.744166221875 0.6677183984374999 0.735185375 0.6422564796875 0.7801260671875
0 0.991243996875 0.7939891593749999 0.958570503125 0.7472081171875 0.9029371875000001 0.748090765625 0.849210953125 0.79401005 0.8455377578125001 0.8760767218750001 0.8676144609374999 0.9458068781250001 0.949739825 0.9493375390625 0.9788809640625 0.9458068781250001 0.9797640859375001 0.8884339296875 0.991243996875 0.7939891593749999
0 0.49580784375000003 0.8649968515625 0.425444484375 0.8547364343750001 0.3759499734375 0.8828053562499999 0.3735203984375 0.970228921875 0.44316757500000004 0.9969416328125 0.5395397109375 0.9984375 0.5589761296875 0.961324684375 0.5484481125 0.8909001296874999 0.49580784375000003 0.8649968515625
0 0.8817436828125 0.6220602265624999 0.99032575 0.6579674843750001 0.9984375 0.48036980468749996 0.86747925 0.46609884687500003 0.8817436828125 0.6220602265624999
0 0.35520740625 0.941814184375 0.290299 0.814136784375 0.1830021640625 0.8278671359375 0.14058247968749998 0.9938791437500001 0.3115088015625 0.9951273953124999 0.35520740625 0.941814184375
0 0.6147572375 0 0.46653410156249997 0.0059728125 0.526602778125 0.11938037812499999 0.6254254453125 0.166875840625 0.6612729296875 0.0699463046875 0.6147572375 0
0 0.48666214218750004 0.1900406203125 0.4204520984375 0.32252152343749996 0.6128358140625 0.43375540625 0.6640548875000001 0.32377129375 0.631574725 0.2050384375 0.48666214218750004 0.1900406203125
0 0.990797284375 0.2761600515625 0.20044800000000002 0.20081600000000002 0.321118 0.253688 0.990797284375 0.2761600515625
0 0.990797284375 0.2761600515625 0.92648148125 0.3223819296875 0.9088044140625 0.3473492421875 0.9212823171875 0.40872737968750006 0.9597560312500001 0.47842794062499994 0.9984375 0.4805085828125 0.990797284375 0.2761600515625
0 0.275 0.46328125 0.2328125 0.221875
0 0.74453125 0.54140625 0.2453125 0.25625
0 0.54609375 0.30625 0.240625 0.240625
0 0.48515625 0.75546875 0.240625 0.2125
0 0.24609375 0.9078125 0.19375 0.184375
0 0.7265625 0.825 0.1828125 0.1828125
0 0.3140625 0.084375 0.246875 0.16875
0 0.459375 0.93046875 0.1984375 0.1390625
0 0.91328125 0.84609375 0.1734375 0.2078125
0 0.9359375 0.5640625 0.128125 0.2046875
0 0.571875 0.090625 0.2203125 0.18125
0 0.24375 0.74140625 0.221875 0.215625
0 0.80546875 0.15078125 0.19375 0.18125
0 0.753125 0.33828125 0.1546875 0.159375
0 0.9546875 0.37578125 0.090625 0.2125
0 0.91328125 0.965625 0.1703125 0.06875
0 0.0671875 0.44296875 0.134375 0.2109375
0 0.040625 0.903125 0.08125 0.19375