0 0.1796875 0.51171875 0.21875 0.1953125
0 0.384375 0.44140625 0.1375 0.15625
0 0.96484375 0.07421875 0.0625 0.1484375
0 0.734375 0.50390625 0.25 0.2734375
0 0.75390625 0.8140625 0.1796875 0.1875
0 0.46875 0.7875 0.23125 0.2078125
0 0.19921875 0.728125 0.2 0.1953125
0 0.140625 0.93125 0.171875 0.1375
0 0.47421875 0.0484375 0.1796875 0.096875
0 0.15703125 0.0640625 0.1828125 0.128125
0 0.178125 0.3046875 0.153125 0.140625
0 0.7734375 0.05859375 0.1796875 0.1171875 0.2274894421875 0.1559326546875 0.7734375 0.05859375
0 0.2274894421875 0.1559326546875 0.078183 0.18255300000000002 0.960909 0.7503949999999999 0.2274894421875 0.1559326546875
0 0.94453125 0.9515625 0.1109375 0.0953125
0 0.940625 0.9453125 0.11875 0.109375
0 0.45078125 0.5171875 0.171875 0.1796875
0 0.1703125 0.97265625 0.1609375 0.0546875
0 0.96171875 0.25 0.0765625 0.1875
0 0.70625 0.9796875 0.184375 0.040625
0 0.70859375 0.9859375 0.1875 0.028125