0 0.91796875 0.9234375 0.15625 0.1453125
0 0.921875 0.5484375 0.1484375 0.153125
0 0.3296875 0.7421875 0.153125 0.140625
0 0.29296875 0.359375 0.1640625 0.140625
0 0.5234375 0.91796875 0.1640625 0.1484375
0 0.91015625 0.165625 0.1640625 0.1609375
0 0.0796875 0.19375 0.153125 0.16875
0 0.1171875 0.9359375 0.1484375 0.121875
0 0.09765625 0.56640625 0.1640625 0.1484375
0 0.7171875 0.7421875 0.153125 0.1640625
0 0.51171875 0.16796875 0.15625 0.15625
0 0.253464409375 0.1311506421875 0.692743 0.039767000000000004 0.15269 0.07953299999999999 0.253464409375 0.1311506421875
0 0.253464409375 0.1311506421875 0.1328125 0.15625 0.69140625 0.35546875 0.253464409375 0.1311506421875