0 0.4671875 0.81875 0.2 0.1765625
0 0.7484375 0.1 0.153125 0.16875
0 0.671875 0.6796875 0.203125 0.1640625
0 0.88671875 0.259375 0.1796875 0.1671875
0 0.8109375 0.8296875 0.1921875 0.1609375
0 0.1484375 0.7796875 0.140625 0.153125
0 0.546875 0.5234375 0.125 0.140625
0 0.1796875 0.475 0.153125 0.153125
0 0.0546875 0.61875 0.10625 0.1609375
0 0.2984375 0.93359375 0.1921875 0.1328125
0 0.5921875 0.9453125 0.234375 0.109375
0 0.11875 0.0703125 0.1953125 0.140625
0 0.1386447984375 0.1733207328125 0.9228479999999999 0.019195999999999998 0.154305 0.038393 0.1386447984375 0.1733207328125
0 0.1386447984375 0.1733207328125 0.10625 0.1796875 0.053125 0.91015625 0.1386447984375 0.1733207328125
0 0.92578125 0.9546875 0.1484375 0.090625
0 0.965625 0.42109375 0.06875 0.1921875
0 0.33046875 0.646875 0.1328125 0.1140625
0 0.98515625 0.13359375 0.0296875 0.178125
0 0.12109375 0.98828125 0.1765625 0.0234375
0 0.1171875 0.990625 0.1640625 0.0171875
0 0.97890625 0.1328125 0.0421875 0.175