0 0.415625 0.7109375 0.2078125 0.2109375
0 0.3609375 0.0859375 0.2 0.171875
0 0.2171875 0.2796875 0.184375 0.184375
0 0.2484375 0.5859375 0.1765625 0.2265625
0 0.06640625 0.1234375 0.1328125 0.1765625
0 0.0859375 0.44140625 0.171875 0.1953125
0 0.5296875 0.2109375 0.2078125 0.2109375
0 0.8671875 0.8359375 0.2421875 0.21875
0 0.384375 0.4234375 0.1765625 0.1609375
0 0.9453125 0.3046875 0.1015625 0.203125
0 0.0859375 0.7984375 0.171875 0.2
0 0.69140625 0.0625 0.1953125 0.125
0 0.5796875 0.853125 0.1921875 0.2
0 0.84765625 0.4921875 0.2265625 0.203125
0 0.5484375 0.5546875 0.1921875 0.171875
0 0.69140625 0.3671875 0.1875 0.171875
0 0.8421875 0.18125 0.2390625 0.2234375
0 0.6703125 0.69375 0.2390625 0.2234375
0 0.21875 0.915625 0.2265625 0.1640625
0 0.728125 0.94375 0.2390625 0.109375
0 0.2885924203125 0.182271565625 0.9357010000000001 0.037495 0.128598 0.074991 0.2885924203125 0.182271565625
0 0.2885924203125 0.182271565625 0.090625 0.2265625 0.9546875 0.62890625 0.2885924203125 0.182271565625
0 0.1828125 0.0125 0.20625 0.025
0 0.0234375 0.9453125 0.046875 0.109375
0 0.18984375 0.009375 0.1890625 0.01875