0 0.34765625 0.603125 0.1796875 0.153125
0 0.578125 0.3921875 0.15625 0.1609375
0 0.1734375 0.0609375 0.1609375 0.121875
0 0.79296875 0.5796875 0.1640625 0.1609375
0 0.57890625 0.0484375 0.1609375 0.096875
0 0.165625 0.7796875 0.1609375 0.153125
0 0.1546875 0.415625 0.1609375 0.1375
0 0.94921875 0.7484375 0.09375 0.184375
0 0.5796875 0.7671875 0.1609375 0.1453125
0 0.7671875 0.2046875 0.153125 0.153125
0 0.94921875 0.37890625 0.09375 0.1328125
0 0.37890625 0.953125 0.1640625 0.0859375
0 0.359375 0.228125 0.140625 0.1375
0 0.7796875 0.94921875 0.16875 0.09375 0.954731 0.042429 0.090537 0.08481 0.7796875 0.94921875
0 0.0296875 0.221875 0.059375 0.1578125
0 0.02421875 0.95078125 0.0484375 0.0984375
0 0.01953125 0.9515625 0.0390625 0.096875