0 0.69140625 0.6234375 0.1328125 0.1375
0 0.0796875 0.8359375 0.153125 0.171875
0 0.8921875 0.790625 0.1765625 0.16875
0 0.4546875 0.821875 0.184375 0.1375
0 0.8921875 0.4359375 0.1296875 0.1296875
0 0.8359375 0.0609375 0.1640625 0.121875
0 0.478125 0.44140625 0.16875 0.1484375
0 0.44140625 0.09765625 0.1328125 0.1015625
0 0.259375 0.2671875 0.175 0.159375
0 0.66015625 0.271875 0.1296875 0.15625
0 0.05625 0.0890625 0.1125 0.171875 0.270916 0.9576040000000001 0.161797 0.084793 0.05625 0.0890625
0 0.053125 0.45859375 0.10625 0.140625