0 0.50625 0.63125 0.2 0.2
0 0.69921875 0.0796875 0.2265625 0.159375
0 0.56875 0.34765625 0.2 0.1953125
0 0.475 0.1734375 0.1765625 0.1609375
0 0.2734375 0.2734375 0.2109375 0.1953125
0 0.3046875 0.7421875 0.203125 0.1796875
0 0.8984375 0.4296875 0.1953125 0.203125
0 0.81640625 0.734375 0.171875 0.15625
0 0.9125 0.91015625 0.16875 0.171875
0 0.0859375 0.37890625 0.171875 0.1484375
0 0.38671875 0.9296875 0.1171875 0.1328125
0 0.38125 0.45703125 0.2234375 0.1921875
0 0.79296875 0.2359375 0.1921875 0.1953125
0 0.946875 0.1859375 0.10625 0.2078125
0 0.6875 0.546875 0.234375 0.234375
0 0.95859375 0.61015625 0.0828125 0.2234375
0 0.60546875 0.828125 0.203125 0.1921875
0 0.6875 0.959375 0.2234375 0.075
0 0.08203125 0.84375 0.1640625 0.1609375
0 0.17578125 0.540625 0.1953125 0.171875
0 0.19921875 0.9625 0.1765625 0.0671875
0 0.04296875 0.6625 0.0859375 0.1796875
0 0.36796875 0.0484375 0.2453125 0.096875
0 0.1703125 0.0796875 0.109375 0.1140625
0 0.9015625 0.046875 0.196875 0.09375
0 0.1734375 0.04375 0.08671875 0.021875 0.06027400000000001 0.166072 0.030137000000000004 0.214992 0.1734375 0.04375