0 0.21875 0.69921875 0.21875 0.1953125
0 0.1171875 0.1171875 0.21875 0.203125
0 0.29296875 0.3421875 0.21875 0.215625
0 0.69921875 0.171875 0.21875 0.2109375
0 0.4546875 0.5296875 0.2078125 0.2234375
0 0.3296875 0.1484375 0.184375 0.1796875
0 0.06875 0.4984375 0.1375 0.215625
0 0.6875 0.7359375 0.25 0.2703125
0 0.91015625 0.1796875 0.171875 0.203125
0 0.69140625 0.3734375 0.2265625 0.184375
0 0.85 0.928125 0.2390625 0.1375
0 0.3296875 0.0296875 0.1609375 0.059375
0 0.9078125 0.56640625 0.1765625 0.1953125
0 0.0484375 0.88359375 0.096875 0.2234375
0 0.54296875 0.046875 0.2265625 0.09375
0 0.0859375 0.31640625 0.171875 0.1953125
0 0.49609375 0.33984375 0.171875 0.140625
0 0.5078125 0.1703125 0.1484375 0.153125
0 0.53203125 0.040625 0.2140625 0.08125
0 0.7359375 0.03125 0.2078125 0.0625
0 0.2515625 0.5296875 0.159375 0.15625
0 0.109375 0.16875 0.0546875 0.7171875 0.185476 0.033901 0.146552 0.016951 0.109375 0.16875
0 0.98515625 0.80703125 0.0296875 0.178125
0 0.98203125 0.8 0.034375 0.1984375