0 0.4671875 0.1859375 0.1453125 0.16875
0 0.8046875 0.228125 0.1640625 0.1375
0 0.3046875 0.2875 0.171875 0.16875
0 0.6234375 0.3671875 0.1375 0.1328125
0 0.165625 0.1109375 0.16875 0.1609375
0 0.9296875 0.4046875 0.1328125 0.1375
0 0.66015625 0.0625 0.1640625 0.125
0 0.4390625 0.46875 0.1453125 0.15625
0 0.7421875 0.5296875 0.1171875 0.1171875
0 0.8890625 0.6890625 0.1640625 0.140625
0 0.6875 0.828125 0.1171875 0.1140625
0 0.53125 0.63125 0.1140625 0.10625
0 0.37890625 0.75390625 0.1015625 0.1140625
0 0.525 0.9296875 0.1140625 0.140625
0 0.24609375 0.6015625 0.125 0.10625
0 0.155697884375 0.10466928125 0.34643799999999997 0.0383 0.160225 0.076601 0.155697884375 0.10466928125
0 0.155697884375 0.10466928125 0.10625 0.121875 0.053125 0.740625 0.155697884375 0.10466928125
0 0.96015625 0.8765625 0.0796875 0.134375
0 0.8390625 0.96328125 0.1421875 0.0734375
0 0.01953125 0.271875 0.0390625 0.1421875
0 0.01484375 0.271875 0.028125 0.140625