0 0.26171875 0.3984375 0.15625 0.15625
0 0.51171875 0.8921875 0.15625 0.1375
0 0.22265625 0.87890625 0.1484375 0.1796875
0 0.8296875 0.63125 0.1765625 0.1765625
0 0.7671875 0.9765625 0.1765625 0.0390625
0 0.2875 0.1859375 0.1375 0.1453125
0 0.55078125 0.16015625 0.1375 0.15625
0 0.5484375 0.35546875 0.153125 0.171875
0 0.5390625 0.5640625 0.171875 0.1375
0 0.8515625 0.390625 0.1609375 0.16875
0 0.7984375 0.8203125 0.2 0.1484375
0 0.259375 0.603125 0.1484375 0.153125
0 0.41560334374999996 0.0776895515625 0.554298 0.02116 0.185062 0.042308 0.41560334374999996 0.0776895515625
0 0.41560334374999996 0.0776895515625 0.1921875 0.16875 0.86640625 0.146875 0.41560334374999996 0.0776895515625
0 0.8859375 0.02734375 0.1734375 0.0546875