0 0.4609375 0.22265625 0.171875 0.15625
0 0.134375 0.1171875 0.16875 0.15625
0 0.33984375 0.0609375 0.15625 0.121875
0 0.240625 0.3125 0.153125 0.1328125
0 0.0703125 0.4 0.140625 0.16875
0 0.1578125 0.6078125 0.184375 0.140625
0 0.353125 0.49609375 0.1765625 0.1484375
0 0.5640625 0.390625 0.1640625 0.1453125
0 0.7640625 0.30859375 0.1609375 0.1609375
0 0.86875 0.05078125 0.1875 0.1015625
0 0.9390625 0.1953125 0.121875 0.1640625
0 0.87109375 0.4921875 0.1765625 0.1453125
0 0.6640625 0.5765625 0.1765625 0.15625
0 0.453125 0.6875 0.2 0.15625
0 0.7734375 0.7640625 0.1640625 0.153125
0 0.94296875 0.6671875 0.1140625 0.159375
0 0.89609375 0.93515625 0.1921875 0.1296875
0 0.546875 0.859375 0.16875 0.1375
0 0.2671875 0.78125 0.1984375 0.1640625
0 0.13484789531250002 0.24280077968749997 0.10625 0.15625 0.053125 0.859375 0.13484789531250002 0.24280077968749997
0 0.13484789531250002 0.24280077968749997 0.368925 0.951229 0.154101 0.09754199999999999 0.13484789531250002 0.24280077968749997
0 0.6796875 0.97890625 0.1609375 0.0421875
0 0.6796875 0.98671875 0.1640625 0.0265625
0 0.684375 0.9859375 0.159375 0.028125