0 0.4046875 0.2890625 0.15625 0.1328125
0 0.67578125 0.2484375 0.16875 0.1453125
0 0.6890625 0.5078125 0.1171875 0.140625
0 0.94140625 0.19921875 0.1171875 0.1328125
0 0.9625 0.4453125 0.075 0.1171875
0 0.4375 0.5328125 0.121875 0.109375
0 0.5 0.8296875 0.153125 0.140625
0 0.74375 0.78125 0.109375 0.10625
0 0.18359375 0.8453125 0.0984375 0.1171875
0 0.146875 0.5765625 0.09375 0.1140625
0 0.1078125 0.31640625 0.140625 0.125
0 0.05234375 0.0640625 0.1046875 0.128125
0 0.321875 0.0453125 0.1453125 0.090625 0.627966 0.022294 0.15326900000000002 0.044567 0.321875 0.0453125
0 0.93359375 0.021875 0.1328125 0.04375
0 0.03984375 0.86875 0.0796875 0.121875
0 0.99140625 0.72890625 0.0171875 0.1421875
0 0.628125 0.0140625 0.1515625 0.028125
0 0.92578125 0.0140625 0.1375 0.028125