0 0.57421875 0.696875 0.21875 0.2078125
0 0.84765625 0.66015625 0.21875 0.1953125
0 0.7484375 0.13671875 0.23125 0.21875
0 0.790625 0.3921875 0.215625 0.2234375
0 0.88671875 0.890625 0.2109375 0.1875
0 0.2109375 0.2171875 0.234375 0.2390625
0 0.290625 0.73046875 0.2390625 0.21875
0 0.2421875 0.478125 0.234375 0.2390625
0 0.4921875 0.16015625 0.2265625 0.2109375
0 0.53515625 0.41796875 0.2109375 0.2265625
0 0.0609375 0.7734375 0.121875 0.203125
0 0.25 0.15625 0.6078125 0.921875 0.23722 0.059865 0.174616 0.030057 0.25 0.15625
0 0.02890625 0.515625 0.0578125 0.2015625
0 0.0203125 0.2625 0.040625 0.2328125
0 0.06171875 0.97734375 0.1234375 0.0453125
0 0.0140625 0.26171875 0.028125 0.2203125