0 0.19140625 0.8734375 0.1796875 0.1765625
0 0.1546875 0.109375 0.215625 0.1875
0 0.7984375 0.1546875 0.1765625 0.2
0 0.9125 0.3421875 0.16875 0.2078125
0 0.84765625 0.9234375 0.1796875 0.1453125
0 0.3046875 0.2671875 0.2109375 0.1984375
0 0.88125 0.63671875 0.1765625 0.15625
0 0.6171875 0.31640625 0.1484375 0.1484375
0 0.7046875 0.75390625 0.1296875 0.1484375
0 0.4359375 0.415625 0.2 0.1765625
0 0.75390625 0.478125 0.1640625 0.1765625
0 0.0796875 0.41484375 0.159375 0.1453125
0 0.48828125 0.16015625 0.203125 0.1328125
0 0.21484375 0.54296875 0.1171875 0.1328125
0 0.37890625 0.75625 0.125 0.15625
0 0.05625 0.69453125 0.1125 0.1515625
0 0.96875 0.8265625 0.0625 0.1328125
0 0.0859375 0.09375 0.04296875 0.953125 0.110497 0.114344 0.9447509999999999 0.057172 0.0859375 0.09375
0 0.33046875 0.03515625 0.2046875 0.0703125
0 0.64453125 0.04375 0.1953125 0.0875
0 0.0296875 0.23671875 0.059375 0.2
0 0.6484375 0.9796875 0.184375 0.040625
0 0.321875 0.9859375 0.153125 0.028125
0 0.65078125 0.9859375 0.18125 0.028125
0 0.328125 0.9796875 0.14375 0.040625