0 0.096875 0.0484375 0.171875 0.096875
0 0.2984375 0.4125 0.1921875 0.1765625
0 0.103125 0.9359375 0.1765625 0.121875
0 0.18359375 0.21484375 0.1328125 0.121875
0 0.0875 0.475 0.1640625 0.1296875
0 0.2015625 0.66796875 0.2078125 0.1609375
0 0.3828125 0.5703125 0.2 0.1375
0 0.4984375 0.75390625 0.171875 0.1375
0 0.3203125 0.8578125 0.153125 0.1140625
0 0.1263037296875 0.242773221875 0.058614999999999993 0.144151 0.029308 0.758885 0.1263037296875 0.242773221875
0 0.603125 0.9375 0.1484375 0.125 0.1263037296875 0.242773221875 0.603125 0.9375
0 0.0328125 0.29296875 0.065625 0.128125
0 0.42109375 0.98046875 0.1625 0.0390625
0 0.4203125 0.9859375 0.1609375 0.028125
0 0.41796875 0.98671875 0.159375 0.0265625