0 0.5796875 0.6 0.23125 0.2
0 0.0859375 0.103125 0.171875 0.184375
0 0.25390625 0.6734375 0.1796875 0.184375
0 0.2671875 0.2171875 0.175 0.16875
0 0.4859375 0.3109375 0.1765625 0.184375
0 0.8296875 0.2484375 0.16875 0.1609375
0 0.165625 0.3609375 0.184375 0.1609375
0 0.69140625 0.41015625 0.1953125 0.1953125
0 0.3671875 0.4859375 0.2265625 0.215625
0 0.94375 0.8046875 0.10625 0.171875
0 0.7734375 0.696875 0.1875 0.16875
0 0.06875 0.5546875 0.1375 0.140625
0 0.6171875 0.134375 0.1484375 0.1765625
0 0.12890625 0.85546875 0.1953125 0.1796875
0 0.88125 0.540625 0.1765625 0.1609375
0 0.4296875 0.0609375 0.171875 0.121875
0 0.9375 0.071875 0.125 0.1296875
0 0.446875 0.8046875 0.203125 0.1796875
0 0.175266734375 0.1253496625 0.129034 0.069935 0.332841 0.96499 0.175266734375 0.1253496625
0 0.8671875 0.9546875 0.16875 0.090625 0.175266734375 0.1253496625 0.8671875 0.9546875
0 0.9703125 0.35625 0.059375 0.184375
0 0.05546875 0.97421875 0.1109375 0.0515625
0 0.01640625 0.29296875 0.0328125 0.1703125
0 0.0125 0.290625 0.025 0.178125
0 0.74296875 0.0078125 0.1609375 0.015625
0 0.990625 0.63828125 0.01875 0.1640625