0 0.8921875 0.3046875 0.2 0.21875
0 0.2671875 0.1546875 0.2546875 0.215625
0 0.7421875 0.4859375 0.21875 0.2078125
0 0.603125 0.7171875 0.23125 0.2234375
0 0.9234375 0.94375 0.1375 0.10625
0 0.3359375 0.4921875 0.2265625 0.2265625
0 0.1171875 0.321875 0.2265625 0.23125
0 0.1484375 0.69140625 0.234375 0.2265625
0 0.6109375 0.103125 0.1765625 0.1765625
0 0.9546875 0.109375 0.075 0.1875
0 0.4359375 0.8984375 0.215625 0.1875
0 0.8921875 0.6171875 0.1765625 0.171875
0 0.73046875 0.88671875 0.2265625 0.1796875
0 0.453125 0.271875 0.1484375 0.203125
0 0.15682036875 0.29944619375000003 0.603091 0.9583600000000001 0.197693 0.08328100000000001 0.15682036875 0.29944619375000003
0 0.15682036875 0.29944619375000003 0.096875 0.2109375 0.0484375 0.87265625 0.15682036875 0.29944619375000003
0 0.41640625 0.02734375 0.225 0.0546875
0 0.02578125 0.54609375 0.0515625 0.1890625
0 0.06796875 0.01796875 0.1359375 0.0359375
0 0.97578125 0.44765625 0.0484375 0.1890625
0 0.75234375 0.01484375 0.203125 0.0296875
0 0.29609375 0.98828125 0.1921875 0.0234375
0 0.60234375 0.95859375 0.196875 0.0828125
0 0.984375 0.44296875 0.03125 0.190625
0 0.29296875 0.990625 0.175 0.01875