0 0.3109375 0.9046875 0.1921875 0.1765625
0 0.2984375 0.571875 0.1984375 0.2
0 0.1171875 0.4671875 0.1953125 0.184375
0 0.9140625 0.484375 0.1640625 0.1875
0 0.446875 0.69375 0.1765625 0.2
0 0.225 0.321875 0.1765625 0.16875
0 0.3921875 0.1109375 0.1921875 0.16875
0 0.6484375 0.8109375 0.203125 0.2078125
0 0.91015625 0.1546875 0.15625 0.1375
0 0.75390625 0.34765625 0.1640625 0.1484375
0 0.7359375 0.0546875 0.1609375 0.109375
0 0.94140625 0.8359375 0.1015625 0.1484375
0 0.56640625 0.22265625 0.1640625 0.1796875
0 0.0375 0.1796875 0.075 0.1453125
0 0.4046875 0.4453125 0.1171875 0.1375
0 0.5765625 0.56875 0.1375 0.1328125
0 0.76953125 0.6875 0.153125 0.1375
0 0.13125 0.765625 0.1171875 0.1328125
0 0.0328125 0.63984375 0.065625 0.1484375
0 0.1796875 0.1015625 0.884375 0.94921875 0.157603 0.055764 0.516761 0.971982 0.1796875 0.1015625
0 0.0359375 0.95390625 0.071875 0.0921875
0 0.17734375 0.021875 0.1515625 0.04375
0 0.18359375 0.01328125 0.146875 0.0265625
0 0.98671875 0.28125 0.0265625 0.1640625