0 0.671875 0.69140625 0.15625 0.15625
0 0.353125 0.47265625 0.1171875 0.1171875
0 0.61875 0.4359375 0.140625 0.1296875
0 0.9078125 0.3734375 0.140625 0.121875
0 0.953125 0.6421875 0.09375 0.1375
0 0.87109375 0.1171875 0.1484375 0.140625
0 0.59765625 0.1875 0.171875 0.1796875
0 0.30859375 0.22265625 0.1484375 0.16875
0 0.046875 0.2953125 0.09375 0.109375
0 0.0625 0.53125 0.1015625 0.140625
0 0.1 0.7875 0.15625 0.153125
0 0.396875 0.7796875 0.1328125 0.109375
0 0.3352456234375 0.38167512812500004 0.9739280000000001 0.9129970000000001 0.140625 0.0828125 0.3352456234375 0.38167512812500004
0 0.7109375 0.95859375 0.3352456234375 0.38167512812500004 0.052144 0.146162 0.7109375 0.95859375
0 0.41328125 0.97578125 0.1421875 0.046875
0 0.0265625 0.0390625 0.053125 0.078125
0 0.98203125 0.9125 0.0359375 0.1359375
0 0.4109375 0.9828125 0.1421875 0.034375