0 0.56640625 0.44921875 0.1953125 0.1640625
0 0.7796875 0.7109375 0.215625 0.1875
0 0.5171875 0.93359375 0.16875 0.125
0 0.5484375 0.6625 0.2 0.1375
0 0.50390625 0.09765625 0.1640625 0.1796875
0 0.04296875 0.1171875 0.0859375 0.1796875
0 0.790625 0.4046875 0.1484375 0.15625
0 0.9671875 0.62890625 0.059375 0.1796875
0 0.2203125 0.38671875 0.1875 0.1796875
0 0.2359375 0.1265625 0.1640625 0.153125
0 0.0375 0.3921875 0.075 0.1484375
0 0.1875 0.640625 0.15625 0.1453125
0 0.1734375 0.88125 0.1875 0.1640625
0 0.828125 0.1421875 0.1453125 0.1453125
0 0.75625 0.928125 0.30583862968750003 0.345239696875 0.045807 0.11360300000000001 0.75625 0.928125
0 0.30583862968750003 0.345239696875 0.977097 0.943198 0.1453125 0.1375 0.30583862968750003 0.345239696875
0 0.98125 0.9546875 0.0375 0.090625
0 0.9828125 0.9390625 0.034375 0.1203125