0 0.6234375 0.071875 0.1765625 0.1375
0 0.4296875 0.665625 0.1953125 0.1765625
0 0.103125 0.078125 0.184375 0.15625
0 0.21875 0.75 0.1875 0.15625
0 0.41015625 0.1796875 0.1640625 0.171875
0 0.203125 0.2828125 0.1609375 0.1328125
0 0.64453125 0.5546875 0.1453125 0.125
0 0.8453125 0.46484375 0.1484375 0.1484375
0 0.93515625 0.64609375 0.1296875 0.1453125
0 0.7328125 0.7484375 0.15625 0.1375
0 0.85546875 0.93359375 0.2078125 0.1328125
0 0.540625 0.85 0.15625 0.1453125
0 0.31875 0.921875 0.1375 0.1375
0 0.0328125 0.85703125 0.065625 0.1484375
0 0.29609375 0.03671875 0.18125 0.0734375
0 0.8359375 0.02890625 0.140625 0.0578125
0 0.295750378125 0.3346727375 0.971875 0.82734375 0.141323 0.045264 0.295750378125 0.3346727375
0 0.295750378125 0.3346727375 0.05625 0.16015625 0.6385379999999999 0.977083 0.295750378125 0.3346727375
0 0.11015625 0.97265625 0.1703125 0.0546875
0 0.02734375 0.3625 0.0546875 0.1546875