0 0.32421875 0.19140625 0.1953125 0.1796875
0 0.06640625 0.1796875 0.1328125 0.1640625
0 0.09375 0.38671875 0.1875 0.1875
0 0.7046875 0.209375 0.1453125 0.153125
0 0.5015625 0.16015625 0.1453125 0.1609375
0 0.6859375 0.39453125 0.1484375 0.1375
0 0.93125 0.2046875 0.1296875 0.1375
0 0.9203125 0.3984375 0.15625 0.1484375
0 0.33984375 0.3734375 0.25 0.16875 0.922509 0.035324 0.15290900000000002 0.070647 0.33984375 0.3734375
0 0.7046875 0.01953125 0.1546875 0.0390625
0 0.71171875 0.015625 0.1546875 0.03125