0 0.9625 0.09375 0.075 0.121875
0 0.88671875 0.2671875 0.1328125 0.159375
0 0.79296875 0.4390625 0.1171875 0.1484375
0 0.953125 0.4609375 0.09375 0.1296875
0 0.65625 0.6 0.153125 0.1484375
0 0.5953125 0.74375 0.140625 0.16875
0 0.48828125 0.9140625 0.1296875 0.171875
0 0.171875 0.915625 0.153125 0.16875
0 0.31640625 0.75390625 0.140625 0.15625
0 0.40234375 0.6078125 0.121875 0.140625
0 0.484375 0.4703125 0.1328125 0.125
0 0.5875 0.3296875 0.1296875 0.153125
0 0.69375 0.1484375 0.1609375 0.140625
0 0.384375 0.2015625 0.1140625 0.1328125
0 0.296875 0.3296875 0.1328125 0.1453125
0 0.1734375 0.48828125 0.1328125 0.1296875
0 0.08203125 0.61875 0.109375 0.10625
0 0.12890625 0.1859375 0.1328125 0.125
0 0.046875 0.33984375 0.078125 0.1328125
0 0.2359375 0.0640625 0.1484375 0.121875
0 0.0265625 0.8265625 0.053125 0.16875
0 0.0796875 0.975 0.15625 0.05
0 0.38125 0.97578125 0.1828125 0.0484375
0 0.503125 0.0703125 0.1609375 0.140625