0 0.134375 0.2796875 0.1765625 0.2
0 0.3671875 0.10546875 0.1796875 0.1953125
0 0.5546875 0.2796875 0.1875 0.153125
0 0.94140625 0.63125 0.109375 0.1375
0 0.34765625 0.475 0.15625 0.1453125
0 0.765625 0.47265625 0.121875 0.1609375
0 0.94296875 0.265625 0.1140625 0.171875
0 0.365625 0.8421875 0.1765625 0.1609375 0.942299 0.963808 0.115402 0.072385 0.365625 0.8421875
0 0.58515625 0.9734375 0.165625 0.053125
0 0.02421875 0.465625 0.0484375 0.159375
0 0.01171875 0.109375 0.0234375 0.1703125
0 0.015625 0.10234375 0.03125 0.16875