0 0.26171875 0.375 0.203125 0.21875
0 0.3046875 0.103125 0.1875 0.1921875
0 0.5859375 0.415625 0.1640625 0.1609375
0 0.1421875 0.2171875 0.184375 0.16875
0 0.5484375 0.7421875 0.2 0.171875
0 0.8109375 0.0546875 0.184375 0.109375
0 0.4125 0.540625 0.1375 0.1375
0 0.446875 0.240625 0.1375 0.171875
0 0.6171875 0.1328125 0.1015625 0.1171875
0 0.896875 0.48828125 0.1296875 0.1328125
0 0.94140625 0.19921875 0.1171875 0.1640625
0 0.20703125 0.671875 0.1453125 0.140625
0 0.3421875 0.83984375 0.1171875 0.1171875
0 0.0953125 0.525 0.09375 0.1453125
0 0.0453125 0.82421875 0.090625 0.1796875
0 0.1578125 0.9546875 0.184375 0.0828125
0 0.22988188437499998 0.1191141625 0.48946100000000003 0.025378 0.16898200000000002 0.050756 0.22988188437499998 0.1191141625
0 0.22988188437499998 0.1191141625 0.1140625 0.1609375 0.94296875 0.91953125 0.22988188437499998 0.1191141625
0 0.02265625 0.346875 0.0453125 0.20625
0 0.0265625 0.05546875 0.053125 0.1109375