0 0.41015625 0.41015625 0.1484375 0.140625
0 0.8921875 0.609375 0.1375 0.125
0 0.5234375 0.853125 0.1328125 0.1453125
0 0.8046875 0.165625 0.140625 0.1375
0 0.8734375 0.8734375 0.1296875 0.1140625
0 0.4359375 0.1421875 0.1765625 0.1453125
0 0.7421875 0.4609375 0.1484375 0.140625
0 0.10546875 0.1109375 0.1484375 0.109375
0 0.290625 0.0390625 0.1640625 0.078125
0 0.2578125 0.2671875 0.153125 0.1484375
0 0.65234375 0.05078125 0.1484375 0.1015625
0 0.59765625 0.290625 0.1484375 0.1328125
0 0.9390625 0.334375 0.121875 0.1609375
0 0.94921875 0.0703125 0.1015625 0.1171875
0 0.2015625 0.5140625 0.1453125 0.121875
0 0.3828125 0.6734375 0.121875 0.1328125
0 0.56875 0.5609375 0.1375 0.1328125
0 0.7421875 0.728125 0.1453125 0.1171875
0 0.1859375 0.790625 0.1453125 0.121875
0 0.3390625 0.95078125 0.128125 0.0984375
0 0.04296875 0.64453125 0.0859375 0.1453125
0 0.114844165625 0.1455070234375 0.672164 0.96144 0.132184 0.077105 0.114844165625 0.1455070234375
0 0.02265625 0.93203125 0.0453125 0.134375
0 0.99140625 0.76015625 0.0171875 0.1359375