0 0.69296875 0.43046875 0.1953125 0.171875
0 0.75390625 0.7484375 0.2265625 0.2234375
0 0.8984375 0.5546875 0.1953125 0.21875
0 0.51171875 0.2984375 0.2109375 0.153125
0 0.540625 0.6234375 0.1765625 0.1609375
0 0.9296875 0.8921875 0.1328125 0.2078125
0 0.1859375 0.10546875 0.2078125 0.1875
0 0.88671875 0.2171875 0.1953125 0.1609375
0 0.66015625 0.1171875 0.2265625 0.171875
0 0.1734375 0.41015625 0.1921875 0.1953125
0 0.3609375 0.50390625 0.184375 0.1640625
0 0.19140625 0.734375 0.1953125 0.1484375
0 0.3609375 0.853125 0.140625 0.1484375
0 0.56875 0.93359375 0.1921875 0.1328125
0 0.046875 0.64453125 0.09375 0.1953125
0 0.33671875 0.19375 0.184375 0.20625
0 0.0609375 0.3046875 0.121875 0.1375
0 0.07421875 0.91953125 0.1484375 0.1609375
0 0.503125 0.040625 0.253125 0.08125
0 0.0859375 0.10625 0.95703125 0.053125 0.089314 0.064358 0.044657 0.032246000000000004 0.0859375 0.10625
0 0.20859375 0.97734375 0.165625 0.0453125
0 0.9859375 0.35078125 0.028125 0.1875
0 0.98203125 0.35390625 0.0359375 0.18125
0 0.20703125 0.984375 0.165625 0.03125