0 0.5859375 0.63671875 0.2109375 0.1796875
0 0.2671875 0.7171875 0.1828125 0.184375
0 0.928125 0.1859375 0.1375 0.1375
0 0.7421875 0.4234375 0.171875 0.1921875
0 0.9359375 0.53515625 0.121875 0.15625
0 0.475 0.2109375 0.1765625 0.1640625
0 0.60546875 0.94140625 0.1796875 0.1015625
0 0.2359375 0.071875 0.153125 0.1375
0 0.7671875 0.76171875 0.1765625 0.15625
0 0.2953125 0.40234375 0.140625 0.153125
0 0.14453125 0.61875 0.121875 0.1375
0 0.44140625 0.8453125 0.1453125 0.1640625
0 0.9375 0.8765625 0.125 0.1765625
0 0.09140625 0.93515625 0.1828125 0.1296875
0 0.071875 0.28125 0.14375 0.171875
0 0.78515625 0.0875 0.140625 0.140625
0 0.6328125 0.0390625 0.1609375 0.078125
0 0.121875 0.153125 0.60546875 0.30859375 0.159562 0.044986 0.08218299999999999 0.022493 0.121875 0.153125
0 0.02109375 0.4703125 0.0421875 0.171875
0 0.02109375 0.83984375 0.0421875 0.1484375
0 0.0140625 0.4703125 0.028125 0.1703125