0 0.2359375 0.353125 0.2 0.2
0 0.8671875 0.2171875 0.2109375 0.23125
0 0.9359375 0.51171875 0.121875 0.1796875
0 0.4046875 0.9234375 0.16875 0.1375
0 0.7171875 0.853125 0.1921875 0.2
0 0.3046875 0.6484375 0.1875 0.1875
0 0.625 0.57421875 0.1875 0.203125
0 0.34765625 0.1875 0.1953125 0.1875
0 0.8296875 0.665625 0.1765625 0.1765625
0 0.66015625 0.0921875 0.1953125 0.1765625
0 0.7484375 0.38671875 0.184375 0.1796875
0 0.5296875 0.3046875 0.2078125 0.203125
0 0.19140625 0.82421875 0.1796875 0.1484375
0 0.51171875 0.7421875 0.1796875 0.171875
0 0.9125 0.94375 0.16875 0.10625
0 0.42578125 0.4765625 0.1328125 0.1296875
0 0.13125 0.0921875 0.1875 0.1765625
0 0.109375 0.5609375 0.1296875 0.1453125
0 0.14567498125 0.120100240625 0.9390625 0.0609375 0.14942 0.075405 0.14567498125 0.120100240625
0 0.14567498125 0.120100240625 0.121875 0.121875 0.07511100000000001 0.962252 0.14567498125 0.120100240625
0 0.4765625 0.03828125 0.1390625 0.0765625
0 0.0375 0.7359375 0.075 0.1609375
0 0.58828125 0.9828125 0.196875 0.034375
0 0.03984375 0.2921875 0.0796875 0.128125
0 0.9765625 0.815625 0.046875 0.1453125
0 0.76640625 0.01484375 0.1953125 0.0296875
0 0.9859375 0.340625 0.028125 0.16875
0 0.984375 0.8125 0.03125 0.140625