0 0.7421875 0.4859375 0.2421875 0.1921875
0 0.3109375 0.296875 0.1921875 0.15625
0 0.04296875 0.2671875 0.0859375 0.159375
0 0.63671875 0.103125 0.2578125 0.184375
0 0.6859375 0.6734375 0.1921875 0.16875
0 0.634375 0.8984375 0.16875 0.140625
0 0.0859375 0.0375 0.15625 0.075
0 0.8609375 0.8296875 0.2078125 0.184375
0 0.8734375 0.1859375 0.16875 0.1375
0 0.1421875 0.171875 0.140625 0.1609375
0 0.4 0.146875 0.171875 0.1484375
0 0.2382988984375 0.1841490265625 0.8493919999999999 0.05588800000000001 0.216642 0.11173200000000001 0.2382988984375 0.1841490265625
0 0.2382988984375 0.1841490265625 0.2 0.1921875 0.4390625 0.85546875 0.2382988984375 0.1841490265625
0 0.24609375 0.01953125 0.1828125 0.0390625
0 0.2984375 0.97265625 0.19375 0.0546875
0 0.18359375 0.46015625 0.1671875 0.13125
0 0.234375 0.146875 0.178125 0.171875
0 0.39375 0.03125 0.1890625 0.0625
0 0.47265625 0.68359375 0.165625 0.153125
0 0.74296875 0.978125 0.2234375 0.04375
0 0.1828125 0.41796875 0.16875 0.1765625