0 0.4234375 0.2421875 0.16875 0.15625
0 0.9234375 0.2171875 0.1375 0.1453125
0 0.23046875 0.1234375 0.1640625 0.1765625
0 0.51171875 0.0546875 0.1875 0.109375
0 0.5234375 0.5171875 0.15625 0.1453125
0 0.728125 0.12890625 0.1921875 0.171875
0 0.6484375 0.3140625 0.1484375 0.153125
0 0.4234375 0.69375 0.1453125 0.15625
0 0.671875 0.7890625 0.1375 0.153125
0 0.13125 0.8125 0.1328125 0.140625
0 0.0546875 0.53125 0.109375 0.1609375
0 0.84375 0.4015625 0.15625 0.1453125
0 0.3703125 0.88671875 0.1328125 0.140625
0 0.2199503296875 0.2143917015625 0.132409 0.12673600000000002 0.22542800000000002 0.627155 0.2199503296875 0.2143917015625
0 0.88671875 0.88203125 0.21953125 0.1828125 0.2199503296875 0.2143917015625 0.88671875 0.88203125
0 0.31796875 0.02734375 0.1765625 0.053125
0 0.97890625 0.4953125 0.0421875 0.146875
0 0.9859375 0.49375 0.028125 0.146875