0 0.38671875 0.2734375 0.203125 0.1796875
0 0.603125 0.1734375 0.16875 0.184375
0 0.29296875 0.56875 0.1796875 0.16875
0 0.0859375 0.6484375 0.171875 0.1640625
0 0.821875 0.0859375 0.16875 0.15625
0 0.5171875 0.92421875 0.1921875 0.1375
0 0.41015625 0.7484375 0.171875 0.1765625
0 0.1796875 0.37890625 0.1796875 0.15625
0 0.2796875 0.09765625 0.184375 0.1453125
0 0.0796875 0.18671875 0.159375 0.1484375
0 0.7109375 0.3671875 0.16875 0.153125
0 0.9140625 0.271875 0.1484375 0.1765625
0 0.8203125 0.55859375 0.1484375 0.1453125
0 0.60546875 0.65234375 0.1640625 0.153125
0 0.521875 0.459375 0.1171875 0.1375
0 0.19375 0.84375 0.1484375 0.153125
0 0.703125 0.8359375 0.125 0.140625
0 0.921875 0.728125 0.1484375 0.15625
0 0.29765625 0.95703125 0.1921875 0.0859375
0 0.9734375 0.93046875 0.053125 0.1359375
0 0.9734375 0.4578125 0.053125 0.1375
0 0.49453125 0.0375 0.1828125 0.075 0.1751122421875 0.12193152656249999 0.49453125 0.0375
0 0.1751122421875 0.12193152656249999 0.08596000000000001 0.14549700000000002 0.042980000000000004 0.927251 0.1751122421875 0.12193152656249999
0 0.0328125 0.04765625 0.065625 0.0953125
0 0.03203125 0.46953125 0.0640625 0.1703125
0 0.96484375 0.02578125 0.0703125 0.0515625
0 0.8109375 0.98203125 0.1703125 0.0359375
0 0.809375 0.98671875 0.1703125 0.0265625