0 0.75625 0.16796875 0.16875 0.1640625
0 0.3609375 0.8296875 0.153125 0.1375
0 0.1546875 0.915625 0.153125 0.1453125
0 0.55859375 0.2515625 0.1453125 0.1359375
0 0.8765625 0.365625 0.121875 0.1328125
0 0.9546875 0.5375 0.090625 0.109375
0 0.765625 0.63125 0.125 0.121875
0 0.89453125 0.80859375 0.15625 0.1140625
0 0.69375 0.90625 0.1453125 0.1171875
0 0.5796875 0.728125 0.125 0.1015625
0 0.4703125 0.5390625 0.1328125 0.1328125
0 0.359375 0.34765625 0.1140625 0.121875
0 0.4609375 0.0765625 0.1453125 0.1171875
0 0.25390625 0.178125 0.1453125 0.1140625
0 0.053125 0.2828125 0.10625 0.1296875
0 0.1546875 0.4609375 0.1171875 0.1140625
0 0.271875 0.634375 0.1328125 0.1296875
0 0.0765625 0.73828125 0.1296875 0.140625
0 0.1484375 0.03515625 0.125 0.0703125
0 0.96640625 0.08125 0.0671875 0.125
0 0.18595833281250002 0.18595833281250002 0.9609375 0.9609375 0.13596999999999998 0.053916 0.18595833281250002 0.18595833281250002
0 0.18595833281250002 0.18595833281250002 0.078125 0.078125 0.483856 0.972844 0.18595833281250002 0.18595833281250002
0 0.659375 0.01953125 0.128125 0.0390625
0 0.02578125 0.96796875 0.0515625 0.0640625
0 0.6734375 0.45546875 0.109375 0.10625
0 0.00859375 0.5515625 0.015625 0.125
0 0.0109375 0.54921875 0.021875 0.13125
0 0.65546875 0.0140625 0.1296875 0.028125