0 0.4078125 0.18359375 0.2078125 0.1640625
0 0.9328125 0.071875 0.125 0.14375
0 0.0796875 0.13359375 0.159375 0.1671875
0 0.93359375 0.9671875 0.125 0.059375
0 0.3984375 0.7484375 0.1484375 0.1296875
0 0.09765625 0.45703125 0.1765625 0.1921875
0 0.7203125 0.1421875 0.1765625 0.1875
0 0.3921875 0.959375 0.1609375 0.075
0 0.071875 0.68671875 0.14375 0.1359375
0 0.06875 0.946875 0.1375 0.0984375
0 0.7171875 0.453125 0.1921875 0.1328125
0 0.213036784375 0.2241181453125 0.359866 0.381785 0.171185 0.163496 0.213036784375 0.2241181453125
0 0.213036784375 0.2241181453125 0.16875 0.1765625 0.4078125 0.50625 0.213036784375 0.2241181453125
0 0.73359375 0.01875 0.1859375 0.0375
0 0.97890625 0.16328125 0.0421875 0.2109375
0 0.97734375 0.415625 0.0453125 0.190625
0 0.984375 0.1484375 0.03125 0.2015625
0 0.984375 0.165625 0.03125 0.203125
0 0.984375 0.41171875 0.03125 0.1765625