0 0.4078125 0.91015625 0.234375 0.1796875
0 0.2875 0.40234375 0.184375 0.1609375
0 0.66796875 0.87890625 0.1921875 0.171875
0 0.915625 0.834375 0.16875 0.1484375
0 0.6484375 0.6109375 0.1921875 0.203125
0 0.8765625 0.2875 0.1609375 0.15625
0 0.571875 0.3296875 0.1796875 0.1765625
0 0.546875 0.08203125 0.184375 0.1640625
0 0.3375 0.665625 0.1609375 0.1609375
0 0.06640625 0.725 0.1328125 0.1921875
0 0.078125 0.93125 0.15625 0.1296875
0 0.05859375 0.428125 0.1171875 0.140625
0 0.20689416875000002 0.10999460937500001 0.83384 0.046440999999999996 0.155956 0.09288300000000001 0.20689416875000002 0.10999460937500001
0 0.20689416875000002 0.10999460937500001 0.1359375 0.1171875 0.2515625 0.125 0.20689416875000002 0.10999460937500001
0 0.0265625 0.184375 0.053125 0.153125
0 0.9234375 0.98359375 0.1515625 0.0328125
0 0.921875 0.9875 0.153125 0.025
0 0.01796875 0.18203125 0.0359375 0.15