0 0.9296875 0.9359375 0.1328125 0.121875
0 0.7421875 0.6234375 0.1796875 0.1921875
0 0.4359375 0.515625 0.184375 0.1875
0 0.540625 0.703125 0.2 0.15625
0 0.6625 0.41796875 0.2 0.1796875
0 0.69921875 0.1109375 0.1640625 0.1765625
0 0.509375 0.22265625 0.16875 0.1953125
0 0.353125 0.82421875 0.2078125 0.1796875
0 0.44296875 0.071875 0.1765625 0.14375
0 0.1546875 0.915625 0.2234375 0.1609375
0 0.31640625 0.32421875 0.1796875 0.1796875
0 0.8421875 0.3046875 0.184375 0.203125
0 0.9296875 0.05078125 0.125 0.1015625
0 0.2484375 0.1484375 0.2078125 0.1640625
0 0.05859375 0.2359375 0.1171875 0.153125
0 0.115625 0.41796875 0.16875 0.153125
0 0.234375 0.6171875 0.2 0.1796875
0 0.0546875 0.7171875 0.109375 0.1953125
0 0.86875 0.803125 0.16875 0.140625
0 0.9453125 0.5234375 0.109375 0.1375
0 0.446875 0.95703125 0.153125 0.0859375
0 0.109375 0.1140625 0.65234375 0.9 0.18792899999999998 0.050107 0.126276 0.025054 0.109375 0.1140625
0 0.63125 0.0203125 0.1921875 0.040625
0 0.97890625 0.209375 0.0421875 0.1890625
0 0.0125 0.07109375 0.025 0.1421875