0 0.071875 0.24140625 0.14375 0.2109375
0 0.6546875 0.1109375 0.2078125 0.215625
0 0.2171875 0.34765625 0.1609375 0.203125
0 0.59765625 0.5796875 0.1953125 0.1609375
0 0.9125 0.51171875 0.16875 0.2109375
0 0.54296875 0.29296875 0.1953125 0.2109375
0 0.3984375 0.9125 0.203125 0.16875
0 0.81640625 0.69921875 0.203125 0.1953125
0 0.853125 0.2046875 0.2 0.1921875
0 0.296875 0.6546875 0.2109375 0.2
0 0.6734375 0.8671875 0.1921875 0.2109375
0 0.1796875 0.8109375 0.171875 0.2078125
0 0.4046875 0.48046875 0.2 0.1796875
0 0.10546875 0.509375 0.1796875 0.184375
0 0.34765625 0.16015625 0.2265625 0.1796875
0 0.9046875 0.94140625 0.1765625 0.1015625
0 0.9453125 0.0625 0.1015625 0.125
0 0.13671875 0.071875 0.2109375 0.14375
0 0.740625 0.396875 0.1765625 0.1796875
0 0.228431565625 0.141368640625 0.458419 0.049084 0.21010800000000002 0.098148 0.228431565625 0.141368640625
0 0.228431565625 0.141368640625 0.171875 0.1640625 0.49375 0.7671875 0.228431565625 0.141368640625
0 0.07578125 0.94375 0.1515625 0.1125
0 0.95703125 0.80625 0.0859375 0.1625
0 0.040625 0.7265625 0.08125 0.16875
0 0.78671875 0.01328125 0.2 0.0265625
0 0.978125 0.32421875 0.04375 0.1921875
0 0.57578125 0.984375 0.2078125 0.03125
0 0.58359375 0.98671875 0.2046875 0.0265625
0 0.9859375 0.328125 0.028125 0.203125
0 0.7828125 0.01015625 0.1984375 0.0203125
0 0.990625 0.328125 0.01875 0.1921875