0 0.1890625 0.55625 0.203125 0.15625
0 0.4984375 0.6109375 0.2 0.1765625
0 0.8140625 0.834375 0.16875 0.2234375
0 0.5390625 0.3140625 0.1765625 0.2078125
0 0.19921875 0.859375 0.2265625 0.203125
0 0.23046875 0.1109375 0.1953125 0.184375
0 0.4609375 0.03515625 0.1484375 0.0703125
0 0.1954239828125 0.227227025 0.1640625 0.1953125 0.20703125 0.35 0.1954239828125 0.227227025
0 0.1954239828125 0.227227025 0.7324970000000001 0.773771 0.193059 0.202212 0.1954239828125 0.227227025
0 0.97109375 0.4796875 0.0578125 0.1796875
0 0.6984375 0.9703125 0.2 0.059375
0 0.01875 0.0703125 0.0375 0.140625
0 0.01875 0.06953125 0.0375 0.1375
0 0.15859375 0.97421875 0.2 0.0515625
0 0.01328125 0.071875 0.0265625 0.14375