0 0.2828125 0.10546875 0.15625 0.1453125
0 0.59375 0.05859375 0.1640625 0.1171875
0 0.834375 0.05078125 0.1484375 0.1015625
0 0.8765625 0.271875 0.1484375 0.1015625
0 0.634375 0.30078125 0.125 0.1328125
0 0.91015625 0.5375 0.153125 0.125
0 0.93359375 0.8046875 0.1328125 0.15625
0 0.71875 0.834375 0.1375 0.1375
0 0.68359375 0.5765625 0.1609375 0.1140625
0 0.4046875 0.86875 0.125 0.1453125
0 0.3140625 0.3203125 0.1453125 0.121875
0 0.06875 0.3734375 0.1375 0.1484375
0 0.03125 0.1171875 0.0625 0.1375
0 0.0953125 0.6484375 0.1328125 0.140625
0 0.1516513390625 0.1668355921875 0.350968 0.6239600000000001 0.153125 0.125 0.1516513390625 0.1668355921875
0 0.125 0.9234375 0.1516513390625 0.1668355921875 0.134334 0.127119 0.125 0.9234375