0 0.259375 0.56640625 0.175 0.1875
0 0.56875 0.1875 0.2078125 0.1875
0 0.88671875 0.2796875 0.1796875 0.16875
0 0.6859375 0.38125 0.1921875 0.16875
0 0.790625 0.56640625 0.1765625 0.15625
0 0.7046875 0.859375 0.1609375 0.1484375
0 0.165625 0.84375 0.16875 0.15625
0 0.76171875 0.10546875 0.1484375 0.1484375
0 0.9546875 0.921875 0.0828125 0.140625
0 0.47265625 0.47265625 0.1796875 0.1953125
0 0.5875 0.65625 0.1875 0.140625
0 0.884375 0.75390625 0.15625 0.16875
0 0.36328125 0.74375 0.1484375 0.1640625
0 0.4859375 0.93359375 0.1609375 0.1328125
0 0.07421875 0.6703125 0.1484375 0.171875
0 0.15234375 0.3828125 0.1796875 0.1796875
0 0.3671875 0.2734375 0.171875 0.153125
0 0.2515625 0.07421875 0.1515625 0.140625
0 0.0703125 0.19375 0.140625 0.16875 0.95515 0.032286999999999996 0.0897 0.06457399999999999 0.0703125 0.19375
0 0.45546875 0.0359375 0.1640625 0.071875
0 0.79375 0.9796875 0.16875 0.040625
0 0.02421875 0.9359375 0.0484375 0.128125
0 0.02421875 0.478125 0.0484375 0.16875
0 0.2671875 0.978125 0.178125 0.04375
0 0.01953125 0.03671875 0.0390625 0.0734375
0 0.95546875 0.47109375 0.0890625 0.115625
0 0.265625 0.98515625 0.1828125 0.0296875
0 0.7921875 0.98515625 0.16875 0.0296875