0 0.22265625 0.7984375 0.1953125 0.16875
0 0.63671875 0.134375 0.1796875 0.16875
0 0.4234375 0.2421875 0.2078125 0.1796875
0 0.31640625 0.5296875 0.1953125 0.184375
0 0.6421875 0.6234375 0.184375 0.153125
0 0.73046875 0.3109375 0.2109375 0.1609375
0 0.9359375 0.22265625 0.121875 0.1796875
0 0.4234375 0.69921875 0.184375 0.15625
0 0.8359375 0.06640625 0.1640625 0.1328125
0 0.53515625 0.4234375 0.1875 0.1453125
0 0.5625 0.884375 0.1875 0.153125
0 0.8578125 0.50625 0.1640625 0.1484375
0 0.9375 0.69375 0.1015625 0.1484375
0 0.7515625 0.78515625 0.1796875 0.1484375
0 0.875 0.94921875 0.203125 0.1015625
0 0.3203125 0.953125 0.153125 0.09375
0 0.1265625 0.615625 0.1796875 0.1296875
0 0.06875 0.896875 0.1375 0.203125
0 0.046875 0.4296875 0.09375 0.2078125
0 0.20703125 0.3421875 0.16875 0.15625
0 0.12109375 0.16796875 0.1796875 0.16875
0 0.31953125 0.0484375 0.1328125 0.096875
0 0.51640625 0.0328125 0.1984375 0.065625 0.048092 0.038551999999999996 0.096182 0.077023 0.51640625 0.0328125
0 0.9875 0.88125 0.025 0.1703125
0 0.99140625 0.8890625 0.0171875 0.1578125
0 0.98671875 0.4234375 0.0265625 0.1625
0 0.9734375 0.02265625 0.053125 0.0453125
0 0.99140625 0.42578125 0.0171875 0.1578125