0 0.6484375 0.78515625 0.203125 0.1953125
0 0.84765625 0.696875 0.2109375 0.215625
0 0.7671875 0.9296875 0.215625 0.1328125
0 0.4359375 0.88671875 0.1375 0.1328125
0 0.3046875 0.26953125 0.153125 0.1296875
0 0.51171875 0.1578125 0.1453125 0.1375
0 0.71484375 0.071875 0.140625 0.1296875
0 0.828125 0.24609375 0.140625 0.1328125
0 0.93125 0.415625 0.10625 0.109375
0 0.7328125 0.525 0.15625 0.109375
0 0.625 0.328125 0.1328125 0.1328125
0 0.42578125 0.4296875 0.1375 0.1171875
0 0.53515625 0.615625 0.1375 0.140625
0 0.31640625 0.69921875 0.1375 0.10625
0 0.2171875 0.54296875 0.140625 0.1328125
0 0.04296875 0.625 0.0859375 0.1328125
0 0.12109375 0.7984375 0.153125 0.10625
0 0.22265625 0.946875 0.23125 0.10625
0 0.9453125 0.90234375 0.109375 0.1875
0 0.103125 0.37109375 0.125 0.1328125
0 0.19921875 0.08203125 0.1609375 0.1328125
0 0.0663181734375 0.1517546296875 0.55621 0.9783139999999999 0.195289 0.043279 0.0663181734375 0.1517546296875
0 0.39296875 0.01953125 0.15 0.0390625
0 0.97734375 0.1328125 0.0453125 0.125
0 0.9234375 0.01640625 0.1453125 0.0328125
0 0.98671875 0.59375 0.0265625 0.1765625
0 0.053125 0.9796875 0.10625 0.0390625
0 0.990625 0.6 0.01875 0.159375
0 0.98125 0.59921875 0.0375 0.1671875
0 0.39765625 0.0140625 0.146875 0.028125