0 0.453125 0.78515625 0.15625 0.140625
0 0.42109375 0.0484375 0.1640625 0.096875
0 0.4234375 0.4046875 0.1453125 0.1453125
0 0.85 0.7734375 0.1375 0.140625
0 0.6484375 0.2046875 0.1484375 0.1375
0 0.2171875 0.24375 0.1296875 0.140625
0 0.6578125 0.5859375 0.153125 0.1453125
0 0.06875 0.415625 0.1375 0.1875
0 0.0546875 0.796875 0.109375 0.1609375
0 0.24375 0.94140625 0.1765625 0.1171875
0 0.821875 0.04921875 0.12890625 0.0984375 0.055454 0.057829 0.110907 0.115658 0.821875 0.04921875
0 0.6703125 0.95078125 0.15 0.0984375
0 0.9796875 0.57421875 0.040625 0.1546875
0 0.98515625 0.57421875 0.0296875 0.1546875
0 0.990625 0.57578125 0.01875 0.1515625