0 0.4234375 0.7984375 0.153125 0.1375
0 0.79296875 0.4296875 0.1640625 0.171875
0 0.3984375 0.4375 0.1609375 0.1484375
0 0.59765625 0.24609375 0.1375 0.15625
0 0.80078125 0.0625 0.1171875 0.1171875
0 0.4140625 0.078125 0.1640625 0.140625
0 0.1890625 0.25625 0.1453125 0.140625
0 0.1859375 0.634375 0.16875 0.15625
0 0.1519342890625 0.16438605781249999 0.6015625 0.6078125 0.144042 0.06232 0.1519342890625 0.16438605781249999
0 0.02890625 0.440625 0.0578125 0.1625
0 0.97109375 0.609375 0.0578125 0.1515625
0 0.021875 0.0671875 0.04375 0.1328125
0 0.01484375 0.0671875 0.0296875 0.134375
0 0.97734375 0.96328125 0.0453125 0.0734375
0 0.98046875 0.9625 0.0390625 0.075