0 0.66796875 0.1796875 0.1875 0.1796875
0 0.0765625 0.76171875 0.153125 0.1875
0 0.259375 0.9234375 0.175 0.1453125
0 0.6421875 0.5546875 0.1921875 0.1796875
0 0.26171875 0.5859375 0.2109375 0.1875
0 0.47265625 0.3734375 0.1796875 0.1765625
0 0.85546875 0.75390625 0.2109375 0.15625
0 0.87890625 0.046875 0.2109375 0.09375
0 0.26171875 0.1796875 0.2109375 0.1875
0 0.6625 0.9234375 0.1765625 0.1375
0 0.07421875 0.37890625 0.1484375 0.1953125
0 0.44921875 0.0375 0.1953125 0.075
0 0.8671875 0.3734375 0.171875 0.1609375
0 0.44140625 0.7484375 0.2109375 0.1796875
0 0.0703125 0.0546875 0.1328125 0.1015625
0 0.0803739140625 0.145435034375 0.978481 0.193234 0.0625 0.1296875 0.0803739140625 0.145435034375
0 0.96875 0.928125 0.0803739140625 0.145435034375 0.043039 0.143448 0.96875 0.928125
0 0.98671875 0.55703125 0.0265625 0.1734375
0 0.98046875 0.55703125 0.0390625 0.16875
0 0.98515625 0.18828125 0.0296875 0.1359375
0 0.990625 0.55703125 0.01875 0.1671875