0 0.7984375 0.703125 0.215625 0.1875
0 0.1734375 0.5296875 0.1921875 0.2
0 0.9671875 0.59765625 0.059375 0.1484375
0 0.7046875 0.06875 0.1765625 0.1375
0 0.91015625 0.8921875 0.1640625 0.1453125
0 0.8109375 0.228125 0.1765625 0.16875
0 0.384375 0.4234375 0.1765625 0.16875
0 0.16015625 0.06640625 0.1796875 0.1328125
0 0.28515625 0.7109375 0.15625 0.1640625
0 0.490625 0.15 0.1296875 0.121875
0 0.271875 0.2265625 0.1484375 0.1453125
0 0.0875 0.3453125 0.16875 0.153125
0 0.03125 0.1484375 0.0625 0.1453125
0 0.584375 0.32421875 0.1609375 0.1609375
0 0.9 0.44140625 0.1640625 0.1609375
0 0.7015625 0.521875 0.1921875 0.1484375
0 0.49609375 0.61875 0.171875 0.1609375
0 0.6 0.8109375 0.215625 0.15625
0 0.390625 0.90234375 0.15625 0.15625
0 0.1109375 0.81640625 0.1765625 0.15625
0 0.71484375 0.9546875 0.153125 0.090625
0 0.301057821875 0.0495093046875 0.0515625 0.1609375 0.97421875 0.13359375 0.301057821875 0.0495093046875
0 0.190625 0.95859375 0.1546875 0.0828125
0 0.0296875 0.63046875 0.059375 0.1421875
0 0.9046875 0.015625 0.1796875 0.03125