0 0.265625 0.66015625 0.1875 0.1796875
0 0.6796875 0.47265625 0.171875 0.1640625
0 0.884375 0.38125 0.153125 0.1765625
0 0.4671875 0.5546875 0.16875 0.203125
0 0.3609375 0.8421875 0.1609375 0.1375
0 0.4546875 0.1 0.153125 0.1453125
0 0.57421875 0.2890625 0.1484375 0.1375
0 0.775 0.1859375 0.153125 0.15625
0 0.9453125 0.0953125 0.109375 0.140625
0 0.9546875 0.5703125 0.090625 0.1640625
0 0.80859375 0.6640625 0.1796875 0.1640625
0 0.9 0.84375 0.1640625 0.16875
0 0.67578125 0.9296875 0.171875 0.140625
0 0.5921875 0.759375 0.1921875 0.1609375
0 0.25390625 0.1796875 0.1484375 0.1375
0 0.06640625 0.30625 0.1328125 0.1375
0 0.15234375 0.49609375 0.153125 0.1484375
0 0.38671875 0.384375 0.1640625 0.1375
0 0.0609375 0.74375 0.1171875 0.15625
0 0.165625 0.9453125 0.153125 0.109375
0 0.166687846875 0.062902 0.1796875 0.09375 0.68359375 0.046875 0.166687846875 0.062902
0 0.4765625 0.97734375 0.175 0.0453125
0 0.95859375 0.96875 0.0828125 0.0625
0 0.01875 0.60625 0.0375 0.1515625
0 0.01328125 0.60234375 0.0265625 0.1484375