0 0.82421875 0.103125 0.1484375 0.16875
0 0.60546875 0.4984375 0.1875 0.2
0 0.296875 0.13671875 0.15625 0.1875
0 0.953125 0.26171875 0.0859375 0.1640625
0 0.759375 0.384375 0.1453125 0.1765625
0 0.49375 0.04296875 0.1375 0.0859375
0 0.171875 0.021875 0.1484375 0.04375
0 0.6484375 0.21484375 0.1453125 0.1171875
0 0.20703125 0.7359375 0.171875 0.1484375
0 0.1088397015625 0.2318283375 0.075325 0.139405 0.037662 0.8578110000000001 0.1088397015625 0.2318283375
0 0.35 0.896875 0.121875 0.1171875 0.1088397015625 0.2318283375 0.35 0.896875
0 0.959375 0.025 0.08125 0.05
0 0.02265625 0.396875 0.0453125 0.1578125
0 0.14921875 0.9796875 0.14375 0.040625
0 0.459375 0.32578125 0.1140625 0.1203125
0 0.1515625 0.98671875 0.1515625 0.0265625
0 0.0140625 0.3921875 0.028125 0.1609375