0 0.57421875 0.7484375 0.1640625 0.1609375
0 0.5546875 0.4546875 0.2109375 0.184375
0 0.8984375 0.7359375 0.1796875 0.1765625
0 0.0796875 0.06640625 0.159375 0.1328125
0 0.7109375 0.5859375 0.1875 0.1796875
0 0.8609375 0.2796875 0.1921875 0.2
0 0.2109375 0.1546875 0.171875 0.1609375
0 0.3671875 0.2984375 0.171875 0.1765625
0 0.7359375 0.88671875 0.1765625 0.171875
0 0.37890625 0.9234375 0.171875 0.1375
0 0.53515625 0.046875 0.1953125 0.09375
0 0.7171875 0.16015625 0.1609375 0.2
0 0.9296875 0.146875 0.140625 0.1328125
0 0.7828125 0.03515625 0.140625 0.0703125
0 0.0609375 0.6578125 0.121875 0.1484375
0 0.228125 0.78515625 0.1609375 0.1640625
0 0.0625 0.9296875 0.125 0.140625
0 0.96171875 0.4359375 0.0765625 0.1875
0 0.0889677421875 0.199102753125 0.96171875 0.90546875 0.109209 0.120945 0.0889677421875 0.199102753125
0 0.89140625 0.98046875 0.16875 0.0390625
0 0.890625 0.98671875 0.165625 0.0265625