0 0.9296875 0.51171875 0.1328125 0.1875
0 0.4359375 0.08203125 0.2234375 0.1640625
0 0.57421875 0.7109375 0.2109375 0.1953125
0 0.13671875 0.4234375 0.2109375 0.2078125
0 0.34765625 0.31640625 0.21875 0.21875
0 0.353125 0.7984375 0.2078125 0.1765625
0 0.76171875 0.609375 0.2265625 0.15625
0 0.5546875 0.2359375 0.2109375 0.184375
0 0.859375 0.78515625 0.21875 0.1796875
0 0.85546875 0.321875 0.1875 0.1765625
0 0.07421875 0.7109375 0.1484375 0.1953125
0 0.1546875 0.8921875 0.1921875 0.1921875
0 0.6171875 0.0375 0.1484375 0.075
0 0.4453125 0.5328125 0.125 0.1375
0 0.7359375 0.16796875 0.1640625 0.16875
0 0.91796875 0.0953125 0.1640625 0.190625
0 0.240625 0.165625 0.2078125 0.140625
0 0.05625 0.2515625 0.1125 0.1875
0 0.1171875 0.0390625 0.203125 0.078125
0 0.2515625 0.61328125 0.1828125 0.184375
0 0.66796875 0.87890625 0.171875 0.1921875
0 0.45078125 0.94296875 0.2421875 0.1140625
0 0.2315114703125 0.191791421875 0.973096 0.237489 0.153125 0.10625 0.2315114703125 0.191791421875
0 0.9234375 0.946875 0.2315114703125 0.191791421875 0.05380700000000001 0.180841 0.9234375 0.946875
0 0.02734375 0.9484375 0.0546875 0.103125
0 0.9859375 0.6859375 0.028125 0.1671875
0 0.98046875 0.6890625 0.0390625 0.18125
0 0.01875 0.07890625 0.0375 0.1578125
0 0.0203125 0.95 0.040625 0.1