0 0.95859375 0.18671875 0.0828125 0.1328125
0 0.68359375 0.1171875 0.1375 0.109375
0 0.87890625 0.0390625 0.125 0.078125
0 0.7671875 0.2796875 0.1453125 0.125
0 0.91015625 0.453125 0.125 0.1171875
0 0.978125 0.64453125 0.04375 0.109375
0 0.8046875 0.734375 0.1328125 0.1375
0 0.928125 0.9046875 0.140625 0.1140625
0 0.603125 0.8375 0.125 0.1140625
0 0.6890625 0.95703125 0.1453125 0.0859375
0 0.6875 0.5609375 0.15625 0.1375
0 0.4859375 0.66015625 0.1328125 0.1171875
0 0.36328125 0.4828125 0.140625 0.1375
0 0.578125 0.37890625 0.15625 0.1296875
0 0.26171875 0.303125 0.1484375 0.121875
0 0.484375 0.21875 0.16875 0.1375
0 0.36328125 0.046875 0.153125 0.09375
0 0.1578125 0.13125 0.140625 0.125
0 0.0703125 0.4 0.140625 0.1171875
0 0.1796875 0.5875 0.1328125 0.1171875
0 0.2984375 0.76171875 0.1296875 0.1296875
0 0.40234375 0.9296875 0.140625 0.140625
0 0.0796875 0.8609375 0.121875 0.125
0 0.025 0.6796875 0.05 0.125 0.0339230671875 0.1718306046875 0.025 0.6796875
0 0.196875 0.98046875 0.15625 0.0390625
0 0.19453125 0.98671875 0.1515625 0.0265625
0 0.065625 0.0078125 0.13125 0.015625
0 0.01171875 0.21640625 0.0234375 0.1390625
0 0.0625 0.01328125 0.125 0.0265625
0 0.95859375 0.9796875 0.08125 0.040625