0 0.2359375 0.9046875 0.2078125 0.1765625
0 0.6421875 0.1546875 0.1765625 0.1609375
0 0.859375 0.734375 0.1796875 0.15625
0 0.25390625 0.540625 0.203125 0.184375
0 0.06875 0.725 0.1375 0.1765625
0 0.4546875 0.728125 0.1921875 0.2
0 0.6421875 0.921875 0.184375 0.1484375
0 0.4828125 0.35546875 0.1609375 0.1765625
0 0.6703125 0.525 0.1296875 0.171875
0 0.8609375 0.36328125 0.1921875 0.171875
0 0.071875 0.3203125 0.14375 0.171875
0 0.25192776562499997 0.13869392187500001 0.869275 0.027405000000000002 0.172763 0.054810000000000005 0.25192776562499997 0.13869392187500001
0 0.06796875 0.0203125 0.1359375 0.040625
0 0.978125 0.8953125 0.04375 0.1703125
0 0.97890625 0.18125 0.0421875 0.1640625
0 0.06171875 0.9828125 0.1234375 0.034375
0 0.98515625 0.184375 0.0296875 0.1609375
0 0.4890625 0.01953125 0.2015625 0.0390625
0 0.06875 0.9859375 0.1375 0.028125
0 0.99140625 0.5375 0.0171875 0.1453125
0 0.9875 0.53515625 0.025 0.1453125