0 0.9296875 0.5296875 0.125 0.16875
0 0.3359375 0.7109375 0.1640625 0.1640625
0 0.1109375 0.5296875 0.1765625 0.1609375
0 0.103125 0.1625 0.1453125 0.1453125
0 0.5296875 0.1484375 0.153125 0.140625
0 0.13671875 0.921875 0.1484375 0.1484375
0 0.9296875 0.13671875 0.1328125 0.1640625
0 0.75625 0.321875 0.1328125 0.140625
0 0.7484375 0.725 0.121875 0.1453125
0 0.2318687734375 0.11217045625 0.749202 0.018331 0.162181 0.03658 0.2318687734375 0.11217045625
0 0.2318687734375 0.11217045625 0.075 0.140625 0.9625 0.9046875 0.2318687734375 0.11217045625
0 0.30234375 0.01796875 0.1578125 0.0359375