0 0.41796875 0.0921875 0.140625 0.1140625
0 0.69140625 0.06875 0.1484375 0.1375
0 0.73046875 0.353125 0.1296875 0.121875
0 0.765625 0.603125 0.1140625 0.109375
0 0.7953125 0.8578125 0.1015625 0.090625
0 0.49375 0.6734375 0.1015625 0.1171875
0 0.45703125 0.35 0.1296875 0.1296875
0 0.5453125 0.88671875 0.140625 0.1765625
0 0.228125 0.9390625 0.125 0.075
0 0.19140625 0.7046875 0.1453125 0.140625
0 0.1421875 0.44375 0.1484375 0.15625
0 0.115625 0.15625 0.1171875 0.153125
0 0.14327197187500001 0.1049171171875 0.964977 0.04433 0.06972 0.08816399999999999 0.14327197187500001 0.1049171171875
0 0.14327197187500001 0.1049171171875 0.0828125 0.109375 0.95859375 0.290625 0.14327197187500001 0.1049171171875