0 0.2171875 0.053125 0.1640625 0.10625
0 0.415625 0.2046875 0.1453125 0.140625
0 0.64453125 0.0609375 0.1609375 0.121875
0 0.821875 0.24375 0.140625 0.1484375
0 0.59375 0.41796875 0.1609375 0.15625
0 0.3765625 0.5765625 0.1296875 0.121875
0 0.1796875 0.76171875 0.1875 0.1484375
0 0.22265625 0.38125 0.1328125 0.1375
0 0.57421875 0.7875 0.1875 0.171875
0 0.94296875 0.80390625 0.1140625 0.1765625
0 0.95703125 0.4234375 0.0859375 0.15625
0 0.3609375 0.93359375 0.171875 0.1328125
0 0.7796875 0.95703125 0.1640625 0.0859375
0 0.06352778906249999 0.1714753234375 0.032599 0.553462 0.090625 0.1453125 0.06352778906249999 0.1714753234375
0 0.97890625 0.08359375 0.0421875 0.165625
0 0.98515625 0.07890625 0.0296875 0.15625