0 0.12109375 0.2734375 0.153125 0.1484375
0 0.453125 0.2015625 0.1328125 0.10625
0 0.6796875 0.18359375 0.1171875 0.140625
0 0.725 0.43359375 0.1296875 0.1296875
0 0.48046875 0.4453125 0.171875 0.1453125
0 0.1640625 0.521875 0.1375 0.153125
0 0.1328125 0.83984375 0.153125 0.153125
0 0.53515625 0.765625 0.1609375 0.16875
0 0.7671875 0.69140625 0.171875 0.140625
0 0.2683102515625 0.21111373437499997 0.137078 0.055654 0.5577219999999999 0.9721730000000001 0.2683102515625 0.21111373437499997
0 0.8828125 0.9390625 0.234375 0.121875 0.2683102515625 0.21111373437499997 0.8828125 0.9390625
0 0.82265625 0.9515625 0.1453125 0.096875
0 0.96875 0.07109375 0.0625 0.1390625
0 0.740625 0.0265625 0.14375 0.053125
0 0.06171875 0.03046875 0.11875 0.0609375
0 0.4015625 0.03828125 0.1390625 0.0765625
0 0.01953125 0.84375 0.0390625 0.146875