0 0.19140625 0.8734375 0.1640625 0.1296875
0 0.8109375 0.103125 0.1765625 0.1765625
0 0.81953125 0.58203125 0.1953125 0.16875
0 0.0796875 0.196875 0.153125 0.184375
0 0.296875 0.1171875 0.1640625 0.1484375
0 0.915625 0.7421875 0.1609375 0.1796875
0 0.95234375 0.0484375 0.0859375 0.096875
0 0.5171875 0.05078125 0.1765625 0.1015625
0 0.19921875 0.40234375 0.15625 0.1484375
0 0.5171875 0.4859375 0.16875 0.16875
0 0.7203125 0.39453125 0.140625 0.1171875
0 0.9234375 0.27734375 0.1484375 0.1328125
0 0.0875 0.68046875 0.175 0.1515625
0 0.515625 0.9375 0.1875 0.125
0 0.72265625 0.86875 0.1796875 0.1640625
0 0.965625 0.4875 0.06875 0.171875
0 0.04765625 0.9421875 0.0953125 0.115625 0.037601 0.060780999999999995 0.07520299999999999 0.121038 0.04765625 0.9421875
0 0.309375 0.57421875 0.115625 0.1140625
0 0.8390625 0.98046875 0.1765625 0.0390625
0 0.30625 0.98359375 0.1515625 0.0328125
0 0.02109375 0.48203125 0.0421875 0.1390625
0 0.97890625 0.9375 0.0421875 0.125
0 0.41171875 0.2984375 0.1328125 0.1046875
0 0.98359375 0.93671875 0.0328125 0.1265625
0 0.70859375 0.0125 0.175 0.025
0 0.3078125 0.9875 0.159375 0.025
0 0.01328125 0.484375 0.0265625 0.1375
0 0.7109375 0.0078125 0.175 0.015625
0 0.20234375 0.0078125 0.16875 0.015625
0 0.98984375 0.9375 0.0203125 0.125