0 0.534375 0.071875 0.171875 0.14375
0 0.32421875 0.1625 0.1875 0.1765625
0 0.7484375 0.0375 0.1453125 0.075
0 0.4375 0.36328125 0.16875 0.140625
0 0.85546875 0.1703125 0.1484375 0.1640625
0 0.2203125 0.453125 0.1296875 0.1375
0 0.3359375 0.65625 0.171875 0.1375
0 0.4234375 0.83203125 0.1609375 0.1328125
0 0.2265625 0.9296875 0.153125 0.1375
0 0.1109375 0.2671875 0.1328125 0.14375
0 0.21484375 0.0296875 0.15625 0.059375 0.146966084375 0.10168451875 0.21484375 0.0296875
0 0.146966084375 0.10168451875 0.09662 0.155086 0.048312 0.55128 0.146966084375 0.10168451875
0 0.04296875 0.9671875 0.0859375 0.0640625