0 0.7484375 0.06640625 0.184375 0.1328125
0 0.78515625 0.76171875 0.1953125 0.1796875
0 0.3421875 0.2734375 0.184375 0.1953125
0 0.8359375 0.4921875 0.21875 0.1953125
0 0.3296875 0.5546875 0.2 0.1953125
0 0.6546875 0.5796875 0.2078125 0.2390625
0 0.1859375 0.3984375 0.184375 0.171875
0 0.109375 0.6859375 0.15625 0.1609375
0 0.2671875 0.8609375 0.1671875 0.153125
0 0.44921875 0.7359375 0.2109375 0.1921875
0 0.50390625 0.4296875 0.1953125 0.1953125
0 0.4234375 0.04296875 0.1375 0.0859375
0 0.9609375 0.35546875 0.0703125 0.1796875
0 0.0640625 0.23359375 0.128125 0.1484375
0 0.07421875 0.946875 0.1484375 0.10625
0 0.58359375 0.91953125 0.1359375 0.1609375
0 0.9296875 0.67578125 0.140625 0.1328125
0 0.8921875 0.9296875 0.22434450312499998 0.1507943984375 0.047126 0.166688 0.8921875 0.9296875
0 0.02265625 0.81171875 0.0453125 0.1953125
0 0.22578125 0.03046875 0.1578125 0.0609375
0 0.078125 0.015625 0.15625 0.03125
0 0.39765625 0.98125 0.2046875 0.0375
0 0.40703125 0.9859375 0.196875 0.028125