0 0.475 0.3671875 0.1765625 0.1640625
0 0.88671875 0.6171875 0.140625 0.125
0 0.2671875 0.0609375 0.1671875 0.121875
0 0.19140625 0.578125 0.125 0.125
0 0.359375 0.1859375 0.15625 0.1609375
0 0.446875 0.6734375 0.1453125 0.10625
0 0.2109375 0.3046875 0.1328125 0.140625
0 0.790625 0.13671875 0.153125 0.1484375
0 0.540625 0.0921875 0.10625 0.090625
0 0.64453125 0.2328125 0.121875 0.140625
0 0.7640625 0.4203125 0.121875 0.125
0 0.9 0.31875 0.1296875 0.1140625
0 0.61875 0.55859375 0.1328125 0.1140625
0 0.740625 0.7359375 0.140625 0.1453125
0 0.8359375 0.9234375 0.1484375 0.153125
0 0.578125 0.8453125 0.171875 0.125
0 0.40234375 0.94921875 0.1453125 0.1015625
0 0.2875 0.765625 0.1375 0.1171875
0 0.115625 0.84375 0.125 0.0984375
0 0.0390625 0.6703125 0.078125 0.1453125
0 0.0640625 0.40390625 0.128125 0.1484375
0 0.1234375 0.14453125 0.121875 0.1328125
0 0.149474640625 0.1351313984375 0.9390000000000001 0.040622000000000005 0.12098800000000001 0.08124400000000001 0.149474640625 0.1351313984375
0 0.149474640625 0.1351313984375 0.1296875 0.1375 0.33203125 0.48046875 0.149474640625 0.1351313984375
0 0.6921875 0.02109375 0.1484375 0.0421875
0 0.975 0.790625 0.05 0.1359375
0 0.68125 0.97578125 0.1328125 0.046875
0 0.00859375 0.25234375 0.0171875 0.13125
0 0.0125 0.253125 0.025 0.1328125
0 0.01875 0.2578125 0.0375 0.134375