0 0.4046875 0.0609375 0.16875 0.121875
0 0.5859375 0.16796875 0.1453125 0.1328125
0 0.74609375 0.0453125 0.1765625 0.090625
0 0.88671875 0.146875 0.1296875 0.121875
0 0.74375 0.3046875 0.1375 0.1484375
0 0.9234375 0.4453125 0.125 0.15625
0 0.759375 0.5859375 0.1328125 0.1375
0 0.9203125 0.73828125 0.125 0.1453125
0 0.7671875 0.90234375 0.1640625 0.1328125
0 0.60546875 0.76953125 0.1609375 0.1171875
0 0.4515625 0.62109375 0.140625 0.1375
0 0.44921875 0.31875 0.153125 0.1484375
0 0.0859375 0.3265625 0.153125 0.1328125
0 0.071875 0.05859375 0.140625 0.1171875
0 0.1171875 0.634375 0.153125 0.1609375
0 0.29296875 0.7828125 0.153125 0.1796875
0 0.19254845781250002 0.177644278125 0.928926 0.9782230000000001 0.141756 0.043369000000000005 0.19254845781250002 0.177644278125
0 0.19254845781250002 0.177644278125 0.1484375 0.1296875 0.46875 0.9078125 0.19254845781250002 0.177644278125
0 0.61328125 0.9875 0.1484375 0.025
0 0.93046875 0.9859375 0.1390625 0.028125
0 0.61484375 0.98515625 0.146875 0.0296875