0 0.37109375 0.11875 0.1171875 0.1140625
0 0.5953125 0.0375 0.1640625 0.075
0 0.06875 0.0546875 0.1375 0.109375
0 0.4125 0.59375 0.1453125 0.1375
0 0.615625 0.50390625 0.153125 0.1484375
0 0.8296875 0.390625 0.15625 0.1171875
0 0.92734375 0.57890625 0.1453125 0.1296875
0 0.71484375 0.6796875 0.1375 0.121875
0 0.98046875 0.76171875 0.0390625 0.109375
0 0.8265625 0.8734375 0.1328125 0.10625
0 0.61640625 0.95078125 0.1453125 0.0984375
0 0.51171875 0.7671875 0.1328125 0.1140625
0 0.3125 0.8671875 0.1140625 0.1140625
0 0.2015625 0.6875 0.121875 0.1171875
0 0.03515625 0.7890625 0.0703125 0.1328125
0 0.1484375 0.1015625 0.09375 0.94921875 0.1489 0.132455 0.6307159999999999 0.136543 0.1484375 0.1015625
0 0.27109375 0.01796875 0.14375 0.0359375
0 0.9796875 0.29375 0.040625 0.1265625
0 0.0234375 0.32578125 0.046875 0.1390625
0 0.984375 0.2921875 0.03125 0.1234375
0 0.92109375 0.98671875 0.1140625 0.0265625
0 0.92578125 0.9828125 0.125 0.034375
0 0.1890625 0.2203125 0.1125 0.0953125
0 0.43515625 0.99296875 0.15 0.0140625