0 0.7109375 0.84765625 0.1484375 0.140625
0 0.2984375 0.884375 0.153125 0.1375
0 0.7734375 0.540625 0.140625 0.1375
0 0.0859375 0.225 0.1640625 0.1375
0 0.4671875 0.4609375 0.1375 0.1328125
0 0.2046875 0.4046875 0.1375 0.1453125
0 0.67890625 0.071875 0.1640625 0.14375
0 0.44140625 0.7796875 0.1640625 0.1296875
0 0.05625 0.51640625 0.1125 0.1609375
0 0.59765625 0.6546875 0.1328125 0.1453125
0 0.04296875 0.790625 0.0859375 0.1375
0 0.9046875 0.446875 0.153125 0.1453125
0 0.1625 0.6859375 0.1375 0.1375
0 0.4046875 0.03125 0.153125 0.0625
0 0.63671875 0.3609375 0.1640625 0.184375
0 0.88671875 0.69140625 0.1484375 0.1484375
0 0.51953125 0.1734375 0.1296875 0.1171875
0 0.353125 0.2875 0.1375 0.1453125
0 0.24375 0.11875 0.171875 0.121875
0 0.803125 0.240625 0.1375 0.140625
0 0.95703125 0.13125 0.0859375 0.15625
0 0.3375 0.5875 0.171875 0.1453125
0 0.5625 0.94140625 0.153125 0.1171875
0 0.82421875 0.9609375 0.140625 0.078125
0 0.15278573906249998 0.201718134375 0.9546875 0.8890625 0.155952 0.083182 0.15278573906249998 0.201718134375
0 0.15278573906249998 0.201718134375 0.090625 0.1484375 0.132577 0.958278 0.15278573906249998 0.201718134375
0 0.975 0.59765625 0.05 0.14375