0 0.92265625 0.071875 0.1359375 0.14375
0 0.7484375 0.2484375 0.1765625 0.184375
0 0.353125 0.6546875 0.2 0.1765625
0 0.5484375 0.446875 0.184375 0.1609375
0 0.165625 0.81875 0.16875 0.1453125
0 0.7671875 0.94375 0.1609375 0.10625
0 0.56640625 0.82421875 0.1484375 0.140625
0 0.94140625 0.7875 0.109375 0.2
0 0.5296875 0.07421875 0.16875 0.1328125
0 0.76171875 0.6109375 0.1796875 0.16875
0 0.1234375 0.0859375 0.1453125 0.140625
0 0.196482159375 0.1892023953125 0.946875 0.44140625 0.177009 0.101657 0.196482159375 0.1892023953125
0 0.196482159375 0.1892023953125 0.0984375 0.15625 0.365526 0.9491720000000001 0.196482159375 0.1892023953125
0 0.03046875 0.95703125 0.0609375 0.0859375
0 0.021875 0.275 0.04375 0.1546875
0 0.0125 0.2671875 0.025 0.153125
0 0.0125 0.659375 0.025 0.1640625