0 0.475 0.30859375 0.153125 0.16875
0 0.78125 0.26953125 0.1640625 0.15625
0 0.8125 0.52734375 0.1171875 0.1296875
0 0.853125 0.8140625 0.1453125 0.1765625
0 0.5859375 0.8515625 0.153125 0.1484375
0 0.50625 0.5484375 0.1296875 0.1484375
0 0.2578125 0.6109375 0.121875 0.15625
0 0.19921875 0.34765625 0.125 0.1375
0 0.1546875 0.0953125 0.0984375 0.10625
0 0.52734375 0.0640625 0.1171875 0.09375
0 0.74375 0.046875 0.109375 0.09375
0 0.28125 0.88671875 0.1171875 0.1296875
0 0.0328125 0.91171875 0.065625 0.1453125 0.9746969999999999 0.22820100000000001 0.050606 0.13961099999999999 0.0328125 0.91171875
0 0.953125 0.02578125 0.09375 0.0515625
0 0.021875 0.66484375 0.04375 0.1375
0 0.03203125 0.1921875 0.0640625 0.1125
0 0.846875 0.98515625 0.1515625 0.0296875
0 0.8453125 0.98828125 0.1515625 0.0234375
0 0.9921875 0.48671875 0.015625 0.1390625
0 0.0140625 0.66328125 0.028125 0.1390625
0 0.84375 0.9921875 0.15 0.015625
0 0.84765625 0.9921875 0.1484375 0.015625