0 0.2109375 0.75 0.1484375 0.15625
0 0.6734375 0.03515625 0.1453125 0.0703125
0 0.9359375 0.259375 0.121875 0.1515625
0 0.259375 0.50625 0.14375 0.1453125
0 0.1 0.359375 0.16875 0.1640625
0 0.05078125 0.8609375 0.1015625 0.1453125
0 0.3890625 0.63671875 0.1375 0.1328125
0 0.07421875 0.609375 0.1328125 0.1328125
0 0.146875 0.084375 0.10625 0.125
0 0.5 0.103125 0.1375 0.109375
0 0.66015625 0.259375 0.1453125 0.1203125
0 0.771875 0.396875 0.1453125 0.121875
0 0.44140625 0.375 0.1328125 0.140625
0 0.22389837968749998 0.1207676265625 0.8390625 0.14140625 0.178561 0.063774 0.22389837968749998 0.1207676265625
0 0.22389837968749998 0.1207676265625 0.1171875 0.1171875 0.8979459999999999 0.968113 0.22389837968749998 0.1207676265625
0 0.98046875 0.8890625 0.0390625 0.16875
0 0.9859375 0.890625 0.028125 0.1640625
0 0.01875 0.196875 0.0359375 0.140625
0 0.984375 0.03984375 0.0296875 0.0796875
0 0.01328125 0.19921875 0.0265625 0.14375
0 0.98046875 0.04296875 0.0390625 0.0859375