0 0.7671875 0.796875 0.184375 0.1953125
0 0.37890625 0.5484375 0.2265625 0.2078125
0 0.9046875 0.228125 0.1765625 0.1765625
0 0.57421875 0.6796875 0.203125 0.171875
0 0.7109375 0.1234375 0.203125 0.184375
0 0.22265625 0.78515625 0.1796875 0.1875
0 0.759375 0.44140625 0.23125 0.21875
0 0.57421875 0.296875 0.1953125 0.21875
0 0.4046875 0.8984375 0.2 0.1484375
0 0.9234375 0.5484375 0.1375 0.1921875
0 0.915625 0.8984375 0.1609375 0.140625
0 0.0625 0.94375 0.125 0.10625
0 0.18095039375 0.12733708593749998 0.9790789999999999 0.068786 0.1609375 0.0859375 0.18095039375 0.12733708593749998
0 0.58203125 0.95703125 0.18095039375 0.12733708593749998 0.041435 0.137572 0.58203125 0.95703125
0 0.984375 0.07109375 0.03125 0.1390625
0 0.86484375 0.015625 0.184375 0.03125