0 0.5390625 0.1796875 0.1375 0.1328125
0 0.828125 0.1171875 0.15625 0.125
0 0.87890625 0.38125 0.1609375 0.1765625
0 0.62890625 0.415625 0.1796875 0.171875
0 0.67578125 0.696875 0.1296875 0.153125
0 0.9296875 0.63125 0.1015625 0.1296875
0 0.953125 0.9234375 0.09375 0.153125
0 0.6796875 0.9453125 0.2 0.109375
0 0.4078125 0.96875 0.16875 0.0625
0 0.38125 0.74375 0.1140625 0.125
0 0.3046875 0.49375 0.125 0.140625
0 0.259375 0.23046875 0.10625 0.1140625
0 0.0921875 0.2875 0.16875 0.171875
0 0.0546875 0.515625 0.109375 0.125
0 0.084375 0.78125 0.1259105484375 0.4681950375 0.143188 0.051654 0.084375 0.78125
0 0.1259105484375 0.4681950375 0.104928 0.974062 0.16875 0.1453125 0.1259105484375 0.4681950375
0 0.01484375 0.2703125 0.0296875 0.153125
0 0.10390625 0.98515625 0.146875 0.0296875