0 0.10546875 0.31640625 0.2109375 0.2421875
0 0.57421875 0.63125 0.234375 0.23125
0 0.928125 0.634375 0.1375 0.2
0 0.85546875 0.29296875 0.2265625 0.2421875
0 0.56875 0.1234375 0.23125 0.2234375
0 0.32421875 0.46875 0.2265625 0.21875
0 0.8046875 0.7984375 0.1953125 0.2078125
0 0.9390625 0.109375 0.1140625 0.1484375
0 0.1421875 0.7109375 0.16875 0.1640625
0 0.9546875 0.921875 0.075 0.1484375
0 0.73046875 0.47265625 0.15625 0.1484375
0 0.2109375 0.1171875 0.1640625 0.171875
0 0.4453125 0.30078125 0.1484375 0.153125
0 0.3765625 0.8765625 0.153125 0.1328125
0 0.35546875 0.04296875 0.2 0.0859375 0.188191384375 0.1479901484375 0.35546875 0.04296875
0 0.188191384375 0.1479901484375 0.09325 0.20759699999999998 0.046625 0.891902 0.188191384375 0.1479901484375
0 0.69765625 0.021875 0.1421875 0.04375
0 0.0328125 0.0390625 0.065625 0.078125
0 0.21328125 0.978125 0.1765625 0.04375
0 0.6296875 0.9796875 0.1703125 0.040625
0 0.98203125 0.45078125 0.0359375 0.1875
0 0.01953125 0.5625 0.0390625 0.221875
0 0.9875 0.4484375 0.025 0.184375
0 0.01328125 0.53984375 0.0265625 0.1796875
0 0.98984375 0.44765625 0.0203125 0.1796875
0 0.628125 0.98515625 0.175 0.0296875