0 0.5859375 0.1796875 0.203125 0.1796875
0 0.38671875 0.7359375 0.2265625 0.2
0 0.28515625 0.0796875 0.1796875 0.159375
0 0.2734375 0.540625 0.2109375 0.16875
0 0.59375 0.634375 0.1875 0.1765625
0 0.37890625 0.2734375 0.1953125 0.1875
0 0.79296875 0.0796875 0.1796875 0.153125
0 0.1546875 0.82421875 0.16875 0.1640625
0 0.9125 0.728125 0.16875 0.1453125
0 0.0859375 0.16796875 0.171875 0.1796875
0 0.69375 0.84765625 0.16875 0.1484375
0 0.49375 0.446875 0.184375 0.1640625
0 0.7015625 0.3515625 0.1640625 0.1640625
0 0.9125 0.26953125 0.1640625 0.140625
0 0.171875 0.3671875 0.2 0.153125
0 0.0875 0.65390625 0.175 0.1640625
0 0.48828125 0.915625 0.153125 0.140625
0 0.81640625 0.96484375 0.1953125 0.0703125
0 0.95859375 0.44453125 0.0828125 0.1609375
0 0.81640625 0.5609375 0.1796875 0.184375 0.1763541125 0.20151576875 0.81640625 0.5609375
0 0.1763541125 0.20151576875 0.06965 0.141596 0.034839999999999996 0.9292020000000001 0.1763541125 0.20151576875
0 0.47421875 0.03203125 0.1875 0.0640625
0 0.965625 0.92734375 0.06875 0.1453125
0 0.96171875 0.03125 0.0765625 0.0625
0 0.02734375 0.03046875 0.0546875 0.0609375
0 0.29765625 0.97265625 0.178125 0.0546875
0 0.02578125 0.4578125 0.0515625 0.1609375
0 0.01640625 0.453125 0.0328125 0.15625