0 0.5546875 0.915625 0.171875 0.1609375
0 0.91015625 0.13671875 0.1640625 0.140625
0 0.7734375 0.7171875 0.15625 0.1609375
0 0.56640625 0.1546875 0.1953125 0.1609375
0 0.93359375 0.9046875 0.125 0.1765625
0 0.3296875 0.7109375 0.153125 0.125
0 0.3296875 0.3359375 0.1296875 0.125
0 0.1234375 0.5296875 0.153125 0.1375
0 0.1234375 0.921875 0.1609375 0.1484375
0 0.72265625 0.3359375 0.15625 0.140625
0 0.5484375 0.50625 0.1375 0.1375
0 0.9453125 0.509375 0.1015625 0.1375
0 0.109375 0.171875 0.153125 0.140625 0.323047 0.023042 0.13586700000000002 0.046084 0.109375 0.171875
0 0.71640625 0.01875 0.146875 0.0375
0 0.32578125 0.015625 0.1484375 0.03125