0 0.2359375 0.225 0.184375 0.1765625
0 0.5484375 0.953125 0.1765625 0.0859375
0 0.5796875 0.353125 0.2078125 0.2625
0 0.05078125 0.09765625 0.1015625 0.15625
0 0.25 0.521875 0.153125 0.1296875
0 0.62890625 0.134375 0.1640625 0.1375
0 0.8828125 0.09375 0.234375 0.1875
0 0.8578125 0.603125 0.1765625 0.2265625
0 0.5625 0.63125 0.1953125 0.1796875
0 0.3125 0.3515625 0.153125 0.184375
0 0.296875 0.0703125 0.1484375 0.1296875
0 0.040625 0.62265625 0.08125 0.1765625
0 0.025 0.34140625 0.05 0.1765625
0 0.0390625 0.8765625 0.078125 0.2078125