0 0.51171875 0.34765625 0.1875 0.1640625
0 0.696875 0.796875 0.1765625 0.15625
0 0.165625 0.34765625 0.1375 0.1484375
0 0.3296875 0.2109375 0.1765625 0.1796875
0 0.853125 0.6484375 0.153125 0.1484375
0 0.69921875 0.48828125 0.184375 0.184375
0 0.19921875 0.6703125 0.1796875 0.1609375
0 0.665625 0.1890625 0.1640625 0.1640625
0 0.546875 0.6578125 0.184375 0.1640625
0 0.171875 0.07421875 0.171875 0.1453125
0 0.49609375 0.0625 0.1484375 0.125
0 0.0640625 0.52734375 0.125 0.1640625
0 0.36328125 0.4984375 0.1796875 0.1484375
0 0.87421875 0.93515625 0.1671875 0.1296875
0 0.07421875 0.80078125 0.140625 0.1953125
0 0.80859375 0.053125 0.1453125 0.10625
0 0.5453125 0.93359375 0.184375 0.1296875
0 0.23828125 0.93125 0.1921875 0.1328125
0 0.0546875 0.2171875 0.10625 0.1765625
0 0.96875 0.484375 0.0625 0.121875
0 0.96484375 0.771875 0.0703125 0.1375