0 0.2389430984375 0.7555236359374999 0.26409158593750004 0.7293572625 0.268115328125 0.6458258703124999 0.24196093749999997 0.60556979375 0.200717484375 0.5713521328125 0.1483520859375 0.5692696796875001 0.098111590625 0.635761859375 0.1111888515625 0.687088315625 0.12728382031250002 0.743446796875 0.2067530265625 0.773638828125 0.2389430984375 0.7555236359374999
0 0.4984753984375 0.6677629109375001 0.460249715625 0.64461565625 0.41900625781249995 0.614423590625 0.33618090624999997 0.6133981375 0.29125201562499997 0.7341853984375 0.30231726875 0.7885310828125001 0.38581021875 0.8217423078125 0.47735071875 0.8016142890625 0.49746949531249995 0.7573326171875 0.4984753984375 0.6677629109375001
0 0.49545762499999996 0.5425741609375 0.5407248906250001 0.49728605937500003 0.5256357578124999 0.42079955468749997 0.5228096484375 0.3892358046875 0.5115526609375001 0.34833864531250003 0.4662853953125 0.34330662031250003 0.3407069015625 0.3757833625 0.3335013703125 0.519426909375 0.37675683125 0.560689390625 0.43308935625 0.5637086171875 0.465279425 0.560689390625 0.49545762499999996 0.5425741609375
0 0.351339409375 0.281780109375 0.3780559578125 0.3318110046875 0.447244921875 0.348259440625 0.4677961171875 0.342776628125 0.5136937421875001 0.33249633125 0.5232843 0.30850890937500003 0.5356150078125 0.2591634375 0.5342449375 0.22421034374999999 0.5088984609375 0.181033034375 0.487662253125 0.15636030781250002 0.4458748984375 0.15361887968750002 0.3876696484375 0.170376015625 0.3451740546875 0.232434609375 0.351339409375 0.281780109375
0 0.27197002656249997 0.1519642421875 0.188712128125 0.14376367968749998 0.1185497375 0.20122412500000003 0.12211766093750001 0.2619065390625 0.2020389015625 0.2890350859375 0.277678715625 0.2740429453125 0.31050348906249997 0.2340639609375 0.3040812421875 0.1883736875 0.27197002656249997 0.1519642421875
0 0.297659 0.46779289375 0.29908620625000004 0.4028270359375 0.279105825 0.3521393828125 0.2155969921875 0.30502127031250004 0.185501528125 0.3034911953125 0.16635980781249998 0.332863796875 0.1306806671875 0.4149634921875 0.1492337921875 0.49563539843750004 0.187767253125 0.5356144109375001 0.24628105156250002 0.517766640625 0.297659 0.46779289375
0 0.7649285906250001 0.6539190234375 0.7033155468750001 0.65435914375 0.655200546875 0.73457653125 0.7057953828125 0.780132784375 0.767954796875 0.8112267031249999 0.818549534375 0.777963425 0.824331671875 0.7244529140625 0.7926254640625 0.683607984375 0.7649285906250001 0.6539190234375
0 0.83448625 0.7839495546874999 0.8877138828125 0.8403340734375 0.9628588515625 0.890453671875 0.996256421875 0.8612172921875001 0.9984375 0.7577161921875 0.9775616906250001 0.711436875 0.8724383937500001 0.7537405203125 0.83448625 0.7839495546874999
0 0.6406229890625 0.76963425 0.6362233078124999 0.7124124765625 0.602492765625 0.6603260859375 0.5238399765625 0.6566328593749999 0.5086335937500001 0.674998309375 0.4939680625 0.828323140625 0.5555631796875 0.83272479375 0.59589329375 0.8143845000000001 0.6384233015625 0.8070483640624999 0.6406229890625 0.76963425
0 0.8605453078125 0.468159221875 0.8330782343750001 0.422359621875 0.7859918984375 0.42366822187500003 0.71517446875 0.493020840625 0.7022823171875 0.5362044796875 0.7232097578125 0.593780984375 0.8186907859374999 0.60424946875 0.847465859375 0.5820040343749999 0.8723169375 0.5231188859375 0.8605453078125 0.468159221875
0 0.7870034218749999 0.203099653125 0.8219318859375001 0.19654754218749998 0.8721414093750001 0.18562739374999998 0.9016122843750001 0.1484988546875 0.9114359109375 0.0906220625 0.8383044921874999 0.0261931296875 0.7367893624999999 0.071346203125 0.7870034218749999 0.203099653125
0 0.9530787343749999 0.6239848328125001 0.9888686171875 0.62072975 0.9984375 0.5339262375 0.9984375 0.47750396874999995 0.9650086437500001 0.4492928359375 0.9333713749999999 0.46126383593750003 0.931387765625 0.571902796875 0.9530787343749999 0.6239848328125001
0 0.4838489484375 0.10911525468750001 0.5246833484375 0.099483075 0.5626423859374999 0.099483075 0.60927783125 0.0571663546875 0.6244614765625001 0.039805692187500005 0.60927783125 0.00508425 0.394168453125 0.00013554687499999998 0.3771851953125 0.021359909375 0.3771851953125 0.0571663546875 0.44117344062499997 0.10382319531249999 0.4650333390625 0.114673625 0.4838489484375 0.10911525468750001
0 0.35929614375 0.03197701875 0.34799884375 0.0003299328125 0.1152736015625 0.008241700000000001 0.129960128125 0.057972871875 0.152554809375 0.0986619796875 0.211301003125 0.10431324687500002 0.2643985109375 0.11448554687500001 0.2982904875 0.1201368125 0.32540416875 0.08283848906249999 0.35929614375 0.03197701875
0 0.6125899484375 0.5787919765625 0.654918528125 0.4847793875 0.6286748281250001 0.401777296875 0.526351796875 0.393990721875 0.49830282343750004 0.38822589375 0.4830645390625 0.5728632499999999 0.6125899484375 0.5787919765625
0 0.9669239375 0.0573229796875 0.9508489499999999 0.07340522656250001 0.9387928015625 0.175259496875 0.9984375 0.20742406249999998 0.9984375 0.0679723046875 0.9669239375 0.0573229796875
0 0.6700077531249999 0.1692709265625 0.7165241671875 0.12500334062500001 0.7199279109375001 0.043278429687499995 0.6711421765625001 0 0.5747057625 0.007974012499999999 0.5680323125 0.11116758281250001 0.5837822546875 0.1647307109375 0.6700077531249999 0.1692709265625
0 0.5148573921875 0.2986328984375 0.5180309859375 0.28526162187500004 0.43930100000000005 0.25279799999999997 0.19895400000000002 0.19599899999999998 0.5148573921875 0.2986328984375
0 0.5148573921875 0.2986328984375 0.5064306328125 0.33413729375 0.582527234375 0.407731203125 0.6370632546875 0.398849171875 0.682721234375 0.35317020625 0.5148573921875 0.2986328984375
0 0.682721234375 0.35317020625 0.6992088203125 0.2681566015625 0.6573556140625 0.1844118046875 0.5308468359375 0.23126471093749998 0.5180309859375 0.28526162187500004 0.682721234375 0.35317020625
0 0.428125 0.4546875 0.2171875 0.240625
0 0.74609375 0.75859375 0.190625 0.2125
0 0.21015625 0.41015625 0.1859375 0.2203125
0 0.790625 0.51640625 0.1734375 0.196875
0 0.18359375 0.671875 0.184375 0.2046875
0 0.39609375 0.715625 0.20625 0.21875
0 0.21171875 0.23203125 0.2 0.16875
0 0.92421875 0.80078125 0.1515625 0.1890625
0 0.57421875 0.74453125 0.1578125 0.184375
0 0.58046875 0.49296875 0.1921875 0.2
0 0.6046875 0.30859375 0.19375 0.2015625
0 0.9515625 0.53671875 0.096875 0.1890625
0 0.828125 0.1015625 0.184375 0.203125
0 0.23046875 0.0609375 0.234375 0.121875
0 0.4859375 0.0546875 0.2328125 0.109375
0 0.95390625 0.3578125 0.0921875 0.203125
0 0.96796875 0.11171875 0.0640625 0.209375
0 0.63984375 0.08828125 0.1640625 0.1734375
0 0.7984375 0.31796875 0.2046875 0.190625
0 0.1140625 0.9265625 0.1859375 0.146875
0 0.3125 0.9328125 0.18125 0.134375
0 0.6125 0.9703125 0.2390625 0.059375
0 0.9328125 0.9625 0.134375 0.0734375