0 0.37265625 0.0484375 0.1359375 0.096875
0 0.5234375 0.796875 0.1640625 0.1484375
0 0.50390625 0.5484375 0.1484375 0.121875
0 0.0921875 0.06640625 0.153125 0.1328125
0 0.4140625 0.2671875 0.153125 0.140625
0 0.15 0.31875 0.140625 0.1296875
0 0.19140625 0.5640625 0.1640625 0.15625
0 0.25625 0.8296875 0.1328125 0.1296875
0 0.7796875 0.5234375 0.140625 0.1765625
0 0.81640625 0.78125 0.125 0.16875
0 0.95859375 0.22265625 0.0828125 0.1484375
0 0.13818285624999999 0.1321771109375 0.656525 0.031859 0.148095 0.063717 0.13818285624999999 0.1321771109375
0 0.13818285624999999 0.1321771109375 0.0703125 0.1453125 0.03515625 0.84375 0.13818285624999999 0.1321771109375
0 0.93359375 0.04765625 0.1328125 0.0953125
0 0.01953125 0.6265625 0.0390625 0.1453125
0 0.01328125 0.6265625 0.025 0.1359375