0 0.44921875 0.53515625 0.171875 0.1796875
0 0.1625 0.9046875 0.1765625 0.153125
0 0.071875 0.71015625 0.14375 0.1640625
0 0.4296875 0.06640625 0.1484375 0.1328125
0 0.8671875 0.8046875 0.171875 0.15625
0 0.1484375 0.4296875 0.171875 0.171875
0 0.3515625 0.3375 0.1765625 0.153125
0 0.55625 0.24375 0.1640625 0.1796875
0 0.75390625 0.13671875 0.2109375 0.1953125
0 0.853125 0.3359375 0.1609375 0.1484375
0 0.6578125 0.41796875 0.1640625 0.16875
0 0.7484375 0.6015625 0.1796875 0.1796875
0 0.55859375 0.7046875 0.2 0.15625
0 0.6703125 0.8921875 0.1765625 0.140625
0 0.4515625 0.9609375 0.15625 0.078125
0 0.3375 0.80859375 0.140625 0.1375
0 0.24375 0.62890625 0.153125 0.153125
0 0.2515625 0.146875 0.21875 0.1875
0 0.046875 0.25390625 0.09375 0.1921875
0 0.1561285 0.13730816562499998 0.945524 0.070646 0.109375 0.1140625 0.1561285 0.13730816562499998
0 0.9453125 0.5296875 0.1561285 0.13730816562499998 0.10895300000000001 0.141292 0.9453125 0.5296875
0 0.9546875 0.959375 0.090625 0.08125
0 0.12890625 0.02421875 0.203125 0.0484375
0 0.02109375 0.52265625 0.0421875 0.1734375
0 0.01875 0.9578125 0.0375 0.084375
0 0.6640625 0.025 0.16875 0.0484375
0 0.0140625 0.07734375 0.028125 0.1546875
0 0.01171875 0.078125 0.0234375 0.15625
0 0.009375 0.08125 0.01875 0.1625
0 0.0140625 0.52265625 0.028125 0.1703125
0 0.9859375 0.2203125 0.028125 0.1734375