0 0.7421875 0.3921875 0.1875 0.215625
0 0.353125 0.16796875 0.2078125 0.1953125
0 0.3609375 0.91015625 0.184375 0.171875
0 0.3046875 0.6546875 0.2265625 0.2
0 0.415625 0.446875 0.2 0.2
0 0.225 0.3609375 0.2078125 0.1921875
0 0.6625 0.10546875 0.2078125 0.1953125
0 0.071875 0.24140625 0.14375 0.1640625
0 0.59765625 0.578125 0.21875 0.1875
0 0.915625 0.4984375 0.1609375 0.184375
0 0.50625 0.7671875 0.2078125 0.1921875
0 0.1546875 0.0859375 0.2078125 0.171875
0 0.5484375 0.28125 0.2390625 0.21875
0 0.9359375 0.0546875 0.121875 0.109375
0 0.7109375 0.853125 0.2109375 0.2078125
0 0.81640625 0.6734375 0.1796875 0.2078125
0 0.48359375 0.0484375 0.1640625 0.096875
0 0.9609375 0.7734375 0.0625 0.171875
0 0.853125 0.19921875 0.16875 0.1796875
0 0.1078125 0.553125 0.15625 0.16875
0 0.19140625 0.81640625 0.1921875 0.153125
0 0.06875 0.94921875 0.1140625 0.09375
0 0.15024877812499998 0.247140640625 0.091617 0.193453 0.045813 0.719244 0.15024877812499998 0.247140640625
0 0.91015625 0.94296875 0.1796875 0.1140625 0.15024877812499998 0.247140640625 0.91015625 0.94296875
0 0.58515625 0.97109375 0.203125 0.0578125
0 0.97734375 0.31015625 0.0453125 0.1859375
0 0.78671875 0.0078125 0.1734375 0.015625