0 0.8359375 0.7109375 0.1484375 0.1484375
0 0.884375 0.9609375 0.2078125 0.0625
0 0.32421875 0.275 0.1140625 0.125
0 0.165625 0.14453125 0.125 0.121875
0 0.4765625 0.125 0.109375 0.121875
0 0.6546875 0.2640625 0.125 0.121875
0 0.8296875 0.4046875 0.1484375 0.153125
0 0.678125 0.5703125 0.1453125 0.153125
0 0.4984375 0.44375 0.15625 0.1484375
0 0.35 0.5921875 0.1328125 0.1375
0 0.1734375 0.4625 0.1484375 0.1328125
0 0.0453125 0.57421875 0.090625 0.2109375
0 0.51171875 0.7203125 0.1328125 0.1375
0 0.7015625 0.865625 0.1328125 0.140625
0 0.3515625 0.8890625 0.1609375 0.1609375
0 0.18125 0.74375 0.09375 0.0984375
0 0.97265625 0.859375 0.0546875 0.1453125
0 0.3015625 0.0390625 0.1640625 0.078125
0 0.61953125 0.03125 0.1765625 0.0625
0 0.9453125 0.26015625 0.109375 0.1765625
0 0.96015625 0.5515625 0.0796875 0.175
0 0.0625 0.9140625 0.125 0.171875
0 0.03359375 0.29609375 0.0671875 0.16875
0 0.04921875 0.053125 0.0984375 0.10625 0.946017 0.021011 0.107965 0.042022 0.04921875 0.053125