0 0.94140625 0.9140625 0.109375 0.1640625
0 0.6171875 0.8046875 0.171875 0.171875
0 0.3296875 0.19140625 0.1765625 0.1953125
0 0.94140625 0.359375 0.109375 0.171875
0 0.91015625 0.76171875 0.1796875 0.1765625
0 0.3921875 0.3203125 0.1609375 0.121875
0 0.68125 0.58203125 0.171875 0.1765625
0 0.94921875 0.5609375 0.1015625 0.1609375
0 0.078125 0.790625 0.1328125 0.1921875
0 0.0796875 0.5796875 0.153125 0.21875
0 0.11328125 0.29296875 0.16875 0.171875
0 0.134375 0.07421875 0.15625 0.1484375
0 0.365625 0.625 0.1796875 0.1765625
0 0.725 0.0765625 0.1796875 0.1453125
0 0.359375 0.915625 0.203125 0.16875
0 0.6109375 0.95703125 0.1875 0.0859375
0 0.96484375 0.078125 0.0703125 0.1484375 0.057737000000000004 0.186937 0.11541900000000001 0.194127 0.96484375 0.078125
0 0.6546875 0.040625 0.165625 0.08125
0 0.96484375 0.628125 0.0703125 0.21875