0 0.7359375 0.85546875 0.2 0.1953125
0 0.58515625 0.103125 0.2265625 0.20625
0 0.6546875 0.4671875 0.2546875 0.23125
0 0.12890625 0.6734375 0.2109375 0.2078125
0 0.9296875 0.0765625 0.1328125 0.153125
0 0.50390625 0.6546875 0.25 0.2234375
0 0.88125 0.6484375 0.2078125 0.171875
0 0.3609375 0.85546875 0.2078125 0.2265625
0 0.2046875 0.1234375 0.246875 0.2078125
0 0.421875 0.28515625 0.25 0.25
0 0.25390625 0.5 0.2265625 0.21875
0 0.7875 0.2796875 0.23125 0.2
0 0.07421875 0.3109375 0.1484375 0.2234375
0 0.9609375 0.4546875 0.0703125 0.1609375
0 0.603125 0.97265625 0.1765625 0.046875 0.133525915625 0.3021355078125 0.603125 0.97265625
0 0.133525915625 0.3021355078125 0.069744 0.211064 0.034872 0.887276 0.133525915625 0.3021355078125
0 0.2015625 0.9703125 0.2 0.059375
0 0.05078125 0.01953125 0.1015625 0.0390625
0 0.0515625 0.01640625 0.1015625 0.0328125
0 0.72421875 0.00859375 0.225 0.0171875