0 0.78515625 0.50390625 0.1953125 0.2109375
0 0.603125 0.384375 0.23125 0.215625
0 0.5171875 0.10546875 0.2 0.1953125
0 0.8984375 0.0484375 0.171875 0.096875
0 0.26171875 0.81640625 0.1796875 0.15625
0 0.0859375 0.69140625 0.1640625 0.171875
0 0.928125 0.6234375 0.1375 0.184375
0 0.4546875 0.91796875 0.215625 0.1484375
0 0.415625 0.6109375 0.2078125 0.1765625
0 0.78515625 0.85 0.1796875 0.1765625
0 0.2171875 0.4859375 0.2 0.1921875
0 0.9046875 0.32421875 0.1765625 0.1640625
0 0.959375 0.9359375 0.075 0.121875
0 0.73046875 0.2046875 0.1484375 0.153125
0 0.38671875 0.259375 0.16875 0.1671875
0 0.37495816406250004 0.45342980468749994 0.6 0.728125 0.183839 0.048875999999999996 0.37495816406250004 0.45342980468749994
0 0.37495816406250004 0.45342980468749994 0.1609375 0.1921875 0.621618 0.9755499999999999 0.37495816406250004 0.45342980468749994
0 0.0859375 0.97890625 0.171875 0.0421875
0 0.08203125 0.98515625 0.1640625 0.0296875