0 0.6484375 0.7171875 0.234375 0.215625
0 0.8734375 0.5546875 0.2390625 0.21875
0 0.415625 0.90234375 0.2 0.1875
0 0.490625 0.19140625 0.2 0.1640625
0 0.7046875 0.3671875 0.1375 0.1484375
0 0.290625 0.3421875 0.29375 0.2234375
0 0.8421875 0.884375 0.215625 0.1375
0 0.0796875 0.11015625 0.159375 0.1359375
0 0.23046875 0.696875 0.1953125 0.1609375
0 0.734375 0.05078125 0.1953125 0.1015625
0 0.04296875 0.87890625 0.0859375 0.1328125
0 0.93359375 0.21875 0.1328125 0.1609375
0 0.2984375 0.04296875 0.184375 0.0859375
0 0.4515625 0.5296875 0.184375 0.184375
0 0.06640625 0.50625 0.1328125 0.1875 0.931459 0.9632350000000001 0.137081 0.07353 0.06640625 0.50625
0 0.9859375 0.43203125 0.028125 0.178125
0 0.9796875 0.765625 0.040625 0.1796875
0 0.15703125 0.97734375 0.190625 0.0453125
0 0.98515625 0.75625 0.0296875 0.18125
0 0.984375 0.771875 0.03125 0.1765625
0 0.98359375 0.4390625 0.0328125 0.184375