0 0.353125 0.0921875 0.2078125 0.1765625
0 0.3984375 0.56640625 0.234375 0.1953125
0 0.8046875 0.375 0.2109375 0.1875
0 0.8984375 0.5484375 0.171875 0.2078125
0 0.2734375 0.8421875 0.1640625 0.1609375
0 0.16796875 0.665625 0.21875 0.1921875
0 0.9546875 0.2875 0.0828125 0.1765625
0 0.5609375 0.04296875 0.2 0.0859375
0 0.7046875 0.665625 0.1921875 0.184375
0 0.2984375 0.3609375 0.184375 0.1765625
0 0.603125 0.91015625 0.1921875 0.171875
0 0.96484375 0.73046875 0.0625 0.1796875
0 0.46875 0.30078125 0.1796875 0.1953125
0 0.67578125 0.1953125 0.125 0.121875
0 0.884375 0.1 0.1921875 0.2
0 0.5921875 0.4765625 0.2078125 0.16875
0 0.82421875 0.834375 0.1875 0.1765625
0 0.0859375 0.93359375 0.171875 0.1328125
0 0.084375 0.4921875 0.16875 0.2078125
0 0.1546875 0.1953125 0.2078125 0.1328125
0 0.08203125 0.053125 0.1640625 0.10625
0 0.14093793593749998 0.30328598281249997 0.0703125 0.2421875 0.03515625 0.75625 0.14093793593749998 0.30328598281249997
0 0.14093793593749998 0.30328598281249997 0.902558 0.9621679999999999 0.194095 0.075664 0.14093793593749998 0.30328598281249997
0 0.025 0.2875 0.05 0.19375
0 0.41171875 0.9703125 0.2078125 0.059375