0 0.875 0.290625 0.15625 0.16875
0 0.259375 0.57421875 0.1515625 0.1484375
0 0.5484375 0.6734375 0.1375 0.1375
0 0.071875 0.67265625 0.14375 0.1609375
0 0.6734375 0.8671875 0.153125 0.1484375
0 0.37109375 0.303125 0.16875 0.1609375
0 0.5765625 0.1796875 0.1609375 0.1484375
0 0.6875 0.384375 0.1375 0.1453125
0 0.78515625 0.5625 0.1375 0.15625
0 0.478125 0.4828125 0.16875 0.1453125
0 0.36328125 0.73046875 0.1609375 0.1328125
0 0.1484375 0.8421875 0.153125 0.1453125
0 0.478125 0.921875 0.140625 0.1328125
0 0.22734375 0.96640625 0.1296875 0.0671875
0 0.8921875 0.771875 0.1375 0.1484375
0 0.071875 0.17734375 0.14375 0.1640625
0 0.234375 0.0875 0.16875 0.16875
0 0.1390625 0.36875 0.2 0.1640625
0 0.22081017187500002 0.107588390625 0.44358899999999996 0.040115 0.165595 0.080209 0.22081017187500002 0.107588390625
0 0.22081017187500002 0.107588390625 0.0859375 0.1484375 0.95703125 0.47265625 0.22081017187500002 0.107588390625
0 0.95390625 0.0375 0.0921875 0.075
0 0.96484375 0.93671875 0.0703125 0.1265625
0 0.0171875 0.9421875 0.034375 0.115625
0 0.75703125 0.0875 0.1109375 0.1125
0 0.01171875 0.93984375 0.0234375 0.1203125
0 0.76640625 0.98203125 0.1546875 0.034375