0 0.1109375 0.921875 0.184375 0.1484375
0 0.5171875 0.546875 0.16875 0.1875
0 0.32421875 0.7421875 0.1796875 0.1484375
0 0.5234375 0.1734375 0.1796875 0.1765625
0 0.928125 0.5171875 0.1375 0.1765625
0 0.91015625 0.1484375 0.1640625 0.171875
0 0.3046875 0.040625 0.140625 0.08125
0 0.32421875 0.34765625 0.15625 0.140625
0 0.69921875 0.3359375 0.15625 0.171875
0 0.1171875 0.5609375 0.140625 0.1453125
0 0.9359375 0.91015625 0.121875 0.171875
0 0.5296875 0.91796875 0.1609375 0.15625
0 0.734375 0.72265625 0.15625 0.1875
0 0.1 0.1703125 0.1484375 0.1453125 0.721267 0.019678 0.162199 0.039324 0.1 0.1703125