0 0.06640625 0.17578125 0.109375 0.121875
0 0.2640625 0.0703125 0.125 0.1296875
0 0.36875 0.26171875 0.1375 0.140625
0 0.5703125 0.1625 0.1375 0.1484375
0 0.78984375 0.05625 0.1296875 0.1125
0 0.890625 0.240625 0.1328125 0.1328125
0 0.69140625 0.3515625 0.121875 0.125
0 0.7875 0.51953125 0.125 0.125
0 0.9 0.72265625 0.121875 0.140625
0 0.97421875 0.4171875 0.0515625 0.121875
0 0.584375 0.63671875 0.1296875 0.1296875
0 0.696875 0.81875 0.171875 0.1171875
0 0.48828125 0.9140625 0.10625 0.090625
0 0.3734375 0.725 0.121875 0.10625
0 0.28125 0.540625 0.1328125 0.121875
0 0.4921875 0.44375 0.121875 0.1140625
0 0.18359375 0.35546875 0.121875 0.1140625
0 0.08984375 0.6421875 0.1328125 0.1328125
0 0.196875 0.8359375 0.1171875 0.1296875
0 0.1328125 0.0546875 0.265625 0.97265625 0.14635800000000002 0.07698 0.789925 0.96151 0.1328125 0.0546875
0 0.47890625 0.028125 0.1421875 0.05625
0 0.02578125 0.9234375 0.0515625 0.14375
0 0.97890625 0.87890625 0.0421875 0.140625
0 0.984375 0.88046875 0.03125 0.1390625
0 0.01171875 0.46796875 0.0234375 0.1203125
0 0.9578125 0.01875 0.084375 0.0375
0 0.95546875 0.01328125 0.0890625 0.0265625