0 0.2734375 0.4671875 0.203125 0.184375
0 0.4125 0.63671875 0.2 0.1953125
0 0.6421875 0.2046875 0.2078125 0.184375
0 0.53515625 0.8109375 0.1875 0.1765625
0 0.853125 0.8421875 0.153125 0.1765625
0 0.73046875 0.6546875 0.15625 0.153125
0 0.91015625 0.53515625 0.1640625 0.171875
0 0.7671875 0.37890625 0.16875 0.1484375
0 0.290625 0.1796875 0.16875 0.171875
0 0.9234375 0.21875 0.1375 0.1875
0 0.4234375 0.3421875 0.153125 0.184375
0 0.4984375 0.0546875 0.1609375 0.109375
0 0.0546875 0.8734375 0.109375 0.1375
0 0.1078125 0.25625 0.125 0.1171875
0 0.60546875 0.49609375 0.1171875 0.121875
0 0.6625 0.9390625 0.1140625 0.121875
0 0.821875 0.0703125 0.1484375 0.140625
0 0.1921875 0.075 0.1484375 0.0375 0.089119 0.087057 0.95544 0.9564130000000001 0.1921875 0.075
0 0.03046875 0.140625 0.0609375 0.159375
0 0.1578125 0.98203125 0.1890625 0.0359375
0 0.97734375 0.70859375 0.0453125 0.1375
0 0.159375 0.9859375 0.2 0.028125
0 0.98359375 0.709375 0.0328125 0.1328125