0 0.4671875 0.23046875 0.2234375 0.2109375
0 0.821875 0.6484375 0.23125 0.203125
0 0.6421875 0.44140625 0.2078125 0.1953125
0 0.30390625 0.0796875 0.2265625 0.159375
0 0.8609375 0.2796875 0.2078125 0.2
0 0.2359375 0.4046875 0.2390625 0.2078125
0 0.1734375 0.7671875 0.2234375 0.215625
0 0.5859375 0.8109375 0.203125 0.215625
0 0.9359375 0.8421875 0.1140625 0.215625
0 0.4234375 0.6109375 0.2234375 0.215625
0 0.359375 0.9234375 0.2265625 0.1453125
0 0.10546875 0.196875 0.2109375 0.2078125
0 0.96875 0.4828125 0.0625 0.1328125
0 0.7640625 0.953125 0.1953125 0.09375 0.1562152734375 0.28300241718749997 0.7640625 0.953125
0 0.1562152734375 0.28300241718749997 0.05059399999999999 0.16655999999999999 0.025296999999999997 0.91672 0.1562152734375 0.28300241718749997
0 0.921875 0.0171875 0.15625 0.034375