0 0.196875 0.165625 0.2 0.1765625
0 0.2984375 0.3734375 0.215625 0.184375
0 0.09765625 0.446875 0.1640625 0.1765625
0 0.9046875 0.0609375 0.184375 0.121875
0 0.3609375 0.5859375 0.2 0.2109375
0 0.725 0.1703125 0.1765625 0.1484375
0 0.81875 0.32421875 0.1609375 0.1453125
0 0.96875 0.2484375 0.0625 0.153125
0 0.96484375 0.7203125 0.0703125 0.1953125
0 0.3921875 0.071875 0.1296875 0.090625
0 0.040625 0.2578125 0.08125 0.1875
0 0.5 0.2515625 0.090625 0.1125
0 0.6171875 0.4203125 0.1015625 0.125
0 0.71875 0.6265625 0.1484375 0.121875
0 0.7953125 0.79296875 0.1296875 0.121875
0 0.16875 0.1765625 0.915625 0.53515625 0.170536 0.05429199999999999 0.085673 0.027145999999999997 0.16875 0.1765625