0 0.8984375 0.321875 0.1953125 0.2
0 0.69921875 0.50390625 0.2421875 0.2265625
0 0.540625 0.2984375 0.246875 0.215625
0 0.2734375 0.4609375 0.2109375 0.2265625
0 0.8671875 0.69921875 0.2421875 0.21875
0 0.109375 0.26171875 0.21875 0.2109375
0 0.08203125 0.6171875 0.1640625 0.2109375
0 0.728125 0.1421875 0.2 0.1921875
0 0.2359375 0.8046875 0.2 0.1953125
0 0.47265625 0.671875 0.21875 0.2109375
0 0.3296875 0.09765625 0.2234375 0.1953125
0 0.93515625 0.040625 0.1203125 0.08125
0 0.63671875 0.8671875 0.203125 0.1953125
0 0.384375 0.96484375 0.203125 0.0703125 0.1687475265625 0.2783021625 0.384375 0.96484375
0 0.1687475265625 0.2783021625 0.118017 0.11678 0.059113000000000006 0.9416100000000001 0.1687475265625 0.2783021625
0 0.965625 0.8828125 0.06875 0.2
0 0.55859375 0.025 0.20625 0.05
0 0.78671875 0.9828125 0.2203125 0.034375
0 0.7984375 0.9875 0.225 0.025