0 0.2109375 0.6421875 0.2109375 0.1921875
0 0.88671875 0.22265625 0.2109375 0.2421875
0 0.6484375 0.9296875 0.2109375 0.1328125
0 0.196875 0.2875 0.215625 0.2
0 0.5171875 0.2421875 0.2234375 0.2265625
0 0.37890625 0.4359375 0.234375 0.2390625
0 0.0765625 0.4859375 0.153125 0.23125
0 0.915625 0.5796875 0.1609375 0.2078125
0 0.2984375 0.94140625 0.2234375 0.1015625
0 0.790625 0.790625 0.2234375 0.2234375
0 0.44921875 0.8046875 0.203125 0.21875
0 0.6859375 0.07421875 0.2 0.1484375
0 0.07421875 0.821875 0.1484375 0.2
0 0.953125 0.946875 0.0859375 0.0984375
0 0.046875 0.10546875 0.09375 0.1796875
0 0.3515625 0.1 0.203125 0.184375
0 0.74375 0.4296875 0.1921875 0.1796875
0 0.5796875 0.625 0.1921875 0.1609375 0.976421 0.065786 0.047157 0.13099 0.5796875 0.625
0 0.4953125 0.015625 0.2171875 0.03125
0 0.1171875 0.0203125 0.1890625 0.040625