0 0.7671875 0.41015625 0.16875 0.15625
0 0.665625 0.69140625 0.1765625 0.1640625
0 0.3671875 0.6171875 0.1640625 0.15625
0 0.5609375 0.5171875 0.1375 0.153125
0 0.6796875 0.2109375 0.171875 0.171875
0 0.9546875 0.7796875 0.075 0.2
0 0.4609375 0.78515625 0.1640625 0.1484375
0 0.8671875 0.1171875 0.1640625 0.1484375
0 0.35546875 0.13671875 0.1484375 0.1640625
0 0.25390625 0.41015625 0.1375 0.1484375
0 0.15625 0.23046875 0.1328125 0.171875
0 0.4546875 0.30078125 0.1171875 0.1296875
0 0.9546875 0.3125 0.090625 0.1609375
0 0.56640625 0.05859375 0.1609375 0.1171875
0 0.87109375 0.5953125 0.1140625 0.109375
0 0.7890625 0.8734375 0.1484375 0.1375
0 0.57890625 0.95859375 0.1671875 0.0828125
0 0.25390625 0.87890625 0.1453125 0.125
0 0.1484375 0.7109375 0.1453125 0.1453125
0 0.05625 0.50546875 0.1125 0.1484375
0 0.06015625 0.05625 0.1165899203125 0.109019146875 0.118725 0.077218 0.06015625 0.05625
0 0.1165899203125 0.109019146875 0.059363 0.9613910000000001 0.1203125 0.1125 0.1165899203125 0.109019146875
0 0.2546875 0.01328125 0.15625 0.025
0 0.0171875 0.80078125 0.034375 0.146875
0 0.253125 0.00859375 0.1578125 0.0171875
0 0.01171875 0.80078125 0.0234375 0.1453125