0 0.2171875 0.103125 0.2234375 0.2
0 0.8359375 0.2671875 0.25 0.2234375
0 0.63671875 0.8296875 0.21875 0.246875
0 0.3296875 0.28515625 0.215625 0.234375
0 0.4546875 0.9234375 0.1765625 0.1453125
0 0.91796875 0.4671875 0.1484375 0.2078125
0 0.91015625 0.0484375 0.1640625 0.096875
0 0.1109375 0.8421875 0.2078125 0.215625
0 0.12890625 0.37890625 0.2421875 0.2109375
0 0.32421875 0.75390625 0.2109375 0.2265625
0 0.44375 0.4609375 0.1765625 0.1640625
0 0.959375 0.66015625 0.075 0.1953125
0 0.0640625 0.19375 0.121875 0.15625
0 0.21875 0.5625 0.184375 0.1796875
0 0.5328125 0.6421875 0.2078125 0.16875
0 0.0703125 0.6546875 0.140625 0.1640625
0 0.703125 0.078125 0.246875 0.15625
0 0.22197801718750002 0.1859965453125 0.74921875 0.95859375 0.21916799999999997 0.065327 0.22197801718750002 0.1859965453125
0 0.22197801718750002 0.1859965453125 0.1515625 0.0828125 0.24017300000000003 0.967337 0.22197801718750002 0.1859965453125
0 0.0984375 0.01875 0.196875 0.0375
0 0.9703125 0.17421875 0.059375 0.190625
0 0.0203125 0.9265625 0.040625 0.146875
0 0.609375 0.01328125 0.2171875 0.0265625