0 0.5796875 0.81640625 0.153125 0.15625
0 0.4296875 0.6796875 0.15625 0.1484375
0 0.1234375 0.7109375 0.1609375 0.140625
0 0.5859375 0.5234375 0.1484375 0.140625
0 0.75625 0.3734375 0.1765625 0.16875
0 0.2734375 0.546875 0.1875 0.1640625
0 0.23828125 0.2484375 0.121875 0.140625
0 0.5640625 0.2421875 0.153125 0.1484375
0 0.7359375 0.0859375 0.121875 0.1296875
0 0.91015625 0.2171875 0.121875 0.125
0 0.921875 0.5140625 0.1375 0.1453125
0 0.7484375 0.665625 0.1453125 0.1609375
0 0.4203125 0.4203125 0.1296875 0.125
0 0.0953125 0.4046875 0.140625 0.1453125
0 0.071875 0.1 0.140625 0.153125
0 0.2796875 0.83984375 0.1328125 0.1375
0 0.40703125 0.09296875 0.153125 0.1484375
0 0.79375 0.94921875 0.1734375 0.1015625
0 0.43984375 0.94921875 0.1734375 0.1015625
0 0.0861145921875 0.53894245 0.047055 0.157484 0.023527 0.8558239999999999 0.0861145921875 0.53894245
0 0.128125 0.94921875 0.17265625 0.10078125 0.0861145921875 0.53894245 0.128125 0.94921875
0 0.54921875 0.0125 0.1546875 0.025
0 0.24140625 0.0171875 0.1578125 0.034375
0 0.99140625 0.35 0.0171875 0.1375
0 0.9875 0.34921875 0.025 0.1359375
0 0.55 0.009375 0.1609375 0.01875
0 0.0125 0.565625 0.025 0.1546875
0 0.99140625 0.065625 0.0171875 0.13125
0 0.0140625 0.85234375 0.028125 0.1609375
0 0.0171875 0.5671875 0.034375 0.15
0 0.2390625 0.0125 0.1609375 0.025
0 0.009375 0.5671875 0.01875 0.1546875
0 0.9875 0.065625 0.025 0.13125