0 0.165625 0.9046875 0.153125 0.1296875
0 0.38125 0.328125 0.1796875 0.171875
0 0.609375 0.26171875 0.15625 0.1609375
0 0.353125 0.0796875 0.1640625 0.153125
0 0.8984375 0.2328125 0.15625 0.1484375
0 0.92578125 0.509375 0.121875 0.15625
0 0.9390625 0.7671875 0.121875 0.140625
0 0.671875 0.54296875 0.1484375 0.1453125
0 0.72265625 0.8046875 0.1484375 0.1640625
0 0.453125 0.884375 0.184375 0.1640625
0 0.4234375 0.6 0.1609375 0.1609375
0 0.12109375 0.6015625 0.15625 0.1328125
0 0.071875 0.3765625 0.1328125 0.1328125 0.043947 0.10073700000000001 0.087894 0.141373 0.071875 0.3765625
0 0.94921875 0.9734375 0.1015625 0.053125
0 0.61796875 0.04375 0.153125 0.0875
0 0.846875 0.0234375 0.1421875 0.046875
0 0.84296875 0.0140625 0.14375 0.028125