0 0.53515625 0.22265625 0.1640625 0.15625
0 0.8609375 0.50625 0.153125 0.1453125
0 0.3421875 0.0765625 0.1765625 0.153125
0 0.36875 0.38671875 0.1140625 0.15625
0 0.696875 0.35546875 0.1328125 0.125
0 0.7125 0.07421875 0.140625 0.1375
0 0.55078125 0.4921875 0.1328125 0.1453125
0 0.73828125 0.65625 0.140625 0.15625
0 0.25390625 0.8203125 0.140625 0.125
0 0.0765625 0.6890625 0.153125 0.1453125
0 0.2265625 0.525 0.153125 0.15625
0 0.071875 0.3828125 0.1171875 0.121875
0 0.05625 0.07890625 0.1125 0.1296875
0 0.203125 0.2171875 0.1328125 0.140625
0 0.7265625 0.9390625 0.1171875 0.121875
0 0.9640625 0.340625 0.071875 0.1625
0 0.89765625 0.79609375 0.153125 0.178125
0 0.10546875 0.95546875 0.196875 0.0890625
0 0.57578125 0.7984375 0.1515625 0.12265625 0.968479 0.050707 0.062954 0.10116099999999999 0.57578125 0.7984375
0 0.9859375 0.62578125 0.028125 0.1453125
0 0.98046875 0.62734375 0.0390625 0.15
0 0.990625 0.6265625 0.01875 0.14375