0 0.34765625 0.7359375 0.1484375 0.1296875
0 0.859375 0.2359375 0.125 0.1609375
0 0.1421875 0.81640625 0.153125 0.1328125
0 0.234375 0.5375 0.15625 0.1375
0 0.7484375 0.5234375 0.1765625 0.1640625
0 0.85546875 0.7109375 0.1640625 0.1640625
0 0.5234375 0.13671875 0.1328125 0.140625
0 0.1109375 0.3359375 0.16875 0.140625
0 0.321875 0.2515625 0.16875 0.14375
0 0.646875 0.3375 0.1640625 0.1453125
0 0.4625 0.4375 0.1796875 0.153125
0 0.0546875 0.61328125 0.109375 0.184375
0 0.553125 0.625 0.15625 0.1375
0 0.65625 0.80078125 0.1953125 0.1609375
0 0.9390625 0.4359375 0.121875 0.15625
0 0.9453125 0.9046875 0.109375 0.1609375
0 0.775 0.9546875 0.184375 0.090625
0 0.43359375 0.9140625 0.171875 0.140625
0 0.25390625 0.9609375 0.184375 0.078125
0 0.21796875 0.0640625 0.1359375 0.128125
0 0.3517812921875 0.045191459375 0.41605 0.019472 0.165016 0.038881 0.3517812921875 0.045191459375
0 0.3517812921875 0.045191459375 0.171875 0.1171875 0.7484375 0.05859375 0.3517812921875 0.045191459375
0 0.91796875 0.015625 0.1640625 0.03125
0 0.03359375 0.15625 0.0671875 0.1546875
0 0.91875 0.00859375 0.1625 0.0171875