0 0.16015625 0.0796875 0.1640625 0.159375
0 0.94140625 0.4296875 0.109375 0.1640625
0 0.5796875 0.81875 0.153125 0.1375
0 0.578125 0.0953125 0.1375 0.1453125
0 0.771875 0.271875 0.1484375 0.1609375
0 0.9546875 0.07421875 0.090625 0.1484375
0 0.57421875 0.45703125 0.140625 0.121875
0 0.36015625 0.63671875 0.1328125 0.15625
0 0.1640625 0.4625 0.140625 0.1296875
0 0.78828125 0.95859375 0.1609375 0.0828125
0 0.0687288859375 0.1579236328125 0.056448 0.14906 0.028247 0.280591 0.0687288859375 0.1579236328125
0 0.96484375 0.8046875 0.0703125 0.153125 0.0687288859375 0.1579236328125 0.96484375 0.8046875
0 0.375 0.97265625 0.165625 0.0546875
0 0.0234375 0.62421875 0.046875 0.15625