0 0.1 0.8109375 0.2 0.215625
0 0.2875 0.7171875 0.2 0.2
0 0.3984375 0.8984375 0.1953125 0.1875
0 0.4671875 0.1234375 0.125 0.1375
0 0.571875 0.3109375 0.1171875 0.1171875
0 0.87890625 0.421875 0.0859375 0.0671875
0 0.771875 0.2328125 0.09375 0.0984375
0 0.88671875 0.9203125 0.090625 0.0703125
0 0.178125 0.9625 0.21875 0.075
0 0.1578125 0.50390625 0.1484375 0.10625
0 0.0546875 0.3140625 0.1034776921875 0.1384178078125 0.05968 0.11454500000000001 0.0546875 0.3140625
0 0.1034776921875 0.1384178078125 0.970064 0.610768 0.109375 0.1171875 0.1034776921875 0.1384178078125
0 0.66328125 0.03984375 0.09375 0.0796875
0 0.55390625 0.97421875 0.16875 0.0515625
0 0.95703125 0.10859375 0.084375 0.1
0 0.00859375 0.61171875 0.0171875 0.1484375