0 0.7796875 0.6734375 0.184375 0.1765625
0 0.8671875 0.3984375 0.1796875 0.171875
0 0.6734375 0.0546875 0.1765625 0.109375
0 0.26171875 0.6859375 0.1875 0.1765625
0 0.7671875 0.2046875 0.1609375 0.1453125
0 0.8921875 0.8671875 0.1765625 0.1640625
0 0.26171875 0.2109375 0.1796875 0.171875
0 0.69140625 0.94375 0.1796875 0.10625
0 0.5859375 0.2984375 0.1953125 0.184375
0 0.16015625 0.4984375 0.203125 0.1609375
0 0.16015625 0.0375 0.1640625 0.075
0 0.9546875 0.1171875 0.075 0.1640625
0 0.6796875 0.47265625 0.171875 0.1953125
0 0.3671875 0.3984375 0.1796875 0.1640625
0 0.4609375 0.1109375 0.203125 0.16875
0 0.946875 0.59765625 0.10625 0.1796875
0 0.4671875 0.57421875 0.1609375 0.15625
0 0.578125 0.7796875 0.1953125 0.184375
0 0.34765625 0.8734375 0.1875 0.15625
0 0.1578125 0.953125 0.1875 0.09375
0 0.0703125 0.790625 0.1375 0.1640625
0 0.140625 0.1953125 0.0703125 0.2953125 0.04414 0.172963 0.022121 0.6060399999999999 0.140625 0.1953125
0 0.0125 0.1234375 0.025 0.146875
0 0.01796875 0.1265625 0.0359375 0.14375
0 0.0140625 0.59765625 0.028125 0.171875