0 0.3609375 0.8609375 0.246875 0.23125
0 0.571875 0.6796875 0.23125 0.2109375
0 0.821875 0.13671875 0.246875 0.234375
0 0.6171875 0.29296875 0.21875 0.2109375
0 0.1796875 0.28515625 0.2578125 0.25
0 0.1734375 0.6484375 0.2234375 0.2265625
0 0.7984375 0.51171875 0.2625 0.2421875
0 0.05625 0.09140625 0.1125 0.1828125
0 0.75390625 0.87890625 0.21875 0.2265625
0 0.3734375 0.4921875 0.215625 0.21875
0 0.4046875 0.1234375 0.16875 0.1765625
0 0.16015625 0.9609375 0.1953125 0.0625
0 0.9390625 0.696875 0.1140625 0.2078125
0 0.0484375 0.45234375 0.096875 0.1796875
0 0.2904528671875 0.22601758906249997 0.934375 0.33125 0.227718 0.055810000000000005 0.2904528671875 0.22601758906249997
0 0.2904528671875 0.22601758906249997 0.13125 0.2 0.5654410000000001 0.972095 0.2904528671875 0.22601758906249997
0 0.62265625 0.01875 0.203125 0.0375
0 0.20546875 0.01328125 0.1796875 0.0265625
0 0.95703125 0.03125 0.0859375 0.0625
0 0.93125 0.9828125 0.1375 0.034375
0 0.0203125 0.859375 0.040625 0.15625
0 0.9296875 0.98671875 0.140625 0.0265625
0 0.0140625 0.85859375 0.028125 0.15625
0 0.009375 0.85546875 0.01875 0.153125