0 0.353125 0.7046875 0.23125 0.215625
0 0.66015625 0.3109375 0.2578125 0.23125
0 0.9234375 0.88671875 0.1375 0.1953125
0 0.8609375 0.234375 0.1765625 0.1640625
0 0.2359375 0.51171875 0.2 0.1875
0 0.5484375 0.59765625 0.2 0.1875
0 0.753125 0.0796875 0.171875 0.159375
0 0.06875 0.62890625 0.1375 0.1875
0 0.3375 0.234375 0.1484375 0.1328125
0 0.5546875 0.146875 0.1875 0.140625
0 0.4703125 0.4234375 0.203125 0.1796875
0 0.765625 0.5140625 0.1875 0.16875
0 0.9375 0.421875 0.125 0.1953125
0 0.134375 0.33203125 0.203125 0.15625
0 0.0640625 0.13203125 0.128125 0.1921875
0 0.2171875 0.06640625 0.1796875 0.1328125
0 0.1234375 0.796875 0.140625 0.1453125
0 0.76875 0.95078125 0.15625 0.0984375 0.12833160625 0.2711770421875 0.76875 0.95078125
0 0.12833160625 0.2711770421875 0.054044999999999996 0.19234500000000002 0.027023000000000002 0.898004 0.12833160625 0.2711770421875
0 0.93203125 0.0234375 0.1359375 0.046875
0 0.98046875 0.14296875 0.0390625 0.1765625
0 0.42421875 0.02421875 0.1703125 0.0484375
0 0.015625 0.44296875 0.03125 0.1828125
0 0.9859375 0.14453125 0.028125 0.1734375
0 0.01171875 0.440625 0.0234375 0.190625
0 0.009375 0.4453125 0.01875 0.1890625