0 0.07421875 0.9359375 0.1484375 0.121875
0 0.7484375 0.0921875 0.1375 0.1453125
0 0.13671875 0.69921875 0.140625 0.140625
0 0.2421875 0.1734375 0.1796875 0.1609375
0 0.42109375 0.0484375 0.1484375 0.096875
0 0.8359375 0.478125 0.1328125 0.121875
0 0.19375 0.4359375 0.1453125 0.1375
0 0.4046875 0.3203125 0.1453125 0.1296875
0 0.6015625 0.21484375 0.121875 0.125
0 0.73828125 0.36328125 0.1328125 0.1328125
0 0.915625 0.23046875 0.1296875 0.121875
0 0.52734375 0.4546875 0.1375 0.0984375
0 0.66796875 0.5921875 0.140625 0.109375
0 0.3421875 0.5953125 0.1296875 0.09375
0 0.4609375 0.7109375 0.1140625 0.0984375
0 0.2734375 0.84765625 0.140625 0.125
0 0.03515625 0.5546875 0.0703125 0.153125
0 0.106390128125 0.13943062343749998 0.134879 0.06473 0.093416 0.032365 0.106390128125 0.13943062343749998
0 0.0546875 0.275 0.109375 0.1640625 0.106390128125 0.13943062343749998 0.0546875 0.275
0 0.97578125 0.36484375 0.0484375 0.1390625
0 0.98359375 0.35546875 0.0328125 0.1421875