0 0.5546875 0.571875 0.2265625 0.23125
0 0.37890625 0.7984375 0.2421875 0.2390625
0 0.134375 0.6421875 0.2390625 0.2390625
0 0.9125 0.478125 0.16875 0.23125
0 0.8734375 0.134375 0.23125 0.2078125
0 0.734375 0.72265625 0.2265625 0.2109375
0 0.290625 0.3921875 0.246875 0.23125
0 0.24140625 0.0796875 0.2109375 0.159375
0 0.475 0.1796875 0.2390625 0.2421875
0 0.0796875 0.24765625 0.159375 0.2140625
0 0.7171875 0.3359375 0.2234375 0.2421875
0 0.9234375 0.8359375 0.1375 0.1953125
0 0.19921875 0.94140625 0.2578125 0.109375
0 0.609375 0.046875 0.215625 0.09375
0 0.56328125 0.92734375 0.2265625 0.1453125
0 0.08497956718750001 0.1980619421875 0.952331 0.02962 0.095338 0.05924 0.08497956718750001 0.1980619421875
0 0.98671875 0.26796875 0.0265625 0.2109375
0 0.98203125 0.26796875 0.0359375 0.2125
0 0.98984375 0.2671875 0.0203125 0.2
0 0.83046875 0.96015625 0.1671875 0.0796875