0 0.8421875 0.44140625 0.2 0.1953125
0 0.6421875 0.5921875 0.1921875 0.1921875
0 0.9234375 0.1734375 0.1453125 0.1765625
0 0.8734375 0.91015625 0.1921875 0.1640625
0 0.1109375 0.103125 0.1765625 0.184375
0 0.4671875 0.6546875 0.1765625 0.153125
0 0.2421875 0.28515625 0.1875 0.1640625
0 0.23046875 0.759375 0.1640625 0.1765625
0 0.4125 0.165625 0.1796875 0.1640625
0 0.525 0.375 0.215625 0.203125
0 0.6484375 0.09375 0.203125 0.1875
0 0.74609375 0.275 0.184375 0.15625
0 0.33203125 0.46484375 0.1953125 0.1640625
0 0.91796875 0.6484375 0.1640625 0.184375
0 0.740625 0.75625 0.1921875 0.1640625
0 0.5484375 0.834375 0.1921875 0.1609375
0 0.6546875 0.96484375 0.1953125 0.0703125
0 0.3421875 0.915625 0.234375 0.1609375
0 0.0703125 0.853125 0.140625 0.1953125
0 0.140625 0.96875 0.203125 0.0546875
0 0.071875 0.37421875 0.14375 0.2078125
0 0.3265625 0.05078125 0.234375 0.1015625
0 0.85546875 0.046875 0.2078125 0.09375
0 0.1623765421875 0.2198690734375 0.979781 0.358247 0.16875 0.171875 0.1623765421875 0.2198690734375
0 0.1171875 0.56015625 0.1623765421875 0.2198690734375 0.040437 0.199226 0.1171875 0.56015625
0 0.98125 0.81953125 0.0375 0.18125
0 0.98515625 0.81953125 0.0296875 0.18125
0 0.9859375 0.35703125 0.028125 0.2078125
0 0.01796875 0.16171875 0.0359375 0.1703125