0 0.928125 0.7421875 0.1375 0.203125
0 0.60546875 0.08203125 0.2109375 0.1640625
0 0.3671875 0.4234375 0.2109375 0.2
0 0.796875 0.1734375 0.1953125 0.184375
0 0.44140625 0.69921875 0.203125 0.1875
0 0.6734375 0.3421875 0.1921875 0.2234375
0 0.88671875 0.47265625 0.203125 0.1953125
0 0.1421875 0.7875 0.184375 0.16875
0 0.290625 0.13125 0.1984375 0.2078125
0 0.265625 0.6 0.1875 0.2
0 0.6546875 0.82421875 0.1921875 0.1796875
0 0.4859375 0.23046875 0.1765625 0.1953125
0 0.31640625 0.884375 0.1796875 0.1765625
0 0.75390625 0.671875 0.171875 0.15625
0 0.16015625 0.3109375 0.1875 0.1765625
0 0.06640625 0.484375 0.1328125 0.1484375
0 0.9609375 0.2734375 0.0703125 0.1640625
0 0.5296875 0.5484375 0.1453125 0.1375
0 0.0859375 0.0609375 0.15625 0.121875
0 0.8109375 0.9046875 0.184375 0.16875
0 0.5109375 0.95859375 0.16875 0.0828125
0 0.8984375 0.0453125 0.15625 0.090625
0 0.05625 0.9453125 0.1125 0.109375
0 0.390625 0.04375 0.2 0.0875
0 0.0359375 0.221875 0.071875 0.184375 0.204263 0.9842869999999999 0.187033 0.031424999999999995 0.0359375 0.221875
0 0.20703125 0.9875 0.196875 0.025
0 0.00859375 0.70078125 0.0171875 0.1921875
0 0.01171875 0.70546875 0.0234375 0.184375