0 0.7109375 0.5546875 0.1875 0.1953125
0 0.896875 0.665625 0.2 0.2234375
0 0.4546875 0.16015625 0.2078125 0.1953125
0 0.63671875 0.2484375 0.1953125 0.1921875
0 0.3296875 0.35 0.2078125 0.2
0 0.09765625 0.696875 0.171875 0.2
0 0.41015625 0.63125 0.1953125 0.2
0 0.2171875 0.5234375 0.2 0.1953125
0 0.3046875 0.7984375 0.2109375 0.184375
0 0.7796875 0.8359375 0.184375 0.203125
0 0.75390625 0.09765625 0.203125 0.1875
0 0.8296875 0.3671875 0.2 0.203125
0 0.509375 0.4546875 0.2078125 0.184375
0 0.5921875 0.7421875 0.1921875 0.171875
0 0.946875 0.9234375 0.0984375 0.1453125
0 0.4765625 0.9046875 0.121875 0.153125
0 0.1484375 0.946875 0.1453125 0.10625
0 0.94140625 0.1875 0.1171875 0.16875
0 0.20600638437500002 0.08202498593749999 0.182442 0.084995 0.677403 0.9574170000000001 0.20600638437500002 0.08202498593749999
0 0.03359375 0.88125 0.0671875 0.1734375
0 0.97265625 0.47265625 0.0546875 0.178125