0 0.375 0.2328125 0.1609375 0.1328125
0 0.6625 0.1890625 0.153125 0.125
0 0.92734375 0.13671875 0.1453125 0.1171875
0 0.94296875 0.39921875 0.1140625 0.1671875
0 0.6859375 0.44375 0.153125 0.125
0 0.7328125 0.71875 0.171875 0.121875
0 0.446875 0.7515625 0.1453125 0.125
0 0.41796875 0.4765625 0.171875 0.1296875
0 0.12890625 0.521875 0.15625 0.1171875
0 0.0796875 0.259375 0.153125 0.1359375
0 0.1283399953125 0.12187914062500001 0.125 0.1140625 0.15 0.7515625 0.1283399953125 0.12187914062500001
0 0.1283399953125 0.12187914062500001 0.488283 0.964259 0.126596 0.071179 0.1283399953125 0.12187914062500001
0 0.05234375 0.03984375 0.1046875 0.0796875
0 0.2 0.9796875 0.14375 0.040625
0 0.32578125 0.01484375 0.153125 0.0296875
0 0.97890625 0.6484375 0.0421875 0.1359375
0 0.98515625 0.64765625 0.0296875 0.1296875
0 0.2 0.9859375 0.1453125 0.028125
0 0.32265625 0.00859375 0.153125 0.0171875