0 0.359375 0.6796875 0.1484375 0.140625
0 0.3609375 0.26171875 0.1296875 0.1328125
0 0.5484375 0.69921875 0.1140625 0.1640625
0 0.3359375 0.446875 0.140625 0.1140625
0 0.56875 0.259375 0.140625 0.1359375
0 0.79296875 0.25390625 0.109375 0.1015625
0 0.7796875 0.43359375 0.10625 0.121875
0 0.7875 0.05078125 0.153125 0.09375
0 0.978125 0.2359375 0.04375 0.0859375
0 0.0628618 0.10477848281249999 0.9788779999999999 0.053163 0.046875 0.0984375 0.0628618 0.10477848281249999
0 0.9765625 0.4671875 0.0628618 0.10477848281249999 0.041929 0.105958 0.9765625 0.4671875
0 0.11171875 0.45625 0.13125 0.1125
0 0.9828125 0.0546875 0.034375 0.109375
0 0.97890625 0.0421875 0.040625 0.084375