0 0.25625 0.4296875 0.2703125 0.21875
0 0.16796875 0.6 0.21875 0.1765625
0 0.3984375 0.6421875 0.1796875 0.184375
0 0.6796875 0.94140625 0.2265625 0.109375
0 0.27734375 0.82421875 0.203125 0.2
0 0.0375 0.8609375 0.075 0.246875
0 0.2800865828125 0.34450808906249997 0.52109375 0.72890625 0.20570300000000002 0.081617 0.2800865828125 0.34450808906249997
0 0.2800865828125 0.34450808906249997 0.1796875 0.184375 0.45400799999999997 0.959192 0.2800865828125 0.34450808906249997
0 0.034375 0.559375 0.06875 0.1734375
0 0.04296875 0.13671875 0.0859375 0.1921875
0 0.040625 0.3921875 0.08125 0.18125