0 0.2484375 0.421875 0.246875 0.1875
0 0.5625 0.33203125 0.1796875 0.203125
0 0.38671875 0.2328125 0.171875 0.171875
0 0.1859375 0.13125 0.1953125 0.21875
0 0.5921875 0.12890625 0.184375 0.1609375
0 0.7515625 0.4125 0.1640625 0.2
0 0.93125 0.525 0.1375 0.2234375
0 0.93125 0.28515625 0.1375 0.171875
0 0.771875 0.21484375 0.1640625 0.184375
0 0.9375 0.103125 0.125 0.20625
0 0.8109375 0.678125 0.2 0.2
0 0.63125 0.5765625 0.171875 0.16875
0 0.5234375 0.73828125 0.16875 0.1484375
0 0.696875 0.890625 0.16875 0.203125
0 0.91953125 0.90703125 0.1609375 0.1828125
0 0.4234375 0.91796875 0.1953125 0.1484375
0 0.2640625 0.83984375 0.15625 0.16875
0 0.12109375 0.953125 0.23125 0.09375
0 0.0796875 0.7734375 0.153125 0.1875
0 0.32265625 0.68046875 0.1765625 0.1484375
0 0.0375 0.553125 0.075 0.25
0 0.0703125 0.3359375 0.121875 0.1765625
0 0.39921875 0.0859375 0.171875 0.171875
0 0.1296875 0.61640625 0.146875 0.14375
0 0.0644946328125 0.195088325 0.071875 0.215625 0.97628 0.769421 0.0644946328125 0.195088325
0 0.66484375 0.02734375 0.2015625 0.0546875