0 0.3734375 0.478125 0.1765625 0.153125
0 0.9296875 0.5484375 0.1328125 0.1375
0 0.5296875 0.8046875 0.2 0.1875
0 0.2109375 0.9296875 0.2109375 0.1328125
0 0.6796875 0.09765625 0.1796875 0.1640625
0 0.165625 0.1421875 0.215625 0.2
0 0.4546875 0.63125 0.246875 0.2078125
0 0.2984375 0.3046875 0.1921875 0.203125
0 0.1109375 0.4046875 0.2 0.2078125
0 0.75390625 0.859375 0.1640625 0.1796875
0 0.07421875 0.62109375 0.1484375 0.1796875
0 0.265625 0.70703125 0.1609375 0.153125
0 0.1109375 0.8125 0.16875 0.140625
0 0.44140625 0.9625 0.1765625 0.075
0 0.834375 0.4140625 0.1953125 0.140625
0 0.9234375 0.046875 0.153125 0.09375
0 0.6875 0.7015625 0.1375 0.140625
0 0.634375 0.9453125 0.171875 0.109375
0 0.8578125 0.9625 0.171875 0.075
0 0.36328125 0.8578125 0.1453125 0.121875
0 0.2109375 0.5703125 0.1328125 0.1296875
0 0.0609375 0.23046875 0.121875 0.1765625
0 0.9765625 0.75 0.046875 0.15625
0 0.10758447812500001 0.1299594609375 0.94921875 0.16796875 0.110627 0.081643 0.10758447812500001 0.1299594609375
0 0.10758447812500001 0.1299594609375 0.1015625 0.1296875 0.055367999999999994 0.959178 0.10758447812500001 0.1299594609375
0 0.02890625 0.50859375 0.0578125 0.2078125