0 0.2796875 0.32421875 0.23125 0.2265625
0 0.9453125 0.65 0.1015625 0.1921875
0 0.3984375 0.5859375 0.140625 0.140625
0 0.6796875 0.74375 0.1953125 0.3015625
0 0.8578125 0.8890625 0.1375 0.2
0 0.6859375 0.33984375 0.184375 0.1921875
0 0.4921875 0.25390625 0.1953125 0.215625
0 0.784375 0.11875 0.215625 0.2375
0 0.80859375 0.5296875 0.1609375 0.203125
0 0.428125 0.87109375 0.153125 0.2390625
0 0.15625 0.1890625 0.1609375 0.184375
0 0.3421875 0.0875 0.1453125 0.140625
0 0.0484375 0.3859375 0.096875 0.159375
0 0.27734375 0.8125 0.140625 0.15625
0 0.9453125 0.37890625 0.109375 0.153125
0 0.0625 0.86875 0.109375 0.1921875
0 0.1320518109375 0.1525216828125 0.5796875 0.92578125 0.130322 0.092435 0.1320518109375 0.1525216828125
0 0.96171875 0.184375 0.0765625 0.1625
0 0.12578125 0.04453125 0.20625 0.0890625
0 0.6484375 0.528125 0.1359375 0.1609375
0 0.54453125 0.6515625 0.115625 0.109375
0 0.125 0.04453125 0.2046875 0.0890625
0 0.65625 0.02421875 0.1734375 0.0484375
0 0.053125 0.69609375 0.10625 0.175
0 0.04140625 0.140625 0.0828125 0.140625
0 0.9203125 0.0203125 0.159375 0.040625