0 0.2046875 0.540625 0.16875 0.16875
0 0.14453125 0.2515625 0.1328125 0.125
0 0.45703125 0.4703125 0.109375 0.10625
0 0.44140625 0.234375 0.1140625 0.125
0 0.70703125 0.1734375 0.1171875 0.121875
0 0.7484375 0.4234375 0.1015625 0.1015625
0 0.95859375 0.1359375 0.0828125 0.125
0 0.978125 0.375 0.04375 0.1015625
0 0.7890625 0.69921875 0.140625 0.15625
0 0.796875 0.946875 0.1453125 0.10625
0 0.490625 0.74375 0.15625 0.1640625
0 0.2359375 0.80859375 0.153125 0.16875
0 0.1109375 0.0375 0.109375 0.075 0.515954 0.966996 0.11818100000000001 0.065482 0.1109375 0.0375
0 0.37734375 0.0234375 0.1453125 0.046875
0 0.98125 0.66953125 0.0375 0.121875
0 0.984375 0.6671875 0.03125 0.1125
0 0.2375 0.98515625 0.146875 0.0296875
0 0.24375 0.97578125 0.1515625 0.0484375