0 0.1195132921875 0 0.0465847703125 0.0452907578125 0.0622122921875 0.229432765625 0.2011235578125 0.23811867968749997 0.29836146874999997 0.0956691796875 0.22369674218750002 0 0.1195132921875 0
0 0.5333366015625 0.457567940625 0.6068879140625 0.2967708484375 0.5728362765624999 0.22454839375 0.49111262968749997 0.2299991484375 0.40802697343750005 0.24771415624999998 0.3780615546875 0.36354255 0.5333366015625 0.457567940625
0 0.9378688046875 0.4929978640625 0.9984375 0.39897237812499997 0.9855409109375 0.2872320265625 0.89949623125 0.26981482031250004 0.8139211875000001 0.3131230828125 0.872489925 0.48209631249999996 0.9378688046875 0.4929978640625
0 0.44071641406250006 0.1468752375 0.5020091718749999 0.1932066359375 0.6000775859374999 0.1414245078125 0.6000775859374999 0.0051557890625 0.4066648703125 0 0.44071641406250006 0.1468752375
0 0.8213605812500001 0.228448890625 0.910627496875 0.061025940625 0.8057487578125 0 0.66137034375 0.010606515625 0.7430940828125 0.22454839375 0.8213605812500001 0.228448890625
0 0.422303515625 0.5187131828125 0.37768559687500003 0.5911265859375 0.4867516125 0.6873472265625 0.5769789171874999 0.6397328859375 0.5740044375 0.5673194500000001 0.527403440625 0.5226810265624999 0.43023556249999995 0.5177211875000001 0.422303515625 0.5187131828125
0 0.8204307312499999 0.6936430859375 0.83564289375 0.5740640859374999 0.7704479140625 0.5403645390625 0.69190529375 0.5305738875 0.6270191671875 0.5958057109375 0.692214 0.6969042812499999 0.8204307312499999 0.6936430859375
0 0.9683412 0.66320476875 0.9542156500000001 0.5262324953124999 0.8794452421875001 0.528129471875 0.8140465984375 0.572977046875 0.8238258406250001 0.654508153125 0.869462340625 0.66211765625 0.9683412 0.66320476875
0 0.5359823046875001 0.8853956953125 0.605457578125 0.804985453125 0.5523295390625 0.7232122859375 0.42001880468749997 0.71575153125 0.35480184375 0.8295173828125 0.4188281015625 0.8935729718750001 0.5359823046875001 0.8853956953125
0 0.7624005859375 0.9526582921875001 0.7982527890625 0.783210153125 0.757455484375 0.746104671875 0.6325911015625 0.7423940984375 0.572013390625 0.8660788953124999 0.6128106953125 0.9402898546875 0.7624005859375 0.9526582921875001
0 0.9118976390625001 0.741223984375 0.938431515625 0.7473147296875 0.21652200000000002 0.21629800000000002 0.682076 0.849429 0.8073536718750001 0.8120955796875 0.81565505625 0.789353265625 0.849274034375 0.76100314375 0.87036828125 0.7471577171875 0.9118976390625001 0.741223984375
0 0.8631171359375 0.9475865609375 0.8960769281250001 0.949564446875 0.93958384375 0.9297852875 0.9514493890625 0.9225329406249999 0.98968276875 0.8856118531250001 0.99159514375 0.8795132593749999 0.9890235328125 0.8559431156249999 0.9877051609375 0.832208109375 0.9824315734375 0.8038579875 0.9745212437499999 0.7847381234374999 0.963314934375 0.7656182859375 0.8073536718750001 0.8120955796875 0.8004935312500001 0.83088949375 0.804448696875 0.8697885171875 0.8110406546875 0.9080282437499999 0.831475715625 0.9357190453124999 0.8631171359375 0.9475865609375
0 0.1625 0.11171875 0.2359375 0.2234375
0 0.47265625 0.8 0.228125 0.20625
0 0.90703125 0.38125 0.1859375 0.23125
0 0.5078125 0.09609375 0.215625 0.1921875
0 0.79609375 0.11875 0.2703125 0.2375
0 0.89609375 0.8359375 0.196875 0.2078125
0 0.728125 0.62421875 0.196875 0.1828125
0 0.4890625 0.340625 0.2265625 0.2234375
0 0.90234375 0.59609375 0.1609375 0.1453125
0 0.478125 0.59921875 0.2015625 0.1734375
0 0.4484375 0.96640625 0.2078125 0.0671875