0 0.38125 0.2171875 0.2390625 0.2
0 0.56640625 0.09765625 0.2265625 0.1796875
0 0.8921875 0.665625 0.2 0.1765625
0 0.69140625 0.759375 0.234375 0.23125
0 0.09765625 0.603125 0.1953125 0.215625
0 0.78515625 0.4671875 0.21875 0.1921875
0 0.5859375 0.57421875 0.21875 0.2109375
0 0.6859375 0.2796875 0.2234375 0.23125
0 0.8734375 0.1734375 0.1921875 0.1765625
0 0.9359375 0.37890625 0.1140625 0.2265625
0 0.9359375 0.84765625 0.1140625 0.1953125
0 0.2984375 0.9234375 0.2078125 0.1453125
0 0.7484375 0.046875 0.1609375 0.09375
0 0.253125 0.05625 0.234375 0.1125
0 0.4828125 0.38671875 0.2265625 0.153125
0 0.203125 0.7828125 0.2 0.1296875
0 0.0609375 0.86875 0.121875 0.23125
0 0.1304777203125 0.2258492515625 0.081936 0.17265 0.040968 0.389061 0.1304777203125 0.2258492515625
0 0.78125 0.9390625 0.1875 0.121875 0.1304777203125 0.2258492515625 0.78125 0.9390625
0 0.0953125 0.971875 0.1890625 0.05625
0 0.9859375 0.1015625 0.028125 0.203125
0 0.9796875 0.10078125 0.040625 0.2015625