0 0.19921875 0.071875 0.1640625 0.14375
0 0.7359375 0.06640625 0.1765625 0.1328125
0 0.10546875 0.8109375 0.1796875 0.1765625
0 0.4046875 0.41796875 0.153125 0.1375
0 0.3046875 0.2421875 0.1609375 0.125
0 0.525 0.165625 0.1765625 0.1484375
0 0.6171875 0.334375 0.184375 0.1453125
0 0.84375 0.225 0.109375 0.109375
0 0.93515625 0.42578125 0.1296875 0.1640625
0 0.73828125 0.5234375 0.184375 0.1640625
0 0.8375 0.7015625 0.1640625 0.15625
0 0.92578125 0.890625 0.1484375 0.121875
0 0.625 0.8265625 0.1609375 0.1140625
0 0.54296875 0.6234375 0.140625 0.1453125
0 0.3296875 0.71484375 0.1921875 0.171875
0 0.4296875 0.8984375 0.1796875 0.1609375
0 0.225 0.5375 0.1796875 0.15625
0 0.05859375 0.63125 0.1171875 0.1796875
0 0.0328125 0.17734375 0.065625 0.1328125
0 0.19375 0.95703125 0.1484375 0.0859375
0 0.74375 0.94921875 0.16875 0.1015625
0 0.1125 0.346875 0.1796875 0.15625
0 0.42734375 0.0375 0.2484375 0.075
0 0.915625 0.0359375 0.165625 0.071875