0 0.8421875 0.07421875 0.184375 0.1484375
0 0.31640625 0.7171875 0.1953125 0.184375
0 0.09765625 0.29296875 0.1953125 0.1796875
0 0.9234375 0.94140625 0.1453125 0.109375
0 0.16796875 0.8921875 0.2265625 0.2
0 0.8671875 0.4046875 0.1796875 0.2078125
0 0.1234375 0.59375 0.2 0.1875
0 0.6234375 0.69140625 0.184375 0.1875
0 0.76171875 0.8359375 0.1953125 0.15625
0 0.25390625 0.415625 0.1796875 0.1765625
0 0.6734375 0.2359375 0.215625 0.2
0 0.4296875 0.5484375 0.1875 0.1609375
0 0.45703125 0.8578125 0.1453125 0.15625
0 0.64609375 0.96875 0.2078125 0.0625
0 0.1979228421875 0.1075544125 0.084367 0.18317699999999998 0.042184 0.767844 0.1979228421875 0.1075544125
0 0.02265625 0.48828125 0.0453125 0.19375
0 0.31640625 0.97578125 0.2046875 0.0484375
0 0.9875 0.53359375 0.025 0.19375
0 0.31953125 0.98359375 0.2 0.0328125
0 0.9828125 0.5328125 0.034375 0.1953125
0 0.625 0.0203125 0.1578125 0.040625
0 0.990625 0.53984375 0.01875 0.178125