0 0.2671875 0.4296875 0.1984375 0.203125
0 0.3359375 0.7046875 0.1875 0.2
0 0.4984375 0.0859375 0.215625 0.171875
0 0.1421875 0.6171875 0.1921875 0.2109375
0 0.9046875 0.28515625 0.184375 0.1875
0 0.19140625 0.1625 0.1953125 0.1765625
0 0.6734375 0.1734375 0.2078125 0.16875
0 0.2171875 0.8921875 0.184375 0.184375
0 0.790625 0.4546875 0.184375 0.153125
0 0.94140625 0.56640625 0.109375 0.1875
0 0.53515625 0.81640625 0.1796875 0.1640625
0 0.4359375 0.5234375 0.1921875 0.1640625
0 0.853125 0.7484375 0.16875 0.1765625
0 0.37890625 0.2484375 0.203125 0.184375
0 0.94140625 0.109375 0.1015625 0.1875
0 0.071875 0.353125 0.1375 0.1375
0 0.5765625 0.3765625 0.1765625 0.16875
0 0.665625 0.67578125 0.1328125 0.1171875
0 0.20486559531249998 0.1251653828125 0.302891 0.035612 0.170205 0.07114200000000001 0.20486559531249998 0.1251653828125
0 0.20486559531249998 0.1251653828125 0.1828125 0.1453125 0.71953125 0.92734375 0.20486559531249998 0.1251653828125
0 0.79453125 0.0421875 0.1546875 0.084375
0 0.0296875 0.0609375 0.059375 0.121875
0 0.98046875 0.8671875 0.0390625 0.175
0 0.0171875 0.50703125 0.034375 0.1953125
0 0.428125 0.978125 0.1390625 0.04375
0 0.03125 0.81875 0.0625 0.1125
0 0.91484375 0.98671875 0.16875 0.0265625
0 0.0125 0.5015625 0.025 0.1953125
0 0.91640625 0.98828125 0.1671875 0.0234375