0 0.5484375 0.3734375 0.184375 0.1765625
0 0.6109375 0.0625 0.2078125 0.125
0 0.50390625 0.8921875 0.1875 0.1609375
0 0.8734375 0.0546875 0.153125 0.109375
0 0.29765625 0.05625 0.1296875 0.1125
0 0.2671875 0.59765625 0.1671875 0.1640625
0 0.959375 0.946875 0.075 0.0984375
0 0.27734375 0.3203125 0.1796875 0.184375
0 0.53515625 0.60546875 0.2265625 0.1875
0 0.0390625 0.3109375 0.075 0.2234375
0 0.82421875 0.56640625 0.1765625 0.184375
0 0.853125 0.2796875 0.1609375 0.1796875
0 0.803125 0.8265625 0.171875 0.1453125
0 0.04296875 0.58984375 0.0859375 0.203125
0 0.0890625 0.1125 0.04453125 0.05625 0.051023 0.161578 0.025512 0.902882 0.0890625 0.1125
0 0.015625 0.9 0.03125 0.1671875
0 0.015625 0.896875 0.03125 0.1625