0 0.55625 0.2203125 0.140625 0.121875
0 0.8515625 0.171875 0.1375 0.090625
0 0.875 0.4390625 0.109375 0.10625
0 0.94296875 0.70703125 0.1140625 0.1171875
0 0.640625 0.75625 0.1015625 0.10625
0 0.5953125 0.46484375 0.109375 0.10625
0 0.29296875 0.5390625 0.1296875 0.121875
0 0.3453125 0.78125 0.1453125 0.125
0 0.26171875 0.27734375 0.1140625 0.109375
0 0.21875 0.0375 0.1171875 0.075
0 0.0234375 0.3140625 0.046875 0.1328125
0 0.03515625 0.578125 0.0703125 0.1484375
0 0.0703125 0.828125 0.1388869453125 0.1499999328125 0.083273 0.095557 0.0703125 0.828125
0 0.1388869453125 0.1499999328125 0.9583640000000001 0.9522220000000001 0.140625 0.1328125 0.1388869453125 0.1499999328125
0 0.496875 0.021875 0.1390625 0.04375
0 0.6828125 0.96875 0.134375 0.0625
0 0.67578125 0.98203125 0.13125 0.0359375