0 0.5859375 0.2171875 0.234375 0.2234375
0 0.2796875 0.1109375 0.2 0.1765625
0 0.78515625 0.0921875 0.2109375 0.1765625
0 0.59765625 0.7046875 0.2265625 0.215625
0 0.88671875 0.2796875 0.2109375 0.184375
0 0.09765625 0.6796875 0.1796875 0.1796875
0 0.2796875 0.5921875 0.1921875 0.2078125
0 0.6859375 0.3984375 0.184375 0.203125
0 0.50390625 0.0609375 0.2109375 0.121875
0 0.7875 0.5859375 0.2 0.1640625
0 0.9609375 0.484375 0.0703125 0.1875
0 0.8734375 0.7734375 0.153125 0.171875
0 0.19375 0.8984375 0.2078125 0.1953125
0 0.38671875 0.78515625 0.1796875 0.1640625
0 0.38125 0.3140625 0.2 0.1765625
0 0.46875 0.48828125 0.171875 0.1296875
0 0.7015625 0.87109375 0.171875 0.1609375
0 0.47265625 0.9234375 0.215625 0.125
0 0.1734375 0.415625 0.2265625 0.184375
0 0.0875 0.22734375 0.175 0.1796875
0 0.040625 0.49140625 0.08125 0.1609375
0 0.104896409375 0.138026009375 0.074349 0.10896399999999999 0.037236000000000005 0.9453480000000001 0.104896409375 0.138026009375
0 0.946875 0.9390625 0.10625 0.121875 0.104896409375 0.138026009375 0.946875 0.9390625
0 0.79765625 0.97734375 0.19375 0.0453125
0 0.021875 0.06171875 0.04375 0.121875
0 0.16875 0.0140625 0.1953125 0.028125
0 0.28515625 0.984375 0.1875 0.03125
0 0.2828125 0.9875 0.203125 0.025
0 0.01640625 0.0625 0.03125 0.125