0 0.81640625 0.1421875 0.2265625 0.2078125
0 0.6109375 0.2171875 0.2078125 0.2
0 0.1953125 0.37265625 0.2 0.2
0 0.4234375 0.3046875 0.16875 0.1640625
0 0.2421875 0.9609375 0.1953125 0.0625
0 0.5234375 0.0625 0.15625 0.125
0 0.6796875 0.8421875 0.1875 0.184375
0 0.8671875 0.7671875 0.203125 0.246875
0 0.36015625 0.7640625 0.184375 0.171875
0 0.28671875 0.08828125 0.1609375 0.1765625
0 0.515625 0.4921875 0.15625 0.140625
0 0.28125 0.571875 0.1640625 0.1375
0 0.0484375 0.41484375 0.096875 0.1015625
0 0.15 0.8265625 0.1453125 0.1375
0 0.7125 0.4203125 0.1484375 0.121875
0 0.8984375 0.3515625 0.153125 0.125
0 0.45859375 0.91015625 0.175 0.1140625
0 0.96875 0.63515625 0.0625 0.1828125
0 0.96328125 0.03515625 0.0734375 0.0703125
0 0.0734189828125 0.5764164234375 0.039036 0.131496 0.019518 0.9342520000000001 0.0734189828125 0.5764164234375
0 0.98359375 0.7078125 0.0328125 0.1546875
0 0.9828125 0.68671875 0.034375 0.1359375
0 0.0140625 0.93203125 0.028125 0.1359375