0 0.41796875 0.90234375 0.2109375 0.1875
0 0.5921875 0.26171875 0.23125 0.2265625
0 0.915625 0.6421875 0.1609375 0.1765625
0 0.0875 0.29765625 0.175 0.1609375
0 0.3921875 0.5609375 0.215625 0.2546875
0 0.26171875 0.3359375 0.1640625 0.1484375
0 0.4234375 0.09375 0.23125 0.1875
0 0.76171875 0.478125 0.21875 0.1765625
0 0.1859375 0.8203125 0.1875 0.1765625
0 0.0625 0.66015625 0.125 0.1640625
0 0.046875 0.94140625 0.09375 0.109375
0 0.23046875 0.475 0.140625 0.1453125
0 0.5375 0.73046875 0.1328125 0.1484375
0 0.60546875 0.90625 0.1484375 0.1796875
0 0.01953125 0.53515625 0.0390625 0.2078125
0 0.0859375 0.15 0.171875 0.140625
0 0.1704916359375 0.2582865796875 0.065979 0.134388 0.032989000000000004 0.8385279999999999 0.1704916359375 0.2582865796875
0 0.7375 0.93046875 0.20078125 0.13046875 0.1704916359375 0.2582865796875 0.7375 0.93046875
0 0.0515625 0.0421875 0.103125 0.084375
0 0.0625 0.4515625 0.125 0.1296875