0 0.484375 0.3921875 0.2734375 0.2390625
0 0.8734375 0.4234375 0.2390625 0.215625
0 0.2671875 0.5796875 0.2390625 0.2
0 0.103125 0.35546875 0.20625 0.2109375
0 0.69921875 0.2109375 0.2109375 0.203125
0 0.6734375 0.5796875 0.2 0.2
0 0.875 0.8046875 0.21875 0.2265625
0 0.259375 0.9234375 0.190625 0.1453125
0 0.915625 0.06875 0.1609375 0.1375
0 0.1171875 0.0375 0.203125 0.075
0 0.3046875 0.1734375 0.203125 0.1921875
0 0.509375 0.06640625 0.23125 0.1328125
0 0.3310612546875 0.32974441250000003 0.978152 0.632092 0.21875 0.125 0.3310612546875 0.32974441250000003
0 0.66015625 0.9296875 0.3310612546875 0.32974441250000003 0.043695 0.195475 0.66015625 0.9296875
0 0.95 0.9515625 0.1 0.096875
0 0.98671875 0.284375 0.0265625 0.171875
0 0.990625 0.284375 0.01875 0.165625
0 0.43515625 0.8 0.1609375 0.159375
0 0.00859375 0.17890625 0.0171875 0.171875