0 0.4671875 0.6875 0.15625 0.1796875
0 0.4515625 0.421875 0.171875 0.1765625
0 0.41015625 0.134375 0.1171875 0.10625
0 0.74375 0.1 0.184375 0.1953125
0 0.8046875 0.6171875 0.15625 0.1609375
0 0.87890625 0.88671875 0.125 0.0984375
0 0.5390625 0.9390625 0.203125 0.1140625
0 0.27734375 0.9546875 0.2 0.0828125
0 0.23828125 0.709375 0.1328125 0.1453125
0 0.225 0.4375 0.121875 0.1296875
0 0.178125 0.16796875 0.1328125 0.153125
0 0.1430229515625 0.1560470828125 0.9660949999999999 0.086398 0.06770699999999999 0.13211900000000001 0.1430229515625 0.1560470828125
0 0.1625 0.0328125 0.1390625 0.065625
0 0.0328125 0.753125 0.065625 0.1546875
0 0.0859375 0.98046875 0.159375 0.0390625
0 0.0328125 0.46484375 0.065625 0.1234375
0 0.97890625 0.328125 0.0421875 0.165625
0 0.9859375 0.33125 0.028125 0.1546875
0 0.08515625 0.98671875 0.1640625 0.0265625
0 0.990625 0.33359375 0.01875 0.1546875
0 0.50234375 0.278125 0.1265625 0.121875