0 0.9046875 0.821875 0.184375 0.153125
0 0.31640625 0.6234375 0.171875 0.1609375
0 0.7171875 0.6546875 0.16875 0.153125
0 0.484375 0.103125 0.171875 0.1765625
0 0.9046875 0.103125 0.1765625 0.1765625
0 0.06640625 0.0921875 0.1328125 0.1765625
0 0.109375 0.859375 0.15625 0.1328125
0 0.69921875 0.2796875 0.1640625 0.153125
0 0.51171875 0.8296875 0.1875 0.1609375
0 0.5234375 0.4671875 0.1953125 0.16875
0 0.0796875 0.44609375 0.159375 0.1515625
0 0.2734375 0.25 0.1640625 0.1609375
0 0.68828125 0.96328125 0.1796875 0.0734375
0 0.28203125 0.96328125 0.1796875 0.0734375 0.274619 0.007837 0.147636 0.015673 0.28203125 0.96328125
0 0.271875 0.0140625 0.146875 0.028125