0 0.6171875 0.16796875 0.1796875 0.1796875
0 0.9234375 0.19921875 0.1375 0.1953125
0 0.509375 0.7359375 0.1765625 0.1765625
0 0.228125 0.4046875 0.16875 0.184375
0 0.928125 0.9203125 0.1375 0.153125
0 0.8671875 0.4984375 0.1796875 0.1609375
0 0.3671875 0.571875 0.203125 0.2078125
0 0.7171875 0.6171875 0.2078125 0.1875
0 0.26171875 0.1109375 0.1953125 0.1609375
0 0.5796875 0.4609375 0.1765625 0.1875
0 0.8109375 0.7734375 0.1765625 0.171875
0 0.19921875 0.69140625 0.1953125 0.1796875
0 0.4609375 0.0375 0.1640625 0.075
0 0.1484375 0.9234375 0.21875 0.1375
0 0.7109375 0.3296875 0.1640625 0.2
0 0.41015625 0.290625 0.1953125 0.1765625
0 0.103125 0.2421875 0.16875 0.1484375
0 0.04296875 0.79296875 0.0859375 0.1453125
0 0.2984375 0.853125 0.140625 0.15625
0 0.646875 0.90234375 0.184375 0.15625
0 0.79296875 0.05859375 0.1609375 0.1171875 0.20813885625 0.148585665625 0.79296875 0.05859375
0 0.20813885625 0.148585665625 0.079703 0.168349 0.960149 0.64882 0.20813885625 0.148585665625
0 0.47109375 0.971875 0.1828125 0.0546875
0 0.98046875 0.3609375 0.0390625 0.178125
0 0.9859375 0.359375 0.028125 0.1875
0 0.04296875 0.50703125 0.0859375 0.165625