0 0.1234375 0.2984375 0.2 0.1921875
0 0.60546875 0.22265625 0.1953125 0.203125
0 0.4 0.5296875 0.1640625 0.171875
0 0.81640625 0.58984375 0.171875 0.1640625
0 0.696875 0.415625 0.1921875 0.153125
0 0.94140625 0.83984375 0.1171875 0.2234375
0 0.521875 0.7125 0.16875 0.1640625
0 0.2890625 0.35 0.121875 0.1453125
0 0.84765625 0.165625 0.215625 0.1796875
0 0.446875 0.08203125 0.2 0.15625
0 0.6796875 0.046875 0.1796875 0.09375
0 0.19140625 0.125 0.2 0.1921875
0 0.94375 0.0640625 0.11171875 0.128125 0.054696999999999996 0.08637399999999999 0.10939499999999999 0.17274799999999998 0.94375 0.0640625
0 0.8109375 0.96875 0.146875 0.0609375
0 0.97890625 0.5125 0.0421875 0.1625
0 0.9859375 0.509375 0.028125 0.1546875