0 0.94140625 0.0625 0.109375 0.125
0 0.76171875 0.16015625 0.2421875 0.1796875
0 0.9 0.3296875 0.1796875 0.1484375
0 0.97265625 0.521875 0.0546875 0.140625
0 0.4921875 0.3046875 0.2265625 0.2109375
0 0.35546875 0.09375 0.2 0.16875
0 0.13671875 0.17578125 0.23125 0.1765625
0 0.275 0.390625 0.2078125 0.1765625
0 0.4046875 0.5796875 0.1953125 0.1765625
0 0.5875 0.4703125 0.1765625 0.121875
0 0.678125 0.6234375 0.2 0.1453125
0 0.5453125 0.796875 0.1796875 0.171875
0 0.67109375 0.94296875 0.2078125 0.1140625
0 0.91015625 0.8421875 0.15625 0.1640625
0 0.790625 0.7734375 0.15625 0.15625
0 0.20703125 0.67578125 0.16875 0.16875
0 0.08984375 0.4921875 0.15625 0.1875
0 0.046875 0.7171875 0.0828125 0.121875
0 0.06640625 0.8984375 0.1140625 0.1765625
0 0.4671875 0.95859375 0.171875 0.0828125
0 0.6390625 0.0390625 0.2109375 0.0671875 0.149456896875 0.1568060015625 0.6390625 0.0390625
0 0.149456896875 0.1568060015625 0.06981000000000001 0.17596 0.034905000000000005 0.323785 0.149456896875 0.1568060015625
0 0.31640625 0.88125 0.146875 0.1515625
0 0.98671875 0.2171875 0.0265625 0.203125