0 0.3046875 0.1703125 0.121875 0.10625
0 0.06875 0.19375 0.1296875 0.10625
0 0.103125 0.44921875 0.121875 0.1453125
0 0.3421875 0.4203125 0.1171875 0.1140625
0 0.64453125 0.36328125 0.0984375 0.1328125
0 0.6015625 0.1 0.109375 0.1171875
0 0.890625 0.0765625 0.121875 0.0984375
0 0.90234375 0.328125 0.1140625 0.1296875
0 0.9546875 0.59375 0.090625 0.1171875
0 0.6953125 0.6484375 0.1171875 0.090625
0 0.7359375 0.90234375 0.1484375 0.1140625
0 0.39453125 0.703125 0.1171875 0.1453125
0 0.146875 0.7328125 0.1484375 0.1484375
0 0.415625 0.94921875 0.1453125 0.1015625
0 0.11670081875 0.1638903484375 0.967789 0.857119 0.1125 0.0671875 0.11670081875 0.1638903484375
0 0.1515625 0.96640625 0.11670081875 0.1638903484375 0.064423 0.121309 0.1515625 0.96640625