0 0.9359375 0.5234375 0.121875 0.1875
0 0.509375 0.72265625 0.2078125 0.1640625
0 0.85546875 0.915625 0.2265625 0.1609375
0 0.8921875 0.2359375 0.184375 0.184375
0 0.546875 0.2359375 0.171875 0.1765625
0 0.8359375 0.6859375 0.21875 0.2
0 0.4296875 0.40234375 0.171875 0.1640625
0 0.76953125 0.384375 0.140625 0.1640625
0 0.62890625 0.55625 0.1609375 0.1453125
0 0.2828125 0.58984375 0.1796875 0.1453125
0 0.15625 0.7328125 0.16875 0.140625
0 0.3828125 0.8890625 0.16875 0.1328125
0 0.6859375 0.83203125 0.125 0.16875
0 0.0609375 0.896875 0.121875 0.1484375
0 0.68125 0.0875 0.1296875 0.15625
0 0.10625 0.15625 0.946875 0.078125 0.081376 0.150705 0.959312 0.787563 0.10625 0.15625
0 0.2375 0.975 0.171875 0.05
0 0.98046875 0.353125 0.0390625 0.1703125
0 0.8015625 0.02734375 0.15 0.0546875
0 0.98515625 0.35625 0.0296875 0.18125