0 0.2171875 0.9609375 0.1609375 0.0625
0 0.53125 0.1640625 0.1328125 0.1328125
0 0.7328125 0.0640625 0.15625 0.128125
0 0.821875 0.24609375 0.1171875 0.1375
0 0.62109375 0.3578125 0.1375 0.1296875
0 0.921875 0.4203125 0.1375 0.1296875
0 0.740625 0.52734375 0.121875 0.15625
0 0.853125 0.7265625 0.109375 0.1296875
0 0.9453125 0.8921875 0.109375 0.121875
0 0.6328125 0.828125 0.1640625 0.1609375
0 0.53125 0.634375 0.1375 0.1171875
0 0.4375 0.46484375 0.153125 0.1296875
0 0.30859375 0.27734375 0.1375 0.1140625
0 0.225 0.06640625 0.109375 0.1328125
0 0.109375 0.3453125 0.125 0.10625
0 0.225 0.5328125 0.15625 0.1328125
0 0.3125 0.73046875 0.140625 0.1296875
0 0.415625 0.896875 0.140625 0.1328125
0 0.10546875 0.834375 0.15625 0.1328125
0 0.0296875 0.6328125 0.059375 0.1453125
0 0.0848754796875 0.11100875156250001 0.745343 0.971182 0.128212 0.057093000000000005 0.0848754796875 0.11100875156250001
0 0.9796875 0.1390625 0.040625 0.1234375
0 0.40859375 0.01328125 0.1515625 0.0265625
0 0.98515625 0.13984375 0.0296875 0.1203125
0 0.98515625 0.6171875 0.0296875 0.1203125
0 0.41328125 0.00859375 0.1546875 0.0171875
0 0.93671875 0.0078125 0.1265625 0.015625
0 0.990625 0.140625 0.01875 0.121875