0 0.3109375 0.2421875 0.1609375 0.1484375
0 0.50625 0.3671875 0.1765625 0.1875
0 0.8296875 0.66796875 0.1453125 0.1484375
0 0.9546875 0.4859375 0.0828125 0.1453125
0 0.8109375 0.0625 0.1609375 0.125
0 0.48828125 0.06875 0.121875 0.109375
0 0.615625 0.22265625 0.1375 0.1140625
0 0.803125 0.3453125 0.0828125 0.1171875
0 0.95859375 0.20234375 0.0828125 0.1484375
0 0.665625 0.525 0.1375 0.140625
0 0.66796875 0.84375 0.140625 0.1328125
0 0.51953125 0.6890625 0.0828125 0.10625
0 0.31875 0.5328125 0.1453125 0.109375
0 0.1625 0.4 0.15625 0.125
0 0.1859375 0.7109375 0.1484375 0.125
0 0.3421875 0.84765625 0.1140625 0.121875
0 0.5015625 0.953125 0.121875 0.0828125
0 0.84765625 0.94140625 0.125 0.1171875
0 0.19453125 0.96640625 0.1765625 0.0671875
0 0.04296875 0.84375 0.0859375 0.1296875
0 0.1609375 0.1375 0.15 0.103125 0.07342 0.14999400000000002 0.96329 0.806868 0.1609375 0.1375
0 0.0265625 0.54140625 0.053125 0.128125
0 0.3 0.01171875 0.1625 0.0234375
0 0.03125 0.0234375 0.0625 0.046875
0 0.3 0.009375 0.1671875 0.01875
0 0.0296875 0.021875 0.059375 0.04375