0 0.3671875 0.35546875 0.2421875 0.2421875
0 0.171875 0.6796875 0.234375 0.234375
0 0.1171875 0.421875 0.2265625 0.2265625
0 0.19140625 0.915625 0.2265625 0.1609375
0 0.3421875 0.1171875 0.23125 0.2109375
0 0.75390625 0.8421875 0.2734375 0.246875
0 0.0796875 0.14765625 0.159375 0.2265625
0 0.6484375 0.3359375 0.2421875 0.234375
0 0.62890625 0.0859375 0.234375 0.171875
0 0.446875 0.8828125 0.23125 0.2265625
0 0.421875 0.6171875 0.265625 0.234375
0 0.6859375 0.56640625 0.23125 0.2109375
0 0.9125 0.2671875 0.16875 0.2234375
0 0.87890625 0.07421875 0.2109375 0.1484375
0 0.953125 0.790625 0.0859375 0.2234375
0 0.94140625 0.5296875 0.109375 0.2234375