0 0.19921875 0.2796875 0.21875 0.2078125
0 0.7171875 0.7109375 0.215625 0.1953125
0 0.6109375 0.07421875 0.2078125 0.1484375
0 0.196875 0.7484375 0.2078125 0.2078125
0 0.51171875 0.8109375 0.2265625 0.1921875
0 0.725 0.259375 0.2 0.1984375
0 0.3984375 0.1625 0.203125 0.2
0 0.0796875 0.09765625 0.153125 0.1953125
0 0.3046875 0.47265625 0.1953125 0.1796875
0 0.8046875 0.4296875 0.171875 0.1875
0 0.09765625 0.5484375 0.1796875 0.184375
0 0.8984375 0.62890625 0.1953125 0.1953125
0 0.3984375 0.6546875 0.2109375 0.16875
0 0.6234375 0.540625 0.184375 0.1765625
0 0.51171875 0.353125 0.1640625 0.1765625
0 0.8421875 0.9 0.1921875 0.2
0 0.61640625 0.95078125 0.2140625 0.0984375
0 0.05078125 0.859375 0.1015625 0.1921875
0 0.0375 0.3765625 0.075 0.1765625
0 0.30625 0.921875 0.10625 0.1015625
0 0.31875 0.0453125 0.171875 0.090625
0 0.1760806921875 0.251675228125 0.96875 0.80859375 0.195658 0.069197 0.1760806921875 0.251675228125
0 0.1760806921875 0.251675228125 0.0625 0.171875 0.099508 0.9654019999999999 0.1760806921875 0.251675228125
0 0.09921875 0.96328125 0.1984375 0.0734375