0 0.3671875 0.69140625 0.2109375 0.1875
0 0.8296875 0.91015625 0.1921875 0.1640625
0 0.571875 0.5796875 0.1921875 0.1765625
0 0.46875 0.09765625 0.1875 0.1875
0 0.75390625 0.4609375 0.1875 0.1796875
0 0.7046875 0.7484375 0.215625 0.2078125
0 0.2671875 0.2359375 0.1828125 0.1921875
0 0.1796875 0.81640625 0.171875 0.171875
0 0.5171875 0.85546875 0.184375 0.1640625
0 0.115625 0.0609375 0.2109375 0.121875
0 0.640625 0.046875 0.1484375 0.09375
0 0.896875 0.3109375 0.1375 0.1296875
0 0.34765625 0.9453125 0.140625 0.109375
0 0.1230152484375 0.164461240625 0.0671875 0.121875 0.08350300000000001 0.35622600000000004 0.1230152484375 0.164461240625
0 0.1230152484375 0.164461240625 0.96640625 0.8078125 0.128138 0.139599 0.1230152484375 0.164461240625
0 0.64140625 0.9796875 0.178125 0.040625
0 0.028125 0.93671875 0.05625 0.1265625
0 0.97421875 0.5203125 0.0515625 0.146875
0 0.93828125 0.97890625 0.1234375 0.0421875
0 0.3421875 0.01796875 0.1921875 0.0359375
0 0.01171875 0.19296875 0.0234375 0.1625
0 0.64375 0.98671875 0.184375 0.0265625
0 0.01640625 0.19140625 0.0328125 0.16875
0 0.009375 0.1953125 0.01875 0.1640625
0 0.98046875 0.521875 0.0390625 0.1421875