0 0.3359375 0.2796875 0.125 0.121875
0 0.6078125 0.24609375 0.153125 0.15625
0 0.9125 0.1546875 0.1484375 0.1375
0 0.9453125 0.4515625 0.109375 0.15625
0 0.640625 0.5140625 0.1640625 0.1609375
0 0.68125 0.75 0.1140625 0.10625
0 0.96484375 0.69921875 0.0703125 0.140625
0 0.4203125 0.7984375 0.125 0.1328125
0 0.125 0.90234375 0.1953125 0.1640625
0 0.07421875 0.6 0.1484375 0.171875
0 0.26953125 0.053125 0.1296875 0.10625 0.12269284218750001 0.12273008593750001 0.26953125 0.053125
0 0.12269284218750001 0.12273008593750001 0.08088300000000001 0.14254899999999998 0.040442 0.316521 0.12269284218750001 0.12273008593750001
0 0.56640625 0.0296875 0.125 0.059375
0 0.7296875 0.978125 0.1390625 0.04375
0 0.025 0.08203125 0.05 0.153125
0 0.3953125 0.56171875 0.125 0.134375
0 0.98515625 0.959375 0.0296875 0.08125
0 0.015625 0.08046875 0.03125 0.1453125
0 0.43203125 0.56015625 0.159375 0.1484375
0 0.8671875 0.0078125 0.1640625 0.015625