0 0.10234375 0.0484375 0.1671875 0.096875
0 0.4453125 0.2984375 0.1328125 0.1171875
0 0.5875 0.16796875 0.1453125 0.1328125
0 0.74375 0.2953125 0.1453125 0.125
0 0.9390625 0.44140625 0.121875 0.121875
0 0.6328125 0.45703125 0.140625 0.15625
0 0.7828125 0.5953125 0.1296875 0.1171875
0 0.93515625 0.740625 0.1296875 0.125
0 0.7953125 0.890625 0.1484375 0.1296875
0 0.6171875 0.75 0.1609375 0.1328125
0 0.4390625 0.615625 0.1484375 0.140625
0 0.2734375 0.48046875 0.121875 0.1296875
0 0.1234375 0.33203125 0.125 0.1171875
0 0.24765625 0.16015625 0.153125 0.1328125
0 0.1421875 0.6265625 0.1453125 0.1328125
0 0.2890625 0.76953125 0.15625 0.1328125
0 0.1546875 0.9203125 0.1796875 0.140625
0 0.4546875 0.89453125 0.140625 0.125
0 0.40546875 0.04921875 0.1546875 0.0984375
0 0.15390625 0.0984375 0.746875 0.04921875 0.10155 0.045224 0.9489940000000001 0.9769780000000001 0.15390625 0.0984375
0 0.62421875 0.98359375 0.1546875 0.0328125
0 0.6265625 0.9875 0.1578125 0.025
0 0.01875 0.475 0.0375 0.14375
0 0.0125 0.47421875 0.025 0.146875
0 0.01171875 0.79296875 0.0234375 0.13125
0 0.2984375 0.9875 0.1453125 0.025
0 0.29921875 0.98359375 0.140625 0.0328125
0 0.6265625 0.99140625 0.153125 0.0171875
0 0.0171875 0.7984375 0.034375 0.1296875