0 0.94921875 0.2046875 0.09375 0.1375
0 0.8046875 0.3734375 0.15625 0.1375
0 0.57421875 0.97265625 0.15625 0.046875
0 0.9703125 0.384375 0.059375 0.1296875
0 0.9546875 0.60546875 0.0828125 0.1953125
0 0.8046875 0.1734375 0.15625 0.10625
0 0.3609375 0.3984375 0.153125 0.1328125
0 0.97265625 0.8109375 0.046875 0.1296875
0 0.30078125 0.571875 0.1296875 0.16875
0 0.56640625 0.384375 0.10625 0.10625
0 0.5625 0.634375 0.10625 0.15625
0 0.3265625 0.79296875 0.1609375 0.16875
0 0.321875 0.9546875 0.140625 0.090625
0 0.1328125 0.109375 0.80859375 0.9453125 0.168762 0.111958 0.8652900000000001 0.055979 0.1328125 0.109375
0 0.02265625 0.96484375 0.0453125 0.0703125