0 0.7109375 0.3359375 0.171875 0.1796875
0 0.609375 0.1546875 0.1875 0.1765625
0 0.30390625 0.071875 0.1953125 0.14375
0 0.228125 0.8109375 0.2 0.1765625
0 0.109375 0.6234375 0.1796875 0.1765625
0 0.09765625 0.1421875 0.1875 0.1921875
0 0.81640625 0.0609375 0.1640625 0.121875
0 0.290625 0.5171875 0.16875 0.153125
0 0.5234375 0.9046875 0.1875 0.1609375
0 0.7109375 0.81640625 0.1640625 0.1484375
0 0.4046875 0.7046875 0.153125 0.1296875
0 0.81875 0.51171875 0.1453125 0.1171875
0 0.2046875 0.34765625 0.1921875 0.1796875
0 0.4140625 0.2359375 0.140625 0.1328125
0 0.5390625 0.43125 0.15625 0.140625
0 0.62890625 0.63671875 0.1796875 0.171875
0 0.97265625 0.4234375 0.0546875 0.1296875
0 0.9234375 0.70703125 0.153125 0.1875
0 0.0453125 0.43125 0.090625 0.1609375
0 0.040625 0.90703125 0.08125 0.1828125
0 0.1380678046875 0.0510074125 0.038998 0.026791 0.077877 0.053434999999999996 0.1380678046875 0.0510074125
0 0.1380678046875 0.0510074125 0.2234375 0.071875 0.51171875 0.0359375 0.1380678046875 0.0510074125
0 0.971875 0.02421875 0.0546875 0.0484375