0 0.2046875 0.3421875 0.2234375 0.2234375
0 0.5296875 0.296875 0.2078125 0.2109375
0 0.5796875 0.9234375 0.2390625 0.1375
0 0.82421875 0.28515625 0.1875 0.203125
0 0.3921875 0.4921875 0.2390625 0.2109375
0 0.6546875 0.1375 0.1859375 0.178125
0 0.7046875 0.4609375 0.1921875 0.1640625
0 0.0765625 0.5234375 0.153125 0.2109375
0 0.9359375 0.09765625 0.121875 0.1796875
0 0.9359375 0.4296875 0.1140625 0.203125
0 0.5546875 0.6171875 0.1484375 0.1484375
0 0.41015625 0.790625 0.234375 0.2078125
0 0.728125 0.7984375 0.2390625 0.2234375
0 0.8984375 0.91015625 0.1875 0.1640625
0 0.45703125 0.05078125 0.1796875 0.1015625
0 0.759375 0.0390625 0.215625 0.078125
0 0.953125 0.765625 0.09375 0.1875
0 0.240625 0.1546875 0.128125 0.07734375 0.05256999999999999 0.11100000000000002 0.026284999999999996 0.944345 0.240625 0.1546875