0 0.42890625 0.071875 0.1640625 0.14375
0 0.046875 0.078125 0.09375 0.15625
0 0.85546875 0.4359375 0.1484375 0.1453125
0 0.66015625 0.25625 0.1484375 0.1453125
0 0.8609375 0.821875 0.153125 0.1453125
0 0.0609375 0.821875 0.121875 0.1375
0 0.2421875 0.2734375 0.1484375 0.121875
0 0.05859375 0.47265625 0.1171875 0.1015625
0 0.88671875 0.07421875 0.184375 0.1296875
0 0.259728553125 0.3320868421875 0.140625 0.140625 0.44921875 0.8265625 0.259728553125 0.3320868421875
0 0.259728553125 0.3320868421875 0.653877 0.96569 0.158647 0.068314 0.259728553125 0.3320868421875
0 0.4515625 0.4578125 0.1171875 0.1109375
0 0.66640625 0.64765625 0.1421875 0.1328125
0 0.25390625 0.9734375 0.1390625 0.053125
0 0.9859375 0.64296875 0.028125 0.1453125