0 0.94140625 0.790625 0.109375 0.153125
0 0.2796875 0.09765625 0.1484375 0.1140625
0 0.5484375 0.07421875 0.16875 0.1484375
0 0.8203125 0.05078125 0.1484375 0.1015625
0 0.91015625 0.5234375 0.1140625 0.125
0 0.625 0.56875 0.1296875 0.121875
0 0.69375 0.828125 0.1296875 0.1296875
0 0.34765625 0.6234375 0.1328125 0.1453125
0 0.0640625 0.66171875 0.128125 0.1671875
0 0.08984375 0.9296875 0.16875 0.140625
0 0.3921875 0.859375 0.171875 0.1765625 0.07029174375 0.1555868953125 0.3921875 0.859375
0 0.40859375 0.40703125 0.13125 0.1203125