0 0.928125 0.1859375 0.1375 0.1765625
0 0.7109375 0.78515625 0.203125 0.21875
0 0.1484375 0.1796875 0.2265625 0.1875
0 0.759375 0.3921875 0.2390625 0.215625
0 0.3359375 0.384375 0.203125 0.2078125
0 0.37890625 0.05078125 0.1953125 0.1015625
0 0.93359375 0.60546875 0.125 0.1953125
0 0.8984375 0.9359375 0.1953125 0.1140625
0 0.7796875 0.06875 0.23125 0.1375
0 0.540625 0.5921875 0.2390625 0.2078125
0 0.06986612812500001 0.078680075 0.1921875 0.215625 0.5546875 0.203125 0.06986612812500001 0.078680075