0 0.353125 0.2734375 0.215625 0.1640625
0 0.071875 0.52265625 0.14375 0.1640625
0 0.32421875 0.7734375 0.1796875 0.1171875
0 0.9390625 0.046875 0.1140625 0.09375
0 0.62890625 0.7875 0.1953125 0.2078125
0 0.671875 0.06640625 0.1875 0.1328125
0 0.31640625 0.5296875 0.203125 0.1609375
0 0.259375 0.97265625 0.159375 0.046875
0 0.3609375 0.04296875 0.2078125 0.0859375
0 0.9046875 0.2984375 0.184375 0.1609375
0 0.603125 0.97265625 0.1765625 0.046875
0 0.0796875 0.03671875 0.159375 0.0734375
0 0.05625 0.75 0.1125 0.21875
0 0.6234375 0.2796875 0.2 0.171875
0 0.62890625 0.5234375 0.184375 0.1609375
0 0.9140625 0.5375 0.125 0.1296875
0 0.89453125 0.765625 0.2109375 0.1296875
0 0.1484375 0.1953125 0.07421875 0.2359375 0.056419 0.08632300000000001 0.028262 0.9568199999999999 0.1484375 0.1953125
0 0.8546875 0.97265625 0.15 0.0546875