0 0.3296875 0.665625 0.2234375 0.2078125
0 0.728125 0.91796875 0.16875 0.1484375
0 0.1171875 0.7734375 0.1953125 0.171875
0 0.5296875 0.1 0.215625 0.16875
0 0.9203125 0.35546875 0.153125 0.1953125
0 0.7484375 0.4671875 0.215625 0.1921875
0 0.7359375 0.0375 0.184375 0.075
0 0.44140625 0.8734375 0.203125 0.1921875
0 0.6421875 0.7359375 0.184375 0.184375
0 0.2984375 0.19140625 0.16875 0.1796875
0 0.9296875 0.82421875 0.1328125 0.1875
0 0.853125 0.1859375 0.2078125 0.1921875
0 0.0859375 0.3046875 0.1484375 0.140625
0 0.4125 0.38671875 0.2234375 0.1953125
0 0.63125 0.2796875 0.234375 0.1953125
0 0.5375 0.5640625 0.2 0.184375
0 0.2203125 0.490625 0.15625 0.1609375
0 0.04296875 0.578125 0.0859375 0.215625
0 0.2015625 0.9296875 0.215625 0.140625
0 0.8515625 0.678125 0.1296875 0.10625
0 0.12458596250000001 0.2121060890625 0.972965 0.09078800000000001 0.05406999999999999 0.181575 0.12458596250000001 0.2121060890625
0 0.12458596250000001 0.2121060890625 0.078125 0.21875 0.9609375 0.57421875 0.12458596250000001 0.2121060890625
0 0.54921875 0.9703125 0.2 0.059375
0 0.97734375 0.953125 0.0453125 0.09375
0 0.01796875 0.4 0.0359375 0.18125
0 0.00859375 0.87890625 0.0171875 0.190625
0 0.0125 0.39921875 0.025 0.18125
0 0.08046875 0.978125 0.1609375 0.04375
0 0.9796875 0.95625 0.040625 0.0875