0 0.8046875 0.3046875 0.234375 0.2578125
0 0.9234375 0.06875 0.1453125 0.1375
0 0.28515625 0.546875 0.171875 0.1875
0 0.9359375 0.4984375 0.121875 0.1921875
0 0.6171875 0.0859375 0.21875 0.171875
0 0.75625 0.69140625 0.1765625 0.1484375
0 0.1484375 0.071875 0.234375 0.14375
0 0.5171875 0.7984375 0.1765625 0.1453125
0 0.953125 0.8921875 0.0859375 0.2078125
0 0.1328125 0.4125 0.171875 0.1640625
0 0.36875 0.26953125 0.15625 0.140625
0 0.55078125 0.41796875 0.1609375 0.171875
0 0.2086589390625 0.26187170000000004 0.3671875 0.6484375 0.19947600000000001 0.147804 0.2086589390625 0.26187170000000004
0 0.2086589390625 0.26187170000000004 0.1640625 0.153125 0.262132 0.926098 0.2086589390625 0.26187170000000004
0 0.67421875 0.5640625 0.14375 0.15
0 0.02109375 0.21953125 0.0421875 0.171875
0 0.98046875 0.1484375 0.0390625 0.1796875