0 0.56640625 0.7734375 0.1953125 0.171875
0 0.4546875 0.603125 0.184375 0.153125
0 0.44921875 0.1171875 0.21875 0.1796875
0 0.66015625 0.0625 0.1796875 0.125
0 0.3609375 0.41015625 0.2 0.1796875
0 0.2671875 0.6859375 0.1671875 0.16875
0 0.56875 0.3046875 0.2 0.1875
0 0.2484375 0.19921875 0.2078125 0.1953125
0 0.8734375 0.859375 0.16875 0.15625
0 0.884375 0.4046875 0.16875 0.1375
0 0.15 0.50390625 0.16875 0.1375
0 0.053125 0.3203125 0.10625 0.1453125
0 0.77734375 0.2171875 0.16875 0.125
0 0.071875 0.771875 0.14375 0.15625
0 0.16015625 0.94921875 0.1875 0.1015625
0 0.359375 0.8453125 0.1640625 0.1296875
0 0.6328125 0.484375 0.1296875 0.1171875
0 0.76171875 0.65625 0.1296875 0.1328125
0 0.93125 0.5640625 0.1375 0.16875
0 0.12109375 0.0546875 0.1765625 0.109375
0 0.1996249125 0.156702503125 0.953125 0.1265625 0.18986 0.141232 0.1996249125 0.156702503125
0 0.1996249125 0.156702503125 0.09375 0.1609375 0.687338 0.929384 0.1996249125 0.156702503125
0 0.94296875 0.9796875 0.1140625 0.040625
0 0.01640625 0.59375 0.0328125 0.15625
0 0.4703125 0.97734375 0.1484375 0.0453125
0 0.3328125 0.01171875 0.1703125 0.0234375
0 0.33359375 0.009375 0.175 0.01875
0 0.01171875 0.59375 0.0234375 0.1515625
0 0.47578125 0.9859375 0.15 0.028125
0 0.94765625 0.984375 0.1046875 0.03125