0 0.6859375 0.2484375 0.184375 0.1609375
0 0.5171875 0.1171875 0.1609375 0.1484375
0 0.3734375 0.25625 0.1921875 0.1453125
0 0.7109375 0.546875 0.1640625 0.15625
0 0.3734375 0.853125 0.1609375 0.153125
0 0.3734375 0.5546875 0.1765625 0.15625
0 0.22265625 0.7109375 0.1875 0.171875
0 0.85546875 0.3984375 0.1484375 0.140625
0 0.82421875 0.0796875 0.15625 0.1375
0 0.20703125 0.4203125 0.125 0.1453125
0 0.5234375 0.4 0.1765625 0.1375
0 0.178125 0.12890625 0.1375 0.1171875
0 0.0546875 0.2671875 0.109375 0.15625
0 0.53125 0.7203125 0.1640625 0.140625
0 0.71484375 0.8453125 0.16875 0.140625
0 0.8734375 0.67578125 0.153125 0.140625
0 0.56171875 0.95078125 0.1640625 0.0984375
0 0.8984375 0.96484375 0.1640625 0.0703125
0 0.23828125 0.97265625 0.1640625 0.0546875
0 0.0796875 0.8765625 0.140625 0.125
0 0.06875 0.57421875 0.13728152031250002 0.1466755109375 0.052752 0.137124 0.06875 0.57421875
0 0.32890625 0.02421875 0.1625 0.0484375
0 0.97421875 0.82109375 0.0515625 0.1578125
0 0.05078125 0.0265625 0.1015625 0.053125
0 0.978125 0.5421875 0.04375 0.140625
0 0.67734375 0.01484375 0.1625 0.0296875
0 0.984375 0.540625 0.03125 0.1390625