0 0.228125 0.415625 0.2 0.1765625
0 0.7484375 0.4234375 0.1921875 0.1921875
0 0.5296875 0.5296875 0.2 0.1921875
0 0.53515625 0.07421875 0.1796875 0.1484375
0 0.634375 0.7046875 0.1765625 0.1921875
0 0.93359375 0.79296875 0.125 0.1953125
0 0.853125 0.16796875 0.1921875 0.15625
0 0.1234375 0.69375 0.2 0.1765625
0 0.3109375 0.165625 0.1765625 0.184375
0 0.7484375 0.87890625 0.215625 0.1953125
0 0.6546875 0.25 0.2234375 0.1875
0 0.221875 0.040625 0.1875 0.08125
0 0.0625 0.5171875 0.125 0.153125
0 0.1171875 0.25390625 0.1875 0.1640625
0 0.85546875 0.6109375 0.1953125 0.16875
0 0.4296875 0.8046875 0.203125 0.1953125
0 0.31640625 0.5921875 0.1796875 0.184375
0 0.421875 0.33203125 0.153125 0.15625
0 0.54296875 0.9453125 0.1875 0.109375 0.035967 0.072548 0.071934 0.145097 0.54296875 0.9453125
0 0.975 0.0671875 0.05 0.134375
0 0.7421875 0.01953125 0.203125 0.0390625
0 0.97890625 0.94140625 0.0421875 0.1171875
0 0.9859375 0.521875 0.028125 0.175
0 0.9828125 0.5203125 0.034375 0.1703125
0 0.98359375 0.9375 0.0328125 0.125
0 0.3203125 0.9875 0.1671875 0.025
0 0.3140625 0.9828125 0.1765625 0.034375