0 0.29296875 0.0765625 0.1640625 0.153125
0 0.2109375 0.75 0.1640625 0.15625
0 0.0859375 0.0375 0.15625 0.075
0 0.7984375 0.0609375 0.1453125 0.121875
0 0.44375 0.8296875 0.2 0.16875
0 0.96875 0.140625 0.0625 0.125
0 0.9203125 0.33984375 0.15625 0.15625
0 0.821875 0.49375 0.184375 0.2
0 0.60546875 0.42578125 0.1328125 0.153125
0 0.4390625 0.3515625 0.1453125 0.184375
0 0.18359375 0.2828125 0.1375 0.1296875
0 0.0921875 0.484375 0.1375 0.1640625
0 0.30859375 0.5390625 0.1765625 0.1875
0 0.521875 0.6234375 0.1609375 0.1921875
0 0.74375 0.7046875 0.15625 0.1609375
0 0.9390625 0.7875 0.121875 0.1796875
0 0.640625 0.9078125 0.15625 0.1640625
0 0.85234375 0.94296875 0.1484375 0.1140625
0 0.1328125 0.9234375 0.16875 0.153125
0 0.14518214375 0.1585580828125 0.608976 0.027667999999999998 0.16758 0.055335 0.14518214375 0.1585580828125
0 0.14518214375 0.1585580828125 0.0703125 0.1796875 0.03515625 0.665625 0.14518214375 0.1585580828125
0 0.3359375 0.9640625 0.184375 0.071875
0 0.02421875 0.17890625 0.0484375 0.146875
0 0.9796875 0.61171875 0.040625 0.1375
0 0.98515625 0.61015625 0.0296875 0.1390625
0 0.01484375 0.17578125 0.0296875 0.1421875