0 0.8359375 0.5609375 0.1953125 0.1765625
0 0.51171875 0.44375 0.1640625 0.2
0 0.8734375 0.79296875 0.2 0.1953125
0 0.4984375 0.72265625 0.153125 0.15625
0 0.8984375 0.06875 0.1953125 0.1375
0 0.5546875 0.225 0.203125 0.215625
0 0.26953125 0.2515625 0.1875 0.2109375
0 0.2265625 0.546875 0.1796875 0.2
0 0.85546875 0.25625 0.1875 0.1796875
0 0.19325941875 0.0658543375 0.1453125 0.0703125 0.203125 0.96484375 0.19325941875 0.0658543375
0 0.2796875 0.05234375 0.1984375 0.1046875
0 0.86171875 0.2015625 0.253125 0.25625
0 0.03125 0.259375 0.0625 0.18125
0 0.56484375 0.5328125 0.175 0.1703125
0 0.01875 0.5078125 0.0375 0.178125
0 0.26953125 0.046875 0.1984375 0.09375
0 0.03046875 0.0578125 0.0609375 0.115625