0 0.196875 0.665625 0.1765625 0.153125
0 0.796875 0.09765625 0.1875 0.1796875
0 0.4234375 0.4609375 0.1765625 0.15625
0 0.953125 0.290625 0.0859375 0.1765625
0 0.39765625 0.0921875 0.203125 0.1609375
0 0.60546875 0.6546875 0.15625 0.1453125
0 0.415625 0.859375 0.16875 0.1328125
0 0.040625 0.4796875 0.08125 0.125
0 0.80625 0.4828125 0.140625 0.125
0 0.82421875 0.8375 0.1328125 0.153125
0 0.18125 0.296875 0.153125 0.171875
0 0.03828125 0.10546875 0.0765625 0.15625
0 0.03359375 0.85625 0.0671875 0.15078125 0.969877 0.677213 0.060246 0.140456 0.03359375 0.85625
0 0.9609375 0.97890625 0.078125 0.0421875