0 0.76171875 0.4546875 0.203125 0.184375
0 0.4609375 0.93359375 0.1796875 0.125
0 0.2421875 0.84765625 0.21875 0.1875
0 0.4859375 0.72265625 0.1765625 0.203125
0 0.19140625 0.26953125 0.203125 0.2109375
0 0.0234375 0.5484375 0.046875 0.121875
0 0.50625 0.2515625 0.1921875 0.1984375
0 0.75390625 0.271875 0.1765625 0.153125
0 0.2265625 0.07421875 0.1875 0.1484375
0 0.18359375 0.4609375 0.16875 0.1484375 0.023181 0.071567 0.046362 0.137419 0.18359375 0.4609375
0 0.52578125 0.97734375 0.184375 0.0453125
0 0.03203125 0.8171875 0.0640625 0.2109375
0 0.01796875 0.06953125 0.0359375 0.1390625