0 0.7046875 0.478125 0.1765625 0.184375
0 0.34765625 0.2671875 0.10625 0.1171875
0 0.67578125 0.19140625 0.1171875 0.0984375
0 0.9234375 0.19140625 0.121875 0.1171875
0 0.9625 0.43125 0.075 0.1171875
0 0.9625 0.6875 0.075 0.1484375
0 0.740625 0.71484375 0.1640625 0.15625
0 0.775 0.94921875 0.1453125 0.1015625
0 0.415625 0.77734375 0.140625 0.15625
0 0.36875 0.4984375 0.10625 0.10625
0 0.13671875 0.5328125 0.171875 0.153125
0 0.11328125 0.290625 0.1375 0.1453125
0 0.15245663125 0.1839446421875 0.288998 0.026404 0.151673 0.05280700000000001 0.15245663125 0.1839446421875
0 0.15245663125 0.1839446421875 0.1453125 0.1921875 0.15625 0.81875 0.15245663125 0.1839446421875
0 0.978125 0.9390625 0.04375 0.121875
0 0.425 0.9765625 0.1453125 0.046875
0 0.984375 0.9390625 0.03125 0.11875
0 0.42734375 0.984375 0.1421875 0.03125