0 0.928125 0.56640625 0.1375 0.203125
0 0.66015625 0.071875 0.2265625 0.14375
0 0.44375 0.13671875 0.2 0.21875
0 0.34765625 0.41015625 0.1875 0.1953125
0 0.5546875 0.3109375 0.21875 0.215625
0 0.56640625 0.76171875 0.2109375 0.1875
0 0.6546875 0.4984375 0.2 0.2
0 0.2421875 0.22265625 0.2109375 0.1875
0 0.853125 0.384375 0.1765625 0.153125
0 0.06640625 0.3296875 0.1328125 0.2
0 0.75390625 0.6734375 0.1328125 0.1609375
0 0.140625 0.515625 0.1484375 0.1484375
0 0.25 0.6640625 0.1875 0.1640625
0 0.446875 0.57421875 0.1171875 0.1015625
0 0.7671875 0.20703125 0.140625 0.121875
0 0.134375 0.0625 0.2265625 0.1171875
0 0.06875 0.76953125 0.1375 0.2078125
0 0.146875 0.94375 0.2109375 0.10625
0 0.3578125 0.859375 0.1296875 0.1296875
0 0.68125 0.93359375 0.203125 0.1328125
0 0.8609375 0.83984375 0.1921875 0.2078125
0 0.87265625 0.03125 0.1828125 0.0625
0 0.94921875 0.1109375 0.1015625 0.1203125
0 0.9625 0.28203125 0.075 0.1515625
0 0.1946180796875 0.053293371874999995 0.1703125 0.0578125 0.46578200000000003 0.9763 0.1946180796875 0.053293371874999995
0 0.940625 0.97109375 0.11875 0.0578125
0 0.01953125 0.13984375 0.0390625 0.190625
0 0.98671875 0.74375 0.0265625 0.1890625
0 0.990625 0.74296875 0.01875 0.1796875