0 0.2359375 0.7421875 0.2234375 0.2109375
0 0.09375 0.51171875 0.1875 0.2109375
0 0.478125 0.56640625 0.2078125 0.1953125
0 0.4046875 0.921875 0.2 0.1484375
0 0.1109375 0.1546875 0.215625 0.215625
0 0.509375 0.22265625 0.2234375 0.2109375
0 0.69140625 0.4125 0.203125 0.2
0 0.6171875 0.78515625 0.2109375 0.171875
0 0.2796875 0.3734375 0.2 0.2
0 0.32890625 0.0484375 0.2078125 0.096875
0 0.84765625 0.6109375 0.1796875 0.153125
0 0.8359375 0.9546875 0.21875 0.075
0 0.1154553703125 0.22799759218750001 0.9738390000000001 0.83686 0.1171875 0.2078125 0.1154553703125 0.22799759218750001
0 0.05859375 0.890625 0.1154553703125 0.22799759218750001 0.052322999999999995 0.18321700000000002 0.05859375 0.890625