0 0.4375 0.3046875 0.21875 0.21875
0 0.8671875 0.578125 0.203125 0.1875
0 0.5484375 0.0625 0.184375 0.125
0 0.9125 0.29296875 0.16875 0.2109375
0 0.66015625 0.19140625 0.2109375 0.1796875
0 0.234375 0.40625 0.1953125 0.21875
0 0.07421875 0.0625 0.1484375 0.125
0 0.3421875 0.1234375 0.2234375 0.1921875
0 0.3359375 0.5921875 0.21875 0.215625
0 0.8421875 0.0921875 0.215625 0.1765625
0 0.9296875 0.78515625 0.125 0.1640625
0 0.12890625 0.21484375 0.16875 0.1796875
0 0.734375 0.390625 0.1875 0.184375
0 0.546875 0.509375 0.1296875 0.140625
0 0.65234375 0.6890625 0.2234375 0.1875
0 0.77734375 0.88671875 0.1921875 0.1875
0 0.5375 0.94140625 0.21875 0.109375
0 0.4453125 0.7890625 0.1921875 0.1609375
0 0.24609375 0.89453125 0.2234375 0.1640625
0 0.13125 0.69921875 0.2390625 0.140625
0 0.0625 0.48828125 0.125 0.2109375
0 0.1943214890625 0.073059903125 0.14375 0.140625 0.071875 0.9296875 0.1943214890625 0.073059903125
0 0.978125 0.05 0.0421875 0.0984375
0 0.8578125 0.98203125 0.2015625 0.0359375
0 0.98125 0.9234375 0.0375 0.153125
0 0.990625 0.48125 0.01875 0.1671875
0 0.9875 0.48125 0.025 0.171875
0 0.98203125 0.48515625 0.0359375 0.1765625
0 0.9859375 0.91953125 0.028125 0.1609375
0 0.98359375 0.04609375 0.0328125 0.0921875
0 0.0125 0.334375 0.025 0.1859375
0 0.00859375 0.79140625 0.0171875 0.1609375
0 0.36015625 0.99140625 0.1765625 0.0171875
0 0.0125 0.78984375 0.025 0.1625
0 0.353125 0.9859375 0.1984375 0.028125
0 0.0171875 0.79140625 0.034375 0.16875