0 0.728125 0.41796875 0.2234375 0.25
0 0.1484375 0.6734375 0.2265625 0.2390625
0 0.321875 0.4671875 0.2390625 0.23125
0 0.7734375 0.8046875 0.2109375 0.203125
0 0.5609375 0.62890625 0.2234375 0.2421875
0 0.475 0.26171875 0.23125 0.2265625
0 0.09375 0.3046875 0.1875 0.234375
0 0.87890625 0.22265625 0.2265625 0.2265625
0 0.91015625 0.5609375 0.171875 0.23125
0 0.3671875 0.853125 0.2265625 0.23125
0 0.2484375 0.1234375 0.2390625 0.215625
0 0.63359375 0.0484375 0.1765625 0.096875
0 0.0609375 0.875 0.121875 0.25
0 0.3382019421875 0.3514518265625 0.946432 0.9351459999999999 0.2296875 0.1140625 0.3382019421875 0.3514518265625
0 0.60859375 0.94296875 0.3382019421875 0.3514518265625 0.107137 0.129708 0.60859375 0.94296875
0 0.0671875 0.0328125 0.134375 0.065625
0 0.02421875 0.534375 0.0484375 0.2109375
0 0.971875 0.0421875 0.05625 0.084375
0 0.20234375 0.9796875 0.2140625 0.040625
0 0.98671875 0.36875 0.0265625 0.1859375
0 0.1890625 0.9875 0.215625 0.025