0 0.703125 0.4046875 0.1875 0.1921875
0 0.7359375 0.56640625 0.153125 0.1640625
0 0.978125 0.0546875 0.0359375 0.109375
0 0.9765625 0.94921875 0.0390625 0.09375
0 0.7359375 0.9234375 0.215625 0.1453125
0 0.8375 0.3296875 0.1296875 0.1609375
0 0.96484375 0.23046875 0.0703125 0.125
0 0.91796875 0.4546875 0.1171875 0.140625
0 0.96484375 0.59375 0.0625 0.1015625
0 0.796875 0.665625 0.125 0.1296875
0 0.78515625 0.1734375 0.125 0.1453125
0 0.5609375 0.1078125 0.1328125 0.1328125
0 0.3890625 0.1703125 0.1875 0.153125 0.10971395312500001 0.165976175 0.3890625 0.1703125
0 0.10971395312500001 0.165976175 0.05262599999999999 0.16509000000000001 0.026312999999999996 0.179755 0.10971395312500001 0.165976175