0 0.259375 0.2046875 0.1984375 0.1765625
0 0.34765625 0.3921875 0.140625 0.1609375
0 0.4671875 0.57421875 0.1375 0.1484375
0 0.66796875 0.046875 0.1796875 0.09375
0 0.7984375 0.196875 0.1921875 0.1921875
0 0.1546875 0.9296875 0.184375 0.1328125
0 0.15390625 0.0484375 0.1828125 0.096875
0 0.46875 0.1109375 0.153125 0.1484375
0 0.56875 0.2875 0.1609375 0.1296875
0 0.6953125 0.4765625 0.140625 0.125
0 0.9625 0.5875 0.075 0.1375
0 0.77734375 0.65234375 0.1609375 0.121875
0 0.56875 0.7421875 0.15625 0.1375
0 0.3734375 0.86328125 0.171875 0.15625
0 0.275 0.6734375 0.1484375 0.140625
0 0.16015625 0.48828125 0.171875 0.153125
0 0.0703125 0.31640625 0.140625 0.1640625
0 0.1736593890625 0.1710846453125 0.96640625 0.10703125 0.116345 0.115496 0.1736593890625 0.1710846453125
0 0.1736593890625 0.1710846453125 0.0671875 0.1796875 0.903522 0.878971 0.1736593890625 0.1710846453125
0 0.01875 0.57578125 0.0375 0.1640625
0 0.01953125 0.1109375 0.0390625 0.159375
0 0.0140625 0.1140625 0.028125 0.1640625
0 0.01328125 0.5765625 0.0265625 0.1625