0 0.0796875 0.56640625 0.159375 0.1953125
0 0.228125 0.44375 0.2 0.2
0 0.32421875 0.8671875 0.21875 0.2109375
0 0.5171875 0.7484375 0.215625 0.1921875
0 0.9203125 0.9140625 0.153125 0.1640625
0 0.5921875 0.19140625 0.2546875 0.21875
0 0.8921875 0.19921875 0.2078125 0.1953125
0 0.3671875 0.59765625 0.1953125 0.1640625
0 0.5546875 0.4546875 0.234375 0.2234375
0 0.19921875 0.7109375 0.1953125 0.1953125
0 0.8609375 0.4921875 0.1765625 0.1640625
0 0.81640625 0.790625 0.1875 0.153125
0 0.6796875 0.63125 0.171875 0.1765625
0 0.609375 0.91015625 0.171875 0.171875
0 0.946875 0.66015625 0.0984375 0.203125
0 0.384375 0.303125 0.171875 0.184375
0 0.73828125 0.34375 0.125 0.1484375
0 0.75625 0.0609375 0.1765625 0.121875
0 0.1613870671875 0.29319412031250003 0.1125 0.184375 0.05625 0.846875 0.1613870671875 0.29319412031250003
0 0.1613870671875 0.29319412031250003 0.463788 0.9663169999999999 0.20426899999999998 0.06736600000000001 0.1613870671875 0.29319412031250003
0 0.93359375 0.021875 0.1328125 0.04375
0 0.14296875 0.96171875 0.1609375 0.0765625
0 0.98671875 0.37265625 0.0265625 0.1984375
0 0.984375 0.37265625 0.03125 0.19375
0 0.1453125 0.9640625 0.1578125 0.071875