0 0.4921875 0.1171875 0.25 0.234375
0 0.2484375 0.44140625 0.246875 0.2109375
0 0.7734375 0.0921875 0.1953125 0.184375
0 0.25390625 0.6859375 0.2421875 0.2390625
0 0.6109375 0.884375 0.2546875 0.2234375
0 0.3046875 0.921875 0.2265625 0.1484375
0 0.51171875 0.38671875 0.2890625 0.2421875
0 0.1859375 0.1734375 0.23125 0.215625
0 0.8421875 0.57421875 0.2625 0.2578125
0 0.56875 0.63125 0.1921875 0.1796875
0 0.05859375 0.7484375 0.1171875 0.1796875
0 0.08203125 0.9390625 0.1609375 0.121875
0 0.9609375 0.29609375 0.078125 0.1828125
0 0.796875 0.32421875 0.234375 0.234375
0 0.9484375 0.07265625 0.103125 0.1453125
0 0.03828125 0.5078125 0.0765625 0.184375 0.037456665625 0.2076401578125 0.03828125 0.5078125
0 0.0125 0.22265625 0.025 0.1828125