0 0.4234375 0.4671875 0.184375 0.184375
0 0.84765625 0.2734375 0.1640625 0.1484375
0 0.5234375 0.6484375 0.1953125 0.15625
0 0.6421875 0.37890625 0.184375 0.1640625
0 0.7421875 0.540625 0.1953125 0.16875
0 0.3046875 0.2875 0.1953125 0.1765625
0 0.63671875 0.8296875 0.1640625 0.153125
0 0.734375 0.0796875 0.1796875 0.153125
0 0.321875 0.7671875 0.1296875 0.153125
0 0.1109375 0.853125 0.1765625 0.1609375
0 0.9296875 0.4546875 0.125 0.1453125
0 0.82421875 0.7484375 0.1796875 0.184375
0 0.4234375 0.9234375 0.16875 0.1453125
0 0.5015625 0.17578125 0.1453125 0.1296875
0 0.2046875 0.08203125 0.16875 0.15625
0 0.08984375 0.33984375 0.1453125 0.153125
0 0.209375 0.553125 0.184375 0.16875
0 0.0546875 0.665625 0.109375 0.1765625
0 0.20769951875 0.1388069171875 0.92731 0.035485 0.14538 0.070878 0.20769951875 0.1388069171875
0 0.20769951875 0.1388069171875 0.140625 0.1484375 0.9296875 0.92578125 0.20769951875 0.1388069171875
0 0.41171875 0.0359375 0.1625 0.071875
0 0.2265625 0.97890625 0.1921875 0.0421875
0 0.7421875 0.9734375 0.1734375 0.053125
0 0.03046875 0.17578125 0.0609375 0.14375
0 0.9796875 0.1640625 0.040625 0.146875
0 0.98125 0.63984375 0.0375 0.1625
0 0.9859375 0.640625 0.028125 0.1640625
0 0.98515625 0.16328125 0.0296875 0.1421875