0 0.3296875 0.38671875 0.184375 0.1953125
0 0.859375 0.1109375 0.1875 0.1921875
0 0.0796875 0.2609375 0.159375 0.21875
0 0.62109375 0.41796875 0.1921875 0.1328125
0 0.59375 0.640625 0.2109375 0.1953125
0 0.615625 0.8828125 0.1796875 0.1953125
0 0.3265625 0.875 0.1921875 0.21875
0 0.91015625 0.7515625 0.1796875 0.1765625
0 0.2882619 0.2712107125 0.165181 0.139017 0.643779 0.7449049999999999 0.2882619 0.2712107125
0 0.91953125 0.94921875 0.1609375 0.1015625 0.2882619 0.2712107125 0.91953125 0.94921875
0 0.67734375 0.9671875 0.1953125 0.065625
0 0.9421875 0.25390625 0.115625 0.1546875
0 0.01953125 0.23359375 0.0390625 0.159375
0 0.63203125 0.546875 0.1734375 0.1546875
0 0.346875 0.68203125 0.159375 0.18125
0 0.028125 0.94375 0.05625 0.1125
0 0.04609375 0.07734375 0.0921875 0.1546875
0 0.015625 0.24296875 0.03125 0.1703125