0 0.4921875 0.0796875 0.1953125 0.153125
0 0.1109375 0.75546875 0.221875 0.1984375
0 0.31640625 0.66015625 0.2265625 0.2265625
0 0.609375 0.7484375 0.1875 0.215625
0 0.415625 0.85546875 0.2390625 0.21875
0 0.6109375 0.2796875 0.2 0.215625
0 0.296875 0.1859375 0.21875 0.215625
0 0.91015625 0.8296875 0.171875 0.184375
0 0.4046875 0.37890625 0.215625 0.21875
0 0.82421875 0.6546875 0.2265625 0.2
0 0.2046875 0.47265625 0.2078125 0.1953125
0 0.22265625 0.91796875 0.203125 0.1484375
0 0.94140625 0.0859375 0.1015625 0.1640625
0 0.5171875 0.57421875 0.2 0.1953125
0 0.69140625 0.478125 0.1875 0.1921875
0 0.1109375 0.28515625 0.1921875 0.1875
0 0.2046875 0.0546875 0.184375 0.109375
0 0.04296875 0.09375 0.0859375 0.1640625
0 0.0484375 0.55390625 0.096875 0.1765625
0 0.153125 0.1296875 0.7359375 0.93359375 0.118584 0.068939 0.059292 0.965486 0.153125 0.1296875
0 0.521875 0.97109375 0.1953125 0.0578125
0 0.9640625 0.9734375 0.071875 0.053125