0 0.91796875 0.5546875 0.1484375 0.171875
0 0.4234375 0.54296875 0.184375 0.1640625
0 0.6234375 0.44140625 0.1765625 0.1953125
0 0.39765625 0.0796875 0.1796875 0.159375
0 0.3109375 0.359375 0.184375 0.1796875
0 0.7421875 0.62890625 0.203125 0.1953125
0 0.5234375 0.2671875 0.1875 0.1671875
0 0.2046875 0.1484375 0.1609375 0.1796875
0 0.8359375 0.35546875 0.171875 0.1484375
0 0.734375 0.16796875 0.171875 0.1484375
0 0.5296875 0.7484375 0.153125 0.121875
0 0.0921875 0.9234375 0.153125 0.1453125
0 0.2171875 0.6484375 0.16875 0.171875
0 0.3109375 0.81875 0.1765625 0.1375
0 0.1109375 0.4546875 0.1765625 0.1375
0 0.046875 0.26171875 0.09375 0.1484375
0 0.1765625 0.159375 0.91171875 0.0796875 0.189744 0.061986 0.10447500000000001 0.030993 0.1765625 0.159375
0 0.03515625 0.7375 0.0703125 0.153125
0 0.9765625 0.24140625 0.046875 0.159375
0 0.9296875 0.97421875 0.140625 0.0515625
0 0.59609375 0.021875 0.18125 0.04375