0 0.446875 0.6421875 0.215625 0.2
0 0.63671875 0.47265625 0.1796875 0.1640625
0 0.8421875 0.63671875 0.2 0.171875
0 0.66015625 0.8421875 0.1953125 0.1921875
0 0.634375 0.0921875 0.2 0.16875
0 0.821875 0.2796875 0.1765625 0.1375
0 0.22265625 0.821875 0.15625 0.1453125
0 0.23046875 0.46875 0.1484375 0.15625
0 0.20703125 0.11328125 0.140625 0.1296875
0 0.0546875 0.3140625 0.07973098125 0.2367854703125 0.087527 0.14199 0.0546875 0.3140625
0 0.07973098125 0.2367854703125 0.043764 0.674125 0.109375 0.1453125 0.07973098125 0.2367854703125
0 0.8484375 0.96796875 0.184375 0.0640625
0 0.0640625 0.96796875 0.128125 0.0640625
0 0.45625 0.96953125 0.175 0.0609375
0 0.428125 0.0125 0.1703125 0.025
0 0.98515625 0.08046875 0.0296875 0.1515625
0 0.9796875 0.81328125 0.040625 0.175
0 0.98046875 0.08046875 0.0390625 0.153125
0 0.9859375 0.8203125 0.028125 0.1703125
0 0.42890625 0.009375 0.1703125 0.01875