0 0.8046875 0.3046875 0.2265625 0.2109375
0 0.9046875 0.9234375 0.1765625 0.1375
0 0.9046875 0.484375 0.184375 0.171875
0 0.7109375 0.59765625 0.21875 0.1875
0 0.09765625 0.4296875 0.1796875 0.1484375
0 0.59765625 0.421875 0.2109375 0.1953125
0 0.38671875 0.0625 0.1953125 0.125
0 0.69921875 0.1234375 0.1953125 0.1765625
0 0.953125 0.1859375 0.0859375 0.153125
0 0.51171875 0.22265625 0.21875 0.1875
0 0.4984375 0.7109375 0.1921875 0.1953125
0 0.7984375 0.78515625 0.1453125 0.1640625
0 0.3984375 0.51171875 0.203125 0.1640625
0 0.29296875 0.359375 0.1875 0.15625
0 0.18125 0.17578125 0.1875 0.171875
0 0.1953125 0.61875 0.1796875 0.1609375
0 0.290625 0.796875 0.1828125 0.1796875
0 0.4140625 0.946875 0.1875 0.10625
0 0.609375 0.9 0.171875 0.1875
0 0.9453125 0.7046875 0.109375 0.203125
0 0.0921875 0.89453125 0.184375 0.1921875
0 0.89765625 0.0640625 0.1765625 0.128125
0 0.2265625 0.1015625 0.11328125 0.05078125 0.073429 0.172267 0.036715 0.257899 0.2265625 0.1015625
0 0.58671875 0.028125 0.2015625 0.05625
0 0.03515625 0.72109375 0.0703125 0.175
0 0.7203125 0.98046875 0.203125 0.0390625
0 0.7328125 0.9859375 0.18125 0.028125
0 0.7140625 0.9875 0.2171875 0.025