0 0.2671875 0.8109375 0.1984375 0.1765625
0 0.665625 0.1421875 0.1765625 0.184375
0 0.578125 0.8734375 0.1875 0.1609375
0 0.35546875 0.0625 0.1796875 0.125
0 0.88046875 0.0484375 0.1765625 0.096875
0 0.3671875 0.5296875 0.1953125 0.1765625
0 0.76171875 0.31640625 0.1875 0.1640625
0 0.5859375 0.41796875 0.203125 0.1953125
0 0.946875 0.228125 0.0984375 0.1765625
0 0.134375 0.13671875 0.1375 0.15625
0 0.4609375 0.2359375 0.1953125 0.184375
0 0.16015625 0.59765625 0.1953125 0.1484375
0 0.959375 0.69921875 0.075 0.125
0 0.6734375 0.634375 0.1765625 0.16875
0 0.4921875 0.7171875 0.1484375 0.153125
0 0.26171875 0.328125 0.215625 0.1953125
0 0.07421875 0.43359375 0.1484375 0.1484375
0 0.90625 0.5171875 0.15625 0.1765625
0 0.8046875 0.8203125 0.1796875 0.15625
0 0.15122565625 0.1781469125 0.905839 0.9524839999999999 0.160522 0.09475700000000001 0.15122565625 0.1781469125
0 0.15122565625 0.1781469125 0.1375 0.1640625 0.06875 0.91796875 0.15122565625 0.1781469125
0 0.38125 0.95546875 0.1890625 0.0890625
0 0.5640625 0.028125 0.175 0.05625
0 0.06484375 0.0234375 0.1296875 0.046875
0 0.025 0.22421875 0.05 0.184375
0 0.01484375 0.225 0.0296875 0.1765625
0 0.0171875 0.721875 0.034375 0.1375
0 0.00859375 0.71875 0.0171875 0.134375