0 0.09765625 0.7109375 0.1640625 0.1484375
0 0.41015625 0.69921875 0.15625 0.140625
0 0.9046875 0.5296875 0.1765625 0.1609375
0 0.2484375 0.5546875 0.153125 0.15625
0 0.73828125 0.68359375 0.1875 0.171875
0 0.9078125 0.828125 0.16875 0.153125
0 0.4046875 0.4078125 0.16875 0.1609375
0 0.5765625 0.5453125 0.1609375 0.1640625
0 0.71484375 0.08203125 0.1875 0.153125
0 0.234375 0.2640625 0.1765625 0.15625
0 0.2640625 0.85 0.15625 0.125
0 0.0765625 0.11875 0.1484375 0.15625
0 0.5546875 0.24375 0.16875 0.1453125
0 0.39453125 0.10546875 0.184375 0.1484375
0 0.7203125 0.3828125 0.1484375 0.1640625
0 0.4328125 0.93515625 0.215625 0.1296875
0 0.578125 0.8359375 0.1609375 0.153125
0 0.0796875 0.4078125 0.1484375 0.1453125
0 0.87890625 0.22265625 0.15625 0.15625
0 0.16875 0.090625 0.75390625 0.9546875 0.145791 0.054077 0.096791 0.972844 0.16875 0.090625
0 0.09609375 0.97265625 0.1453125 0.053125
0 0.98046875 0.37421875 0.0390625 0.14375
0 0.9859375 0.07890625 0.028125 0.14375
0 0.253125 0.0234375 0.1515625 0.046875
0 0.5421875 0.01484375 0.1453125 0.0296875
0 0.98046875 0.08046875 0.0390625 0.15
0 0.88671875 0.01328125 0.16875 0.0265625
0 0.01171875 0.86953125 0.0234375 0.15
0 0.98515625 0.375 0.0296875 0.15
0 0.015625 0.86796875 0.03125 0.140625
0 0.54140625 0.009375 0.146875 0.01875
0 0.884375 0.009375 0.165625 0.01875
0 0.990625 0.0796875 0.01875 0.1453125