0 0.196875 0.0859375 0.1765625 0.171875
0 0.1171875 0.8609375 0.2265625 0.2
0 0.5234375 0.8921875 0.234375 0.2
0 0.7421875 0.725 0.203125 0.2
0 0.790625 0.3296875 0.2 0.215625
0 0.3984375 0.2875 0.2109375 0.2
0 0.915625 0.9234375 0.1609375 0.1453125
0 0.6484375 0.10546875 0.2109375 0.1953125
0 0.3671875 0.4859375 0.15625 0.1375
0 0.5921875 0.5234375 0.215625 0.203125
0 0.8359375 0.03125 0.203125 0.0625
0 0.31875 0.6796875 0.23125 0.2265625
0 0.94921875 0.7359375 0.09375 0.1921875
0 0.9609375 0.2046875 0.0703125 0.184375
0 0.04296875 0.25390625 0.0859375 0.2578125
0 0.16796875 0.446875 0.2421875 0.1921875
0 0.9390625 0.5375 0.121875 0.1484375 0.1078616609375 0.216031759375 0.9390625 0.5375
0 0.1078616609375 0.216031759375 0.038019 0.18902000000000002 0.019035 0.644493 0.1078616609375 0.216031759375
0 0.25 0.97421875 0.1875 0.0515625
0 0.0140625 0.64296875 0.028125 0.18125