0 0.31640625 0.7671875 0.203125 0.215625
0 0.25625 0.2671875 0.1765625 0.1984375
0 0.634375 0.7984375 0.1921875 0.184375
0 0.415625 0.1234375 0.1921875 0.2
0 0.50625 0.62890625 0.1765625 0.203125
0 0.821875 0.6796875 0.1765625 0.171875
0 0.134375 0.88671875 0.16875 0.1875
0 0.09765625 0.103125 0.171875 0.1921875
0 0.5609375 0.3296875 0.1609375 0.16875
0 0.0625 0.4046875 0.125 0.1765625
0 0.05078125 0.696875 0.1015625 0.2
0 0.19140625 0.59765625 0.1796875 0.1328125
0 0.696875 0.4921875 0.1140625 0.121875
0 0.3515625 0.45703125 0.1328125 0.125
0 0.4546875 0.9296875 0.140625 0.140625
0 0.7515625 0.9390625 0.171875 0.121875
0 0.94140625 0.853125 0.1171875 0.1921875
0 0.2511279984375 0.0679448390625 0.1765625 0.15625 0.9078125 0.078125 0.2511279984375 0.0679448390625
0 0.25078125 0.98203125 0.1953125 0.0359375
0 0.97578125 0.23984375 0.0484375 0.1671875
0 0.25390625 0.98671875 0.190625 0.0265625
0 0.9859375 0.240625 0.028125 0.1703125
0 0.990625 0.23984375 0.01875 0.16875