0 0.1171875 0.69140625 0.1484375 0.15625
0 0.928125 0.6625 0.1375 0.16875
0 0.7109375 0.12890625 0.1796875 0.1484375
0 0.7359375 0.48046875 0.16875 0.1484375
0 0.540625 0.3046875 0.1765625 0.15625
0 0.9359375 0.2796875 0.121875 0.153125
0 0.321875 0.1171875 0.153125 0.1484375
0 0.1109375 0.31875 0.153125 0.1375
0 0.54296875 0.6796875 0.15625 0.1484375
0 0.194611046875 0.21214454531250002 0.121875 0.1375 0.328125 0.4921875 0.194611046875 0.21214454531250002
0 0.194611046875 0.21214454531250002 0.944782 0.9819990000000001 0.110436 0.035588999999999996 0.194611046875 0.21214454531250002
0 0.09921875 0.01328125 0.1484375 0.0265625
0 0.13515625 0.98125 0.171875 0.0375
0 0.13515625 0.98671875 0.1671875 0.0265625
0 0.553125 0.98125 0.18125 0.0375
0 0.1046875 0.009375 0.15 0.01875
0 0.9453125 0.98671875 0.109375 0.0265625
0 0.55390625 0.9859375 0.1828125 0.028125
0 0.00859375 0.8828125 0.0171875 0.1515625
0 0.1359375 0.98046875 0.1703125 0.0390625