0 0.47265625 0.16796875 0.1484375 0.1484375
0 0.921875 0.8984375 0.1484375 0.1640625
0 0.9140625 0.6796875 0.1640625 0.15625
0 0.4671875 0.41015625 0.1921875 0.1796875
0 0.2671875 0.3984375 0.1671875 0.078125
0 0.0625 0.3984375 0.125 0.125
0 0.0375 0.19140625 0.075 0.1484375
0 0.4671875 0.63671875 0.1765625 0.1328125
0 0.0453125 0.8296875 0.090625 0.1140625
0 0.696875 0.65625 0.171875 0.1875
0 0.709375 0.8453125 0.1609375 0.1640625
0 0.90234375 0.19921875 0.1140625 0.1453125
0 0.16407108125 0.136823221875 0.47010699999999994 0.034000999999999997 0.181685 0.06800199999999999 0.16407108125 0.136823221875
0 0.16407108125 0.136823221875 0.10625 0.15625 0.053125 0.5703125 0.16407108125 0.136823221875