0 0.8921875 0.4609375 0.1296875 0.140625
0 0.4984375 0.696875 0.16875 0.16875
0 0.50390625 0.4359375 0.1640625 0.153125
0 0.1421875 0.6625 0.16875 0.1453125
0 0.2109375 0.1171875 0.1328125 0.1328125
0 0.053125 0.2421875 0.10625 0.109375
0 0.18125 0.4140625 0.121875 0.1484375
0 0.3515625 0.26171875 0.1328125 0.1296875
0 0.5546875 0.165625 0.140625 0.1328125
0 0.71484375 0.3109375 0.1140625 0.1328125
0 0.7421875 0.0390625 0.109375 0.078125
0 0.9 0.196875 0.121875 0.15625
0 0.13125 0.9453125 0.140625 0.109375
0 0.2984375 0.828125 0.109375 0.121875
0 0.68125 0.571875 0.1296875 0.121875
0 0.84375 0.74375 0.1140625 0.153125
0 0.6625 0.8671875 0.1453125 0.109375
0 0.1015625 0.0703125 0.4546875 0.96484375 0.140228 0.07538700000000001 0.389268 0.037693 0.1015625 0.0703125
0 0.0265625 0.51328125 0.0515625 0.134375
0 0.9734375 0.63046875 0.053125 0.1203125
0 0.33203125 0.54140625 0.109375 0.1078125
0 0.965625 0.89921875 0.06875 0.1484375