0 0.359375 0.7875 0.2265625 0.2078125
0 0.7671875 0.421875 0.1765625 0.2109375
0 0.5859375 0.2359375 0.2265625 0.2
0 0.1140625 0.925 0.1984375 0.15
0 0.78515625 0.08203125 0.1875 0.1640625
0 0.5296875 0.9296875 0.23125 0.1328125
0 0.1734375 0.2171875 0.2390625 0.2
0 0.94140625 0.26171875 0.109375 0.1875
0 0.5859375 0.6421875 0.2109375 0.2
0 0.3859375 0.0625 0.1796875 0.125
0 0.75390625 0.8296875 0.1484375 0.2
0 0.03515625 0.7484375 0.0703125 0.153125
0 0.3734375 0.3671875 0.2078125 0.1796875
0 0.0375 0.3921875 0.075 0.1921875
0 0.1578125 0.578125 0.1796875 0.171875
0 0.05234375 0.04375 0.1046875 0.0875
0 0.9078125 0.93671875 0.1734375 0.1140625