0 0.6171875 0.0921875 0.203125 0.1765625
0 0.8421875 0.91015625 0.2 0.1640625
0 0.9140625 0.6546875 0.1640625 0.215625
0 0.1171875 0.5796875 0.1796875 0.1921875
0 0.3046875 0.4921875 0.203125 0.203125
0 0.2046875 0.3046875 0.215625 0.1953125
0 0.7421875 0.2796875 0.234375 0.2
0 0.728125 0.76171875 0.2390625 0.1953125
0 0.3984375 0.19921875 0.203125 0.1953125
0 0.8359375 0.4609375 0.21875 0.1796875
0 0.5171875 0.85546875 0.215625 0.2109375
0 0.4296875 0.6796875 0.2109375 0.171875
0 0.509375 0.4046875 0.184375 0.16875
0 0.0390625 0.40625 0.078125 0.1921875
0 0.625 0.578125 0.1765625 0.1453125
0 0.921875 0.209375 0.15625 0.1953125
0 0.8203125 0.0609375 0.215625 0.121875
0 0.2109375 0.76171875 0.1953125 0.15625
0 0.296875 0.93359375 0.1921875 0.1328125
0 0.09945871875 0.21292169374999997 0.972063 0.375121 0.1015625 0.184375 0.09945871875 0.21292169374999997
0 0.05078125 0.8734375 0.09945871875 0.21292169374999997 0.05587299999999999 0.20482 0.05078125 0.8734375
0 0.64296875 0.9703125 0.2 0.059375
0 0.98203125 0.84609375 0.0359375 0.1828125
0 0.9859375 0.8453125 0.028125 0.1859375
0 0.04609375 0.021875 0.0921875 0.04375