0 0.5171875 0.2484375 0.1453125 0.15625
0 0.8046875 0.2203125 0.1171875 0.125
0 0.85 0.490625 0.1375 0.125
0 0.88125 0.7484375 0.109375 0.1484375
0 0.5765625 0.7890625 0.1296875 0.1296875
0 0.5375 0.5140625 0.125 0.15625
0 0.22265625 0.55859375 0.0984375 0.10625
0 0.2953125 0.834375 0.1453125 0.16875
0 0.18125 0.0484375 0.125 0.096875
0 0.44921875 0.03125 0.140625 0.0625
0 0.1796875 0.2984375 0.109375 0.0984375
0 0.117554871875 0.1930379640625 0.08579400000000001 0.161737 0.042897000000000005 0.847071 0.117554871875 0.1930379640625
0 0.90625 0.9703125 0.1328125 0.059375 0.117554871875 0.1930379640625 0.90625 0.9703125
0 0.73671875 0.02421875 0.15625 0.0484375
0 0.03515625 0.60390625 0.0703125 0.1484375
0 0.01328125 0.3375 0.0265625 0.1359375
0 0.01796875 0.34140625 0.0359375 0.1328125
0 0.00859375 0.33828125 0.0171875 0.134375