0 0.10546875 0.34765625 0.15625 0.15625
0 0.7421875 0.9125 0.1484375 0.1453125
0 0.9296875 0.696875 0.125 0.16875
0 0.5234375 0.7046875 0.1640625 0.1453125
0 0.928125 0.3359375 0.1375 0.140625
0 0.540625 0.3421875 0.1765625 0.16875
0 0.1109375 0.7171875 0.1765625 0.153125
0 0.34375 0.8921875 0.15625 0.1296875
0 0.728125 0.16796875 0.1453125 0.1328125
0 0.328125 0.55078125 0.140625 0.1609375
0 0.7515625 0.521875 0.1796875 0.184375
0 0.1328125 0.1484375 0.31875 0.1703125 0.155135 0.044402000000000004 0.10815 0.022201000000000002 0.1328125 0.1484375
0 0.9203125 0.0171875 0.1515625 0.034375
0 0.925 0.98203125 0.146875 0.0359375
0 0.921875 0.98671875 0.15625 0.0265625
0 0.91875 0.0125 0.153125 0.025