0 0.5234375 0.6484375 0.1640625 0.1875
0 0.4765625 0.05625 0.121875 0.10625
0 0.49609375 0.31640625 0.1171875 0.109375
0 0.765625 0.265625 0.109375 0.109375
0 0.828125 0.546875 0.0984375 0.1296875
0 0.74921875 0.040625 0.1328125 0.08125
0 0.15625 0.140625 0.09375 0.1328125
0 0.2109375 0.3671875 0.1171875 0.1328125
0 0.240625 0.6546875 0.10625 0.0671875
0 0.2640625 0.88125 0.109375 0.1296875
0 0.8421875 0.82421875 0.125 0.1015625 0.1202387390625 0.1474468046875 0.8421875 0.82421875
0 0.1202387390625 0.1474468046875 0.074152 0.104244 0.03719 0.9477880000000001 0.1202387390625 0.1474468046875
0 0.021875 0.6859375 0.04375 0.1140625
0 0.01484375 0.68671875 0.0296875 0.1109375
0 0.96875 0.03203125 0.0625 0.0640625