0 0.69609375 0.0796875 0.1984375 0.159375
0 0.4859375 0.609375 0.153125 0.1484375
0 0.91015625 0.6234375 0.1484375 0.153125
0 0.2796875 0.821875 0.153125 0.1375
0 0.88671875 0.2359375 0.15625 0.1609375
0 0.6859375 0.821875 0.1375 0.1375
0 0.69921875 0.4234375 0.1484375 0.1296875
0 0.26953125 0.446875 0.1484375 0.1765625
0 0.06875 0.2828125 0.1296875 0.1296875
0 0.06640625 0.625 0.1328125 0.16875
0 0.9125 0.95078125 0.140625 0.0984375
0 0.17296880312500001 0.123526409375 0.152489 0.06745799999999999 0.08091899999999999 0.9662710000000001 0.17296880312500001 0.123526409375
0 0.4765625 0.9546875 0.1765625 0.090625 0.17296880312500001 0.123526409375 0.4765625 0.9546875