0 0.921875 0.8734375 0.15625 0.171875
0 0.64453125 0.82109375 0.1953125 0.2328125
0 0.90859375 0.52734375 0.1828125 0.2234375
0 0.63359375 0.2453125 0.19375 0.2140625
0 0.93125 0.2875 0.1375 0.2171875
0 0.0796875 0.3578125 0.1515625 0.20625
0 0.0796875 0.909375 0.159375 0.15625
0 0.38671875 0.3296875 0.153125 0.153125
0 0.3671875 0.0734375 0.16875 0.1375
0 0.68828125 0.05625 0.1671875 0.1125
0 0.9296875 0.0640625 0.140625 0.128125
0 0.6296875 0.584375 0.15625 0.1546875
0 0.103125 0.60859375 0.1609375 0.184375
0 0.15859375 0.13203125 0.140625 0.08984375 0.12736799999999998 0.205679 0.936316 0.60625 0.15859375 0.13203125
0 0.87265625 0.78359375 0.165625 0.196875
0 0.05390625 0.534375 0.1078125 0.165625