0 0.2421875 0.228125 0.2578125 0.2
0 0.1390625 0.884375 0.2078125 0.1328125
0 0.41796875 0.94140625 0.2109375 0.109375
0 0.853125 0.9453125 0.2 0.1015625
0 0.5234375 0.57421875 0.1640625 0.1484375
0 0.0875 0.05078125 0.175 0.1015625
0 0.4234375 0.4375 0.2625 0.1875
0 0.62890625 0.68125 0.153125 0.1875
0 0.76171875 0.8671875 0.1953125 0.1328125
0 0.32421875 0.8421875 0.1296875 0.1171875
0 0.1078125 0.603125 0.1921875 0.16875 0.22264699999999998 0.084668 0.10954699999999999 0.116891 0.1078125 0.603125
0 0.0484375 0.925 0.096875 0.15