0 0.09765625 0.69921875 0.1953125 0.1953125
0 0.26171875 0.4296875 0.1953125 0.203125
0 0.7046875 0.26171875 0.2234375 0.171875
0 0.2046875 0.2046875 0.2234375 0.215625
0 0.1109375 0.9171875 0.221875 0.15625
0 0.9390625 0.1546875 0.121875 0.2
0 0.62890625 0.0546875 0.1640625 0.109375
0 0.4609375 0.321875 0.1640625 0.153125
0 0.359375 0.890625 0.1953125 0.15625
0 0.06875 0.515625 0.1375 0.15625
0 0.2734375 0.6546875 0.1640625 0.246875
0 0.76953125 0.525 0.203125 0.1875
0 0.9546875 0.46875 0.090625 0.2859375
0 0.521875 0.5625 0.2 0.184375
0 0.81875 0.7953125 0.203125 0.171875
0 0.5796875 0.8578125 0.1796875 0.15625
0 0.428125 0.11328125 0.184375 0.16875
0 0.03515625 0.24609375 0.0703125 0.2390625 0.837445 0.975722 0.180273 0.048555 0.03515625 0.24609375
0 0.94453125 0.1015625 0.1109375 0.19375
0 0.9796875 0.76484375 0.040625 0.196875