0 0.59765625 0.5296875 0.15625 0.1296875
0 0.134375 0.3296875 0.1765625 0.1765625
0 0.6421875 0.2484375 0.1765625 0.184375
0 0.8921875 0.8359375 0.184375 0.1640625
0 0.4671875 0.34765625 0.1453125 0.15625
0 0.3203125 0.2015625 0.1375 0.1484375
0 0.2015625 0.0453125 0.090625 0.090625
0 0.03515625 0.16796875 0.0703125 0.1328125
0 0.296875 0.4984375 0.1296875 0.1375
0 0.0875 0.609375 0.10625 0.1171875
0 0.43359375 0.665625 0.1375 0.109375
0 0.375 0.9203125 0.1484375 0.1453125
0 0.053125 0.87890625 0.10625 0.153125
0 0.6953125 0.9546875 0.1796875 0.090625
0 0.9125 0.553125 0.1296875 0.1015625
0 0.83203125 0.09375 0.0984375 0.0625 0.305067365625 0.11092015156249999 0.83203125 0.09375
0 0.305067365625 0.11092015156249999 0.069214 0.118605 0.965367 0.26565 0.305067365625 0.11092015156249999
0 0.97421875 0.0296875 0.0515625 0.059375
0 0.69140625 0.0203125 0.134375 0.040625
0 0.01953125 0.45546875 0.0390625 0.146875
0 0.6859375 0.0140625 0.1453125 0.028125
0 0.01328125 0.453125 0.0265625 0.140625