0 0.5296875 0.8734375 0.1453125 0.153125
0 0.1234375 0.6109375 0.2078125 0.1921875
0 0.9359375 0.665625 0.121875 0.1765625
0 0.759375 0.7421875 0.16875 0.1171875
0 0.4359375 0.6859375 0.1765625 0.16875
0 0.6421875 0.13125 0.1609375 0.1765625
0 0.75625 0.30859375 0.1640625 0.1296875
0 0.93359375 0.2125 0.1328125 0.16875
0 0.84375 0.5078125 0.1609375 0.1296875
0 0.62890625 0.6078125 0.1796875 0.1484375
0 0.5328125 0.4046875 0.1921875 0.153125
0 0.4453125 0.2359375 0.184375 0.171875
0 0.321875 0.053125 0.1328125 0.10625
0 0.13671875 0.1328125 0.1640625 0.1328125
0 0.23046875 0.321875 0.2109375 0.1640625
0 0.0546875 0.43359375 0.109375 0.1609375
0 0.33984375 0.50625 0.2 0.1484375
0 0.2515625 0.796875 0.128125 0.1140625
0 0.321875 0.9390625 0.1921875 0.121875
0 0.8734375 0.94140625 0.171875 0.1171875
0 0.122816884375 0.17860358437499999 0.8459669999999999 0.039363999999999996 0.132007 0.07872799999999999 0.122816884375 0.17860358437499999
0 0.9796875 0.38828125 0.040625 0.14375
0 0.65859375 0.9828125 0.165625 0.034375
0 0.98515625 0.38828125 0.0296875 0.1453125
0 0.65703125 0.9875 0.1640625 0.025
0 0.0140625 0.69453125 0.028125 0.1734375
0 0.01171875 0.69765625 0.0234375 0.1859375
0 0.14609375 0.98828125 0.1734375 0.0234375
0 0.9875 0.85234375 0.025 0.1578125
0 0.9921875 0.8546875 0.015625 0.1546875
0 0.1390625 0.98359375 0.175 0.0328125
0 0.009375 0.69765625 0.01875 0.18125
0 0.14375 0.99140625 0.1640625 0.0171875