0 0.734375 0.2796875 0.1875 0.1765625
0 0.4546875 0.665625 0.1921875 0.2
0 0.25390625 0.7734375 0.2265625 0.2265625
0 0.9125 0.1796875 0.16875 0.1796875
0 0.5171875 0.3921875 0.184375 0.215625
0 0.3296875 0.50390625 0.23125 0.2109375
0 0.23046875 0.28515625 0.1796875 0.1640625
0 0.6484375 0.1109375 0.21875 0.215625
0 0.5375 0.87890625 0.2 0.2109375
0 0.44140625 0.2046875 0.2109375 0.2
0 0.8609375 0.9234375 0.2234375 0.1375
0 0.94140625 0.69140625 0.109375 0.2265625
0 0.07421875 0.4046875 0.1484375 0.2234375
0 0.84140625 0.040625 0.2234375 0.08125
0 0.06875 0.8734375 0.1375 0.184375
0 0.31640625 0.05859375 0.23125 0.1171875
0 0.1421875 0.5765625 0.1875 0.1796875
0 0.64453125 0.58203125 0.1328125 0.121875
0 0.83203125 0.4984375 0.15625 0.1296875
0 0.21232850937499997 0.20363950000000003 0.756424 0.785415 0.1953125 0.10625 0.21232850937499997 0.20363950000000003
0 0.3421875 0.946875 0.21232850937499997 0.20363950000000003 0.137761 0.12390799999999999 0.3421875 0.946875
0 0.53515625 0.01796875 0.1828125 0.0359375
0 0.0234375 0.67109375 0.046875 0.2078125
0 0.14921875 0.98046875 0.19375 0.0390625
0 0.97421875 0.878125 0.0515625 0.184375
0 0.06015625 0.02265625 0.1203125 0.0453125
0 0.66484375 0.9765625 0.184375 0.046875
0 0.66328125 0.984375 0.184375 0.03125