0 0.4921875 0.82421875 0.203125 0.2265625
0 0.4546875 0.3671875 0.1765625 0.1484375
0 0.56875 0.546875 0.2078125 0.1953125
0 0.6875 0.696875 0.1875 0.2
0 0.8109375 0.91796875 0.184375 0.1484375
0 0.82421875 0.134375 0.1640625 0.1375
0 0.271875 0.51171875 0.1296875 0.125
0 0.3765625 0.671875 0.1453125 0.1453125
0 0.1546875 0.8140625 0.140625 0.1375
0 0.25625 0.9546875 0.2109375 0.090625
0 0.0484375 0.65390625 0.096875 0.1671875
0 0.94296875 0.28984375 0.1140625 0.1359375 0.28608414375 0.20255660312499998 0.94296875 0.28984375
0 0.28608414375 0.20255660312499998 0.043877 0.170372 0.9780620000000001 0.47054 0.28608414375 0.20255660312499998
0 0.596875 0.9796875 0.2015625 0.040625
0 0.98515625 0.465625 0.0296875 0.1625
0 0.97890625 0.7875 0.0421875 0.1859375
0 0.98515625 0.79140625 0.0296875 0.1703125
0 0.6015625 0.98515625 0.1921875 0.0296875