0 0.821875 0.41015625 0.1609375 0.1640625
0 0.37890625 0.06875 0.1953125 0.1375
0 0.62890625 0.60546875 0.171875 0.15625
0 0.59765625 0.2421875 0.1796875 0.15625
0 0.1796875 0.26171875 0.1796875 0.1640625
0 0.796875 0.0609375 0.171875 0.121875
0 0.040625 0.08515625 0.08125 0.1484375
0 0.3984375 0.44140625 0.1796875 0.1875
0 0.3984375 0.7796875 0.1484375 0.121875
0 0.8359375 0.7484375 0.1484375 0.153125
0 0.959375 0.9359375 0.075 0.121875
0 0.6234375 0.9296875 0.171875 0.140625
0 0.1875 0.9546875 0.1015625 0.090625
0 0.9609375 0.23515625 0.078125 0.1578125
0 0.05262066562499999 0.298523715625 0.056829 0.140445 0.028414000000000002 0.432817 0.05262066562499999 0.298523715625
0 0.0390625 0.8078125 0.078125 0.15703125 0.05262066562499999 0.298523715625 0.0390625 0.8078125
0 0.97890625 0.59296875 0.0421875 0.171875
0 0.9859375 0.59453125 0.028125 0.1703125
0 0.98984375 0.59453125 0.0203125 0.1640625