0 0.9546875 0.1234375 0.0828125 0.1609375
0 0.853125 0.7046875 0.1921875 0.1765625
0 0.8421875 0.32421875 0.1296875 0.15625
0 0.9671875 0.4921875 0.059375 0.15625
0 0.046875 0.3359375 0.09375 0.1484375
0 0.6171875 0.1484375 0.1484375 0.1484375
0 0.640625 0.515625 0.1375 0.1609375
0 0.41796875 0.334375 0.1171875 0.1171875
0 0.22265625 0.5234375 0.125 0.1453125
0 0.4140625 0.71484375 0.15625 0.153125
0 0.2203125 0.1390625 0.153125 0.121875
0 0.0625 0.715625 0.125 0.1453125
0 0.1046875 0.090625 0.05234375 0.0453125 0.049878 0.15191300000000002 0.975061 0.8714219999999999 0.1046875 0.090625
0 0.23984375 0.8984375 0.128125 0.1296875
0 0.403125 0.021875 0.146875 0.04375
0 0.81640625 0.01875 0.1671875 0.0375
0 0.44375 0.98828125 0.1421875 0.0234375