0 0.415625 0.8125 0.1765625 0.15625
0 0.3359375 0.6734375 0.1953125 0.16875
0 0.7734375 0.31875 0.203125 0.16875
0 0.1546875 0.91015625 0.184375 0.1640625
0 0.19140625 0.35546875 0.21875 0.1796875
0 0.4296875 0.2484375 0.1875 0.1453125
0 0.0484375 0.596875 0.096875 0.1875
0 0.6484375 0.7046875 0.1875 0.16875
0 0.5859375 0.56640625 0.203125 0.1484375
0 0.84765625 0.484375 0.2421875 0.21875
0 0.7734375 0.9609375 0.1796875 0.0703125
0 0.5234375 0.4046875 0.21875 0.2
0 0.7171875 0.1484375 0.23125 0.203125
0 0.703125 0.8421875 0.1875 0.121875
0 0.0921875 0.1859375 0.1609375 0.1765625
0 0.34765625 0.1109375 0.1484375 0.153125
0 0.46875 0.946875 0.1796875 0.10625
0 0.0859375 0.734375 0.171875 0.140625
0 0.1932484890625 0.178061215625 0.8734375 0.6390625 0.185968 0.048565000000000004 0.1932484890625 0.178061215625
0 0.1932484890625 0.178061215625 0.121875 0.1296875 0.23809399999999997 0.9757170000000001 0.1932484890625 0.178061215625
0 0.0171875 0.43515625 0.034375 0.1546875
0 0.6046875 0.02890625 0.18125 0.0578125
0 0.5828125 0.02109375 0.1796875 0.0421875
0 0.97421875 0.96171875 0.0515625 0.0765625
0 0.0125 0.43671875 0.025 0.1640625