0 0.9234375 0.3609375 0.1453125 0.2
0 0.8921875 0.84765625 0.184375 0.15625
0 0.103125 0.41796875 0.16875 0.1875
0 0.2984375 0.5296875 0.184375 0.1765625
0 0.859375 0.0859375 0.2109375 0.1640625
0 0.23046875 0.2359375 0.1796875 0.16875
0 0.8109375 0.5609375 0.1609375 0.215625
0 0.415625 0.3359375 0.16875 0.1640625
0 0.259375 0.94921875 0.1984375 0.0859375
0 0.32421875 0.06640625 0.171875 0.1328125
0 0.9609375 0.66015625 0.0625 0.1953125
0 0.6109375 0.4546875 0.2234375 0.1921875
0 0.76171875 0.290625 0.1796875 0.1609375
0 0.5015625 0.6546875 0.1171875 0.1453125
0 0.58203125 0.915625 0.1640625 0.16875
0 0.1859375 0.7265625 0.1484375 0.153125 0.047025 0.126783 0.094012 0.151709 0.1859375 0.7265625
0 0.0296875 0.58984375 0.059375 0.165625
0 0.3765625 0.8203125 0.1296875 0.115625
0 0.071875 0.8859375 0.134375 0.125
0 0.13515625 0.01953125 0.190625 0.0390625
0 0.77265625 0.96953125 0.178125 0.0609375
0 0.64765625 0.0234375 0.1625 0.046875
0 0.6875 0.7484375 0.096875 0.09375
0 0.99140625 0.19921875 0.0171875 0.153125
0 0.64375 0.01640625 0.1578125 0.0328125