0 0.821875 0.634375 0.2390625 0.2234375
0 0.2421875 0.1796875 0.1875 0.1796875
0 0.6109375 0.82421875 0.1921875 0.2109375
0 0.0859375 0.38671875 0.171875 0.2578125
0 0.0859375 0.04296875 0.171875 0.0859375
0 0.8421875 0.4609375 0.1765625 0.1484375
0 0.609375 0.5859375 0.21875 0.21875
0 0.35546875 0.75390625 0.15625 0.1328125
0 0.76171875 0.94921875 0.2421875 0.09375
0 0.928125 0.8296875 0.1375 0.1765625
0 0.1546875 0.928125 0.153125 0.1375
0 0.234375 0.38125 0.1484375 0.1453125
0 0.4671875 0.2359375 0.2 0.16875
0 0.9703125 0.47265625 0.0515625 0.1640625
0 0.9390625 0.96484375 0.1140625 0.0625
0 0.4609375 0.0609375 0.1796875 0.121875
0 0.9703125 0.2171875 0.0515625 0.2
0 0.06640625 0.571875 0.1328125 0.1375
0 0.3375 0.9359375 0.1484375 0.0828125
0 0.1650772328125 0.22953216406250002 0.9640700000000001 0.649137 0.1484375 0.1140625 0.1650772328125 0.22953216406250002
0 0.2515625 0.8296875 0.1650772328125 0.22953216406250002 0.07185899999999999 0.18057700000000002 0.2515625 0.8296875
0 0.2765625 0.0390625 0.19375 0.078125
0 0.01953125 0.21953125 0.0390625 0.1671875
0 0.58515625 0.96015625 0.1328125 0.0796875
0 0.0640625 0.9796875 0.128125 0.040625
0 0.07109375 0.98515625 0.140625 0.0296875