0 0.87890625 0.5796875 0.203125 0.2
0 0.9125 0.1171875 0.16875 0.203125
0 0.7421875 0.75390625 0.2265625 0.2109375
0 0.0921875 0.15625 0.184375 0.1875
0 0.38671875 0.0859375 0.1796875 0.171875
0 0.6796875 0.48046875 0.203125 0.2109375
0 0.1234375 0.9125 0.2 0.16875
0 0.928125 0.87890625 0.1375 0.1796875
0 0.59765625 0.1859375 0.1796875 0.184375
0 0.353125 0.540625 0.2 0.2234375
0 0.4546875 0.35546875 0.215625 0.2109375
0 0.790625 0.290625 0.215625 0.1984375
0 0.54296875 0.6484375 0.1953125 0.1953125
0 0.69140625 0.0546875 0.125 0.109375
0 0.1546875 0.4296875 0.184375 0.203125
0 0.2671875 0.26171875 0.1984375 0.1796875
0 0.2015625 0.046875 0.1453125 0.09375
0 0.22301052187499998 0.17936318906249998 0.94921875 0.4296875 0.20764300000000002 0.075549 0.22301052187499998 0.17936318906249998
0 0.22301052187499998 0.17936318906249998 0.1015625 0.1375 0.338897 0.962226 0.22301052187499998 0.17936318906249998
0 0.0203125 0.328125 0.040625 0.1921875
0 0.97734375 0.7015625 0.0453125 0.1890625
0 0.021875 0.82578125 0.04375 0.175
0 0.015625 0.821875 0.03125 0.16875