0 0.6109375 0.3984375 0.1609375 0.1484375
0 0.26171875 0.1171875 0.15625 0.1484375
0 0.78515625 0.546875 0.1640625 0.140625
0 0.6 0.09765625 0.1328125 0.125
0 0.771875 0.2359375 0.1484375 0.15625
0 0.93359375 0.384375 0.1171875 0.1640625
0 0.9390625 0.69921875 0.121875 0.1328125
0 0.8140625 0.8453125 0.1140625 0.1375
0 0.9453125 0.95078125 0.109375 0.0984375
0 0.640625 0.703125 0.1375 0.125
0 0.44375 0.5625 0.1484375 0.140625
0 0.27734375 0.415625 0.1328125 0.1453125
0 0.12890625 0.57421875 0.15625 0.153125
0 0.12890625 0.86328125 0.1171875 0.121875
0 0.49609375 0.85546875 0.125 0.140625
0 0.44140625 0.265625 0.1484375 0.140625
0 0.1915512109375 0.2766451125 0.0984375 0.1375 0.290625 0.696875 0.1915512109375 0.2766451125
0 0.1915512109375 0.2766451125 0.657037 0.972247 0.13932 0.055102 0.1915512109375 0.2766451125
0 0.91875 0.0796875 0.125 0.134375
0 0.7375 0.0140625 0.15 0.028125
0 0.078125 0.02734375 0.1390625 0.0546875
0 0.02421875 0.72421875 0.0484375 0.134375
0 0.0125 0.4234375 0.025 0.1625
0 0.0171875 0.4203125 0.034375 0.1640625