0 0.3984375 0.82421875 0.2578125 0.25
0 0.7734375 0.17578125 0.2234375 0.171875
0 0.93359375 0.37890625 0.1328125 0.16875
0 0.74375 0.50625 0.1921875 0.16875
0 0.9234375 0.7125 0.153125 0.184375
0 0.571875 0.69375 0.1921875 0.2
0 0.3890625 0.49375 0.2109375 0.1875
0 0.128916340625 0.4284701984375 0.151086 0.9657859999999999 0.197535 0.068427 0.128916340625 0.4284701984375
0 0.128916340625 0.4284701984375 0.121875 0.2578125 0.0609375 0.78515625 0.128916340625 0.4284701984375
0 0.96328125 0.04140625 0.0734375 0.0828125
0 0.88359375 0.97109375 0.1953125 0.0578125