0 0.6546875 0.8984375 0.2390625 0.1953125
0 0.353125 0.3609375 0.23125 0.1921875
0 0.81640625 0.72265625 0.2265625 0.2265625
0 0.134375 0.22265625 0.23125 0.21875
0 0.90234375 0.2109375 0.1875 0.203125
0 0.4859375 0.19375 0.2234375 0.2390625
0 0.4609375 0.81640625 0.1796875 0.1796875
0 0.1859375 0.59765625 0.215625 0.2265625
0 0.665625 0.0375 0.215625 0.075
0 0.7796875 0.3984375 0.1609375 0.171875
0 0.296875 0.0609375 0.21875 0.121875
0 0.9609375 0.8984375 0.0625 0.1640625
0 0.0625 0.79296875 0.125 0.1796875
0 0.9125 0.540625 0.16875 0.153125
0 0.625 0.609375 0.1921875 0.1796875
0 0.053125 0.4515625 0.10625 0.1953125
0 0.27734375 0.94921875 0.215625 0.1015625 0.977309 0.04809 0.045256000000000005 0.095815 0.27734375 0.94921875