0 0.6859375 0.31640625 0.1921875 0.1640625
0 0.25390625 0.51171875 0.1640625 0.1484375
0 0.390625 0.2046875 0.1875 0.1765625
0 0.94921875 0.8921875 0.09375 0.1765625
0 0.359375 0.69921875 0.1875 0.1484375
0 0.94921875 0.3984375 0.09375 0.15625
0 0.859375 0.2109375 0.15625 0.1796875
0 0.5484375 0.134375 0.16875 0.1765625
0 0.4671875 0.87890625 0.16875 0.1640625
0 0.1421875 0.78515625 0.16875 0.1484375
0 0.5484375 0.609375 0.1296875 0.1328125
0 0.46484375 0.40234375 0.1328125 0.1328125
0 0.7734375 0.50625 0.1640625 0.15625
0 0.890625 0.6796875 0.1296875 0.1296875
0 0.69140625 0.79296875 0.1453125 0.121875
0 0.134375 0.33203125 0.1640625 0.171875
0 0.25 0.0546875 0.1296875 0.109375
0 0.76171875 0.0546875 0.1953125 0.109375
0 0.25390625 0.9453125 0.2050536296875 0.1877428828125 0.13203700000000002 0.09036 0.25390625 0.9453125
0 0.2050536296875 0.1877428828125 0.780151 0.9547549999999999 0.2 0.109375 0.2050536296875 0.1877428828125
0 0.021875 0.8984375 0.04375 0.1484375
0 0.05546875 0.14375 0.1109375 0.11875
0 0.44140625 0.0171875 0.1734375 0.0328125
0 0.99140625 0.11484375 0.0171875 0.153125
0 0.0203125 0.44453125 0.040625 0.1671875
0 0.9875 0.11484375 0.025 0.159375
0 0.94453125 0.01875 0.1109375 0.0375
0 0.01328125 0.44609375 0.0265625 0.1734375