0 0.82109375 0.0484375 0.1609375 0.096875
0 0.78515625 0.3421875 0.125 0.1296875
0 0.0796875 0.3296875 0.1375 0.1375
0 0.2796875 0.2015625 0.1375 0.109375
0 0.5140625 0.2359375 0.1328125 0.125
0 0.4203125 0.07421875 0.1453125 0.109375
0 0.66796875 0.1328125 0.1328125 0.1375
0 0.33984375 0.6859375 0.1453125 0.125
0 0.4859375 0.56875 0.1296875 0.125
0 0.646875 0.4546875 0.1296875 0.1171875
0 0.890625 0.49375 0.125 0.10625
0 0.571875 0.7125 0.1375 0.109375
0 0.421875 0.8265625 0.1453125 0.121875
0 0.553125 0.96484375 0.153125 0.0703125
0 0.115625 0.040625 0.15625 0.08125
0 0.1609375 0.15625 0.8734375 0.7953125 0.093133 0.089665 0.9534330000000001 0.955167 0.1609375 0.15625
0 0.7078125 0.90703125 0.1359375 0.1375
0 0.9546875 0.23359375 0.090625 0.109375
0 0.73984375 0.58828125 0.13125 0.1046875
0 0.97734375 0.6921875 0.0453125 0.1296875
0 0.18359375 0.46484375 0.1578125 0.1328125
0 0.56484375 0.0234375 0.1296875 0.046875
0 0.03203125 0.6046875 0.0640625 0.1515625
0 0.01875 0.1203125 0.0375 0.159375
0 0.01328125 0.121875 0.0265625 0.1609375
0 0.009375 0.12421875 0.01875 0.15625
0 0.565625 0.015625 0.1390625 0.03125