0 0.2796875 0.0859375 0.153125 0.140625
0 0.32421875 0.35 0.1375 0.1140625
0 0.55625 0.31640625 0.1140625 0.10625
0 0.53515625 0.06875 0.125 0.10625
0 0.8421875 0.0375 0.1328125 0.075
0 0.8765625 0.2640625 0.1171875 0.1328125
0 0.91015625 0.5375 0.125 0.1140625
0 0.9390625 0.7734375 0.121875 0.1375
0 0.63125 0.80859375 0.1484375 0.1375
0 0.6078125 0.56875 0.153125 0.1328125
0 0.37890625 0.8609375 0.121875 0.1453125
0 0.34375 0.634375 0.153125 0.1484375
0 0.05625 0.66953125 0.1125 0.1296875
0 0.084375 0.92578125 0.1328125 0.1484375
0 0.0453125 0.415625 0.0859375 0.121875
0 0.0375 0.1640625 0.075 0.140625 0.952801 0.9875870000000001 0.093881 0.024826 0.0375 0.1640625
0 0.953125 0.98359375 0.0921875 0.03125