0 0.759375 0.48046875 0.246875 0.2421875
0 0.56875 0.6421875 0.2625 0.2625
0 0.1421875 0.6234375 0.2625 0.246875
0 0.7421875 0.8421875 0.2578125 0.2546875
0 0.384375 0.103125 0.2234375 0.2
0 0.3609375 0.4359375 0.2625 0.246875
0 0.3296875 0.8359375 0.2390625 0.2265625
0 0.1734375 0.2359375 0.2234375 0.2390625
0 0.91015625 0.6734375 0.171875 0.246875
0 0.5921875 0.2796875 0.278125 0.2390625
0 0.12890625 0.953125 0.2078125 0.09375
0 0.51171875 0.953125 0.25 0.09375
0 0.92734375 0.96875 0.1453125 0.0625 0.044465 0.072688 0.08893100000000001 0.145103 0.92734375 0.96875
0 0.0296875 0.42421875 0.059375 0.1921875
0 0.9421875 0.021875 0.115625 0.04375