0 0.4296875 0.73046875 0.2109375 0.1796875
0 0.2171875 0.53515625 0.1921875 0.15625
0 0.6109375 0.915625 0.1765625 0.1609375
0 0.6234375 0.5296875 0.1609375 0.1609375
0 0.2046875 0.1421875 0.2078125 0.1921875
0 0.0484375 0.35234375 0.096875 0.1515625
0 0.06875 0.72265625 0.1375 0.15625
0 0.4140625 0.3375 0.1140625 0.15625
0 0.9046875 0.23046875 0.1453125 0.171875
0 0.6953125 0.05078125 0.140625 0.1015625
0 0.8140625 0.725 0.1375 0.1640625
0 0.0890625 0.1625 0.95546875 0.8953125 0.070823 0.055399 0.035467 0.027699 0.0890625 0.1625