0 0.178125 0.1171875 0.09375 0.1375
0 0.51171875 0.0796875 0.1015625 0.125
0 0.75859375 0.0484375 0.1203125 0.096875
0 0.80859375 0.321875 0.10625 0.140625
0 0.540625 0.3671875 0.1296875 0.1453125
0 0.24375 0.4125 0.1375 0.153125
0 0.265625 0.65234375 0.121875 0.1296875
0 0.584375 0.603125 0.121875 0.1296875
0 0.86875 0.57421875 0.125 0.1484375
0 0.8921875 0.83984375 0.0984375 0.1296875
0 0.65625 0.87890625 0.109375 0.125
0 0.321875 0.9296875 0.1296875 0.121875
0 0.06875 0.95703125 0.109375 0.0859375
0 0.0390625 0.71484375 0.078125 0.1375 0.9717879999999999 0.028138999999999997 0.055742 0.056277999999999995 0.0390625 0.71484375