0 0.8609375 0.0609375 0.1453125 0.121875
0 0.665625 0.165625 0.1375 0.1609375
0 0.50390625 0.303125 0.1296875 0.153125
0 0.80859375 0.3765625 0.1015625 0.1140625
0 0.9515625 0.546875 0.0828125 0.0859375
0 0.7640625 0.65 0.075 0.0828125
0 0.91796875 0.80859375 0.09375 0.0984375
0 0.75 0.9453125 0.1015625 0.109375
0 0.0907873453125 0.13986098125 0.985867 0.247221 0.0703125 0.090625 0.0907873453125 0.13986098125
0 0.40234375 0.8890625 0.0907873453125 0.13986098125 0.028266999999999997 0.132362 0.40234375 0.8890625
0 0.98046875 0.24921875 0.0390625 0.1421875