0 0.5796875 0.37890625 0.2078125 0.1953125
0 0.759375 0.50625 0.184375 0.1765625
0 0.8984375 0.3609375 0.1875 0.215625
0 0.91015625 0.9234375 0.1640625 0.1453125
0 0.8984375 0.6546875 0.1953125 0.1921875
0 0.2421875 0.0921875 0.1953125 0.184375
0 0.38671875 0.2421875 0.1796875 0.171875
0 0.0765625 0.25390625 0.153125 0.1484375
0 0.72265625 0.228125 0.1953125 0.1765625
0 0.86015625 0.0796875 0.1921875 0.159375
0 0.76171875 0.79296875 0.171875 0.1484375
0 0.1640625 0.1484375 0.54296875 0.0875 0.141941 0.049666 0.07097 0.024833 0.1640625 0.1484375
0 0.3875 0.01875 0.184375 0.0375
0 0.975 0.20859375 0.05 0.171875
0 0.9859375 0.51171875 0.028125 0.153125
0 0.99140625 0.51328125 0.0171875 0.153125