0 0.23046875 0.05625 0.1640625 0.1125
0 0.3453125 0.234375 0.1375 0.1375
0 0.5328125 0.14453125 0.1171875 0.140625
0 0.7796875 0.05859375 0.2109375 0.1140625
0 0.8609375 0.2328125 0.1375 0.1296875
0 0.65234375 0.33203125 0.1296875 0.1328125
0 0.7484375 0.4984375 0.1375 0.1375
0 0.96484375 0.4140625 0.0703125 0.1015625
0 0.4515625 0.40625 0.1171875 0.125
0 0.5703125 0.59765625 0.1171875 0.09375
0 0.8453125 0.6890625 0.1375 0.1140625
0 0.6421875 0.7953125 0.1296875 0.1375
0 0.94296875 0.9 0.1140625 0.15625
0 0.8046875 0.96484375 0.1484375 0.0703125
0 0.46875 0.8828125 0.125 0.121875
0 0.353125 0.7171875 0.1171875 0.121875
0 0.240625 0.53125 0.121875 0.10625
0 0.05625 0.6125 0.1125 0.125
0 0.1640625 0.77734375 0.1640625 0.1375
0 0.25 0.9453125 0.1484375 0.109375
0 0.16015625 0.3453125 0.125 0.153125
0 0.090625 0.15625 0.0453125 0.146875 0.016499 0.12635000000000002 0.008262 0.9129619999999999 0.090625 0.15625
0 0.42578125 0.01796875 0.1546875 0.0359375
0 0.0078125 0.43828125 0.015625 0.1265625