0 0.6234375 0.9296875 0.16875 0.1328125
0 0.6 0.7109375 0.2078125 0.2265625
0 0.87890625 0.72265625 0.1875 0.1796875
0 0.296875 0.1421875 0.1875 0.16875
0 0.93359375 0.290625 0.125 0.1828125
0 0.915625 0.47265625 0.1609375 0.15625
0 0.32421875 0.540625 0.1484375 0.1921875
0 0.94453125 0.0484375 0.1015625 0.096875
0 0.928125 0.9609375 0.1375 0.0703125
0 0.05625 0.50859375 0.1125 0.1359375
0 0.08984375 0.25625 0.1796875 0.153125
0 0.603125 0.44921875 0.16875 0.15625
0 0.6734375 0.225 0.1953125 0.171875
0 0.375 0.7640625 0.153125 0.1328125 0.142020909375 0.20656908125 0.375 0.7640625
0 0.142020909375 0.20656908125 0.12450900000000001 0.164665 0.062254 0.7364040000000001 0.142020909375 0.20656908125
0 0.07265625 0.9625 0.1453125 0.075
0 0.36875 0.02578125 0.16875 0.0515625