0 0.6734375 0.7671875 0.2 0.184375
0 0.353125 0.6734375 0.2078125 0.184375
0 0.23515625 0.0484375 0.2078125 0.096875
0 0.3296875 0.2109375 0.1765625 0.171875
0 0.12890625 0.2984375 0.2265625 0.184375
0 0.5546875 0.5859375 0.21875 0.1953125
0 0.85546875 0.2109375 0.1640625 0.1640625
0 0.7796875 0.4671875 0.2 0.184375
0 0.44140625 0.853125 0.1484375 0.153125
0 0.7734375 0.03515625 0.1796875 0.0703125
0 0.2359375 0.47265625 0.1921875 0.1875
0 0.859375 0.6734375 0.1875 0.1609375
0 0.94921875 0.853125 0.09375 0.1375
0 0.65625 0.30078125 0.1796875 0.16875
0 0.55625 0.10546875 0.171875 0.1328125
0 0.4359375 0.36875 0.16875 0.140625
0 0.94140625 0.375 0.1171875 0.140625
0 0.134375 0.7828125 0.2 0.1640625
0 0.23046875 0.946875 0.1875 0.10625
0 0.7421875 0.94921875 0.1328125 0.1015625
0 0.06640625 0.5875 0.1328125 0.1875
0 0.0546875 0.10546875 0.109375 0.1875 0.559164 0.982401 0.170303 0.035135 0.0546875 0.10546875
0 0.01875 0.39140625 0.0375 0.1828125
0 0.9875 0.57265625 0.025 0.1484375
0 0.99140625 0.57421875 0.0171875 0.146875
0 0.559375 0.98671875 0.1765625 0.0265625
0 0.06796875 0.9859375 0.134375 0.028125
0 0.0609375 0.98359375 0.1203125 0.0328125
0 0.0125 0.39375 0.025 0.1734375
0 0.00859375 0.39140625 0.0171875 0.1890625