0 0.85 0.0375 0.1453125 0.075
0 0.946875 0.1484375 0.0984375 0.125
0 0.703125 0.109375 0.1015625 0.1328125
0 0.8046875 0.265625 0.109375 0.10625
0 0.521875 0.2015625 0.109375 0.121875
0 0.65 0.37890625 0.121875 0.1328125
0 0.78125 0.5859375 0.125 0.1171875
0 0.9078125 0.734375 0.1171875 0.10625
0 0.6390625 0.6875 0.10625 0.1140625
0 0.5 0.51171875 0.1328125 0.0828125
0 0.4046875 0.353125 0.1296875 0.10625
0 0.24609375 0.4828125 0.109375 0.10625
0 0.3359375 0.6 0.125 0.10625
0 0.1953125 0.7125 0.121875 0.109375
0 0.071875 0.58984375 0.125 0.1140625
0 0.0546875 0.8375 0.109375 0.1375
0 0.478125 0.82421875 0.1375 0.121875
0 0.7328125 0.859375 0.1375 0.1015625
0 0.57421875 0.9703125 0.1171875 0.059375
0 0.1503608078125 0.12346130625 0.3140625 0.9234375 0.149942 0.045049 0.1503608078125 0.12346130625
0 0.1503608078125 0.12346130625 0.1484375 0.1140625 0.154921 0.977254 0.1503608078125 0.12346130625
0 0.9390625 0.4640625 0.1171875 0.1078125
0 0.98671875 0.63046875 0.0265625 0.125
0 0.98046875 0.6359375 0.0390625 0.1203125
0 0.99140625 0.63046875 0.0171875 0.1234375
0 0.153125 0.984375 0.1515625 0.03125