0 0.790625 0.796875 0.23125 0.203125
0 0.9671875 0.790625 0.059375 0.1921875
0 0.9671875 0.540625 0.059375 0.1453125
0 0.19140625 0.959375 0.1953125 0.075
0 0.4046875 0.415625 0.153125 0.16875
0 0.48046875 0.25390625 0.1640625 0.15625
0 0.71328125 0.94296875 0.1765625 0.1140625
0 0.9625 0.278125 0.0671875 0.178125
0 0.7953125 0.271875 0.1796875 0.171875
0 0.765625 0.5796875 0.1765625 0.1453125
0 0.165625 0.521875 0.1296875 0.1140625
0 0.1625 0.7046875 0.1453125 0.1609375
0 0.4515625 0.7109375 0.1953125 0.1875
0 0.26150481718749996 0.068513984375 0.48828125 0.0390625 0.244153 0.036395 0.26150481718749996 0.068513984375
0 0.26150481718749996 0.068513984375 0.1875 0.078125 0.754896 0.981803 0.26150481718749996 0.068513984375
0 0.48515625 0.484375 0.1625 0.1453125
0 0.95078125 0.9484375 0.0984375 0.103125
0 0.4546875 0.971875 0.1484375 0.05625
0 0.7625 0.9859375 0.21875 0.028125