0 0.56640625 0.7421875 0.15625 0.140625
0 0.78515625 0.6109375 0.171875 0.1453125
0 0.2828125 0.4078125 0.1171875 0.1015625
0 0.4296875 0.5625 0.1296875 0.125
0 0.4 0.87890625 0.125 0.1328125
0 0.225 0.9703125 0.121875 0.059375
0 0.06875 0.84375 0.1328125 0.1796875
0 0.12890625 0.5390625 0.1453125 0.171875
0 0.6234375 0.478125 0.121875 0.16875
0 0.484375 0.2734375 0.1453125 0.1640625
0 0.6796875 0.13125 0.16875 0.1296875
0 0.88203125 0.0484375 0.1359375 0.096875
0 0.5484375 0.04296875 0.16875 0.0859375
0 0.35 0.1234375 0.140625 0.153125
0 0.1625 0.22265625 0.1375 0.1484375
0 0.083096415625 0.1417109 0.1140625 0.2 0.966435 0.9363300000000001 0.083096415625 0.1417109
0 0.21484375 0.0171875 0.1625 0.034375
0 0.80703125 0.3296875 0.1453125 0.1265625
0 0.02734375 0.3796875 0.0546875 0.1453125
0 0.97109375 0.23359375 0.0578125 0.1546875
0 0.0078125 0.65546875 0.015625 0.1421875