0 0.5484375 0.3359375 0.2078125 0.1953125
0 0.19140625 0.0859375 0.1953125 0.171875
0 0.56640625 0.69140625 0.1953125 0.1796875
0 0.3921875 0.2171875 0.2 0.1921875
0 0.88671875 0.28515625 0.2109375 0.1953125
0 0.69921875 0.1421875 0.2109375 0.2
0 0.7109375 0.5171875 0.203125 0.2
0 0.22265625 0.4234375 0.2109375 0.2078125
0 0.196875 0.7734375 0.1765625 0.1796875
0 0.7359375 0.81875 0.184375 0.16875
0 0.94375 0.109375 0.10625 0.1796875
0 0.3984375 0.9078125 0.234375 0.1765625
0 0.890625 0.5859375 0.15625 0.1640625
0 0.09765625 0.9359375 0.1953125 0.121875
0 0.51171875 0.0546875 0.1953125 0.109375
0 0.3734375 0.5453125 0.16875 0.171875
0 0.0703125 0.646875 0.121875 0.1921875
0 0.0484375 0.30078125 0.096875 0.2109375
0 0.89921875 0.95078125 0.1984375 0.0984375
0 0.0828125 0.2 0.95859375 0.753125 0.10136400000000001 0.04774 0.050737 0.023896 0.0828125 0.2
0 0.5796875 0.97578125 0.1796875 0.0484375
0 0.82890625 0.02421875 0.1828125 0.0484375
0 0.9875 0.41796875 0.025 0.178125
0 0.9921875 0.41875 0.015625 0.175
0 0.0125 0.8515625 0.025 0.203125