0 0.1796875 0.4984375 0.125 0.1296875
0 0.4453125 0.1859375 0.1375 0.140625
0 0.7125 0.13671875 0.1484375 0.1484375
0 0.74609375 0.3890625 0.1765625 0.15625
0 0.49375 0.46875 0.1765625 0.1796875
0 0.47265625 0.725 0.1015625 0.1140625
0 0.8203125 0.9296875 0.1921875 0.140625
0 0.2203125 0.75 0.1875 0.1953125
0 0.146875 0.25625 0.1375 0.153125
0 0.14375 0.0625 0.071875 0.03125 0.146173 0.080435 0.55104 0.9595309999999999 0.14375 0.0625
0 0.02265625 0.825 0.0453125 0.15
0 0.01484375 0.81953125 0.0296875 0.15
0 0.8453125 0.68828125 0.190625 0.1734375