0 0.3609375 0.4984375 0.1921875 0.16875
0 0.0765625 0.06640625 0.153125 0.1328125
0 0.9203125 0.50390625 0.153125 0.1640625
0 0.07421875 0.2796875 0.1484375 0.215625
0 0.62890625 0.7796875 0.1953125 0.1921875
0 0.928125 0.3109375 0.1375 0.153125
0 0.6109375 0.9671875 0.184375 0.059375
0 0.8984375 0.9671875 0.1953125 0.059375
0 0.9140625 0.77734375 0.1640625 0.1875
0 0.30625 0.98046875 0.1796875 0.0359375
0 0.634375 0.4984375 0.184375 0.184375
0 0.66484375 0.05625 0.2078125 0.1125
0 0.6421875 0.2796875 0.184375 0.1765625
0 0.38125 0.259375 0.1921875 0.1796875
0 0.4 0.071875 0.215625 0.125
0 0.0625 0.48828125 0.125 0.16875
0 0.321875 0.7515625 0.1765625 0.1484375
0 0.109375 0.128125 0.9453125 0.0640625 0.069832 0.072962 0.034952 0.963275 0.109375 0.128125