0 0.44921875 0.81640625 0.375 0.84375 0.34765625 0.8828125 0.33984375 0.94140625 0.36328125 0.9921875 0.52734375 0.9921875 0.51953125 0.9765625 0.5390625 0.94140625 0.5078125 0.87890625 0.44921875 0.81640625
0 0.1328125 0.625 0.12890625 0.671875 0.2109375 0.78125 0.296875 0.76953125 0.3828125 0.640625 0.35546875 0.578125 0.2265625 0.55078125 0.15234375 0.58203125 0.1328125 0.625
0 0.99609375 0.99609375 0.99609375 0.859375 0.98046875 0.86328125 0.9609375 0.83984375 0.85546875 0.859375 0.828125 0.91796875 0.828125 0.99609375 0.99609375 0.99609375
0 0.363859953125 0.697482640625 0.371672453125 0.756076390625 0.41854745312499997 0.8029513906249999 0.531828703125 0.8107638906249999 0.531828703125 0.787326390625 0.570891203125 0.748263890625 0.546875 0.5873842578125 0.4109387625 0.5950976671875 0.363859953125 0.697482640625
0 0.8505341140624999 0.6741532421875001 0.85574320625 0.787070546875 0.8869984921875 0.846135121875 0.9943576437500001 0.8517795125 0.991181825 0.606402875 0.8661616375 0.6307235546875 0.8505341140624999 0.6741532421875001
0 0.6907859921874999 0.606402875 0.8019150968750001 0.61682603125 0.864425190625 0.5490756593749999 0.8922073515625 0.4986971203125 0.75503253125 0.35972195625 0.65060764375 0.4220920125 0.6317487890625 0.552550028125 0.6907859921874999 0.606402875
0 0.8835253671875 0.462216221875 0.86789784375 0.5699219765625 0.9790269484375 0.6411466531250001 0.9984375 0.6411466531250001 0.9943576437500001 0.3986545125 0.8835253671875 0.462216221875
0 0.52560764375 0.3498263875 0.426854421875 0.42747238750000005 0.38170829687499996 0.5108574609375001 0.46158235937500003 0.5820821953124999 0.5379836484375 0.5855566796875 0.6057028359375 0.5403897468750001 0.612648375 0.48479959843750003 0.5866024249999999 0.38230545312499997 0.52560764375 0.3498263875
0 0.178550496875 0.45526737031250003 0.208069096875 0.528229346875 0.3174617625 0.5247549796875 0.3869175109375 0.49174839062500003 0.41469978906250005 0.43268393281249995 0.28146701875 0.3263888875 0.208069096875 0.35103604375 0.178550496875 0.45526737031250003
0 0 0.538652503125 0.1247223875 0.5369153203125 0.171605078125 0.3840426953125 0.0830489140625 0.312817840625 0 0.3009982625 0 0.538652503125
0 0 0.24609375 0.09765625 0.25390625 0.1796875 0.17578125 0.14555912499999998 0.050502278125 0.0078125 0.015625 0 0.24609375
0 0.23046875 0.0859375 0.2265625 0.1484375 0.27734375 0.22265625 0.39453125 0.21484375 0.4320636359375 0.1721054921875 0.4320636359375 0.0782972609375 0.3671875 0.00390625 0.3125 0.015625 0.23046875 0.0859375
0 0.485891746875 0.1234642859375 0.43553640624999995 0.20511208593750002 0.48828125 0.29296875 0.53125 0.3125 0.578125 0.30859375 0.6484375 0.23828125 0.6484375 0.09765625 0.54666539375 0.0730857109375 0.485891746875 0.1234642859375
0 0.671875 0.21484375 0.68359375 0.3125 0.765625 0.3515625 0.84375 0.328125 0.88671875 0.2734375 0.859375 0.12890625 0.83203125 0.1015625 0.734375 0.12890625 0.671875 0.21484375
0 0.9140625 0.40625 0.99609375 0.39453125 0.99609375 0.16015625 0.96875 0.16015625 0.91015625 0.2578125 0.9140625 0.40625
0 0.71875 0 0.7109375 0.04296875 0.734375 0.0703125 0.8046875 0.08984375 0.8984375 0.06640625 0.91796875 0.00390625 0.71875 0
0 0.71875 0 0.24114200000000002 0.23920599999999997 0.258298 0.662876 0.71875 0
0 0.440625 0.90859375 0.2171875 0.1828125
0 0.47890625 0.68984375 0.2015625 0.2390625
0 0.08984375 0.1359375 0.1796875 0.246875
0 0.7515625 0.496875 0.253125 0.253125
0 0.915625 0.91796875 0.16875 0.1640625
0 0.92421875 0.728125 0.1515625 0.240625
0 0.3328125 0.11953125 0.209375 0.23125
0 0.49921875 0.4703125 0.2296875 0.2484375
0 0.28515625 0.43046875 0.23125 0.215625
0 0.08359375 0.41953125 0.1671875 0.2328125
0 0.54375 0.19609375 0.2234375 0.2375
0 0.790625 0.22421875 0.2390625 0.2390625
0 0.81484375 0.04453125 0.21875 0.0890625
0 0.93984375 0.52109375 0.1203125 0.23125
0 0.57109375 0.0296875 0.228125 0.059375
0 0.959375 0.27265625 0.08125 0.2375
0 0.96953125 0.05 0.0609375 0.1