0 0.1546875 0.7734375 0.1921875 0.1796875
0 0.77890625 0.05625 0.1921875 0.1125
0 0.540625 0.109375 0.1765625 0.15625
0 0.0625 0.59765625 0.125 0.171875
0 0.93359375 0.12890625 0.125 0.171875
0 0.3375 0.21484375 0.1453125 0.1296875
0 0.45703125 0.4 0.125 0.1171875
0 0.796875 0.35 0.1453125 0.1375
0 0.61328125 0.5796875 0.1328125 0.1484375
0 0.1328125 0.30078125 0.153125 0.153125
0 0.0609375 0.115625 0.121875 0.1453125
0 0.1953125 0.10625 0.24609375 0.053125 0.102908 0.126442 0.253766 0.475507 0.1953125 0.10625
0 0.01875 0.884375 0.0375 0.1796875
0 0.01328125 0.8921875 0.0265625 0.1625