0 0.1796875 0.5546875 0.1484375 0.140625
0 0.6796875 0.0859375 0.140625 0.1328125
0 0.790625 0.75625 0.1453125 0.1375
0 0.36875 0.03515625 0.1453125 0.0703125
0 0.478125 0.19375 0.15625 0.1375
0 0.7796875 0.2734375 0.121875 0.125
0 0.9625 0.16796875 0.075 0.1375
0 0.8765625 0.0328125 0.109375 0.065625
0 0.8984375 0.45703125 0.140625 0.1328125
0 0.9625 0.665625 0.075 0.109375
0 0.59375 0.375 0.1296875 0.125
0 0.384375 0.46875 0.1296875 0.1296875
0 0.5015625 0.6546875 0.140625 0.1375
0 0.6234375 0.83984375 0.1375 0.1375
0 0.9078125 0.9296875 0.171875 0.140625
0 0.3921875 0.9390625 0.16875 0.121875
0 0.2828125 0.76171875 0.125 0.121875
0 0.084375 0.85546875 0.1375 0.1171875
0 0.6953125 0.5546875 0.1375 0.1453125
0 0.28125 0.2875 0.1375 0.1171875
0 0.0953125 0.375 0.1640625 0.1609375
0 0.1752533390625 0.09840074062500001 0.1453125 0.140625 0.699797 0.982795 0.1752533390625 0.09840074062500001
0 0.18984375 0.98125 0.1484375 0.0375
0 0.021875 0.19765625 0.04375 0.1359375
0 0.70078125 0.98671875 0.1359375 0.0265625
0 0.01328125 0.2 0.0265625 0.1328125
0 0.01796875 0.67109375 0.0359375 0.11875
0 0.19296875 0.9859375 0.15 0.028125
0 0.0125 0.66796875 0.025 0.1234375