0 0.5484375 0.171875 0.215625 0.203125
0 0.696875 0.3296875 0.2 0.215625
0 0.2734375 0.884375 0.1796875 0.184375
0 0.509375 0.4671875 0.2234375 0.2
0 0.134375 0.7109375 0.23125 0.1796875
0 0.3671875 0.296875 0.2109375 0.203125
0 0.9609375 0.384375 0.0703125 0.1609375
0 0.5859375 0.9296875 0.140625 0.125
0 0.6421875 0.63671875 0.1609375 0.1875
0 0.94140625 0.6625 0.109375 0.16875
0 0.234375 0.13671875 0.140625 0.140625
0 0.428125 0.04296875 0.1375 0.0859375
0 0.76953125 0.05859375 0.1140625 0.0984375
0 0.8921875 0.2203125 0.121875 0.121875
0 0.78125 0.803125 0.1375 0.15625
0 0.096431909375 0.2457185890625 0.177941 0.420424 0.117005 0.148584 0.096431909375 0.2457185890625
0 0.096431909375 0.2457185890625 0.065625 0.1796875 0.0328125 0.54609375 0.096431909375 0.2457185890625
0 0.9203125 0.9640625 0.128125 0.071875
0 0.41328125 0.9921875 0.1578125 0.015625
0 0.9875 0.86171875 0.025 0.15