0 0.7671875 0.1734375 0.2 0.2
0 0.2734375 0.1484375 0.1796875 0.171875
0 0.47265625 0.0859375 0.203125 0.171875
0 0.578125 0.2421875 0.1875 0.171875
0 0.9046875 0.8359375 0.16875 0.140625
0 0.884375 0.3421875 0.1921875 0.184375
0 0.48046875 0.53515625 0.1953125 0.1640625
0 0.5859375 0.72265625 0.15625 0.1484375
0 0.2875 0.640625 0.1765625 0.15625
0 0.37109375 0.353125 0.1875 0.16875
0 0.6875 0.459375 0.15625 0.1484375
0 0.7953125 0.6421875 0.140625 0.1296875
0 0.071875 0.23828125 0.14375 0.1484375
0 0.16015625 0.4375 0.140625 0.1453125
0 0.384375 0.8375 0.1796875 0.140625
0 0.6953125 0.928125 0.184375 0.1375
0 0.1703125 0.92578125 0.1875 0.1375
0 0.078125 0.7484375 0.15625 0.1609375 0.029154000000000003 0.085339 0.058308000000000006 0.170678 0.078125 0.7484375
0 0.96484375 0.5515625 0.0703125 0.134375
0 0.15859375 0.0296875 0.20625 0.059375
0 0.67265625 0.03203125 0.18125 0.0640625
0 0.475 0.96875 0.1625 0.0609375
0 0.0390625 0.95859375 0.0765625 0.0828125
0 0.95546875 0.965625 0.0890625 0.06875
0 0.028125 0.540625 0.05625 0.1625