0 0.1796875 0.446875 0.171875 0.1453125
0 0.4140625 0.40234375 0.1375 0.1453125
0 0.3984375 0.140625 0.1328125 0.1375
0 0.6796875 0.084375 0.109375 0.1328125
0 0.928125 0.0453125 0.121875 0.090625
0 0.96484375 0.3296875 0.0703125 0.078125
0 0.734375 0.3609375 0.140625 0.0984375
0 0.765625 0.60546875 0.1375 0.1171875
0 0.8375 0.86875 0.1765625 0.1375
0 0.478125 0.65 0.1640625 0.1375
0 0.52734375 0.9203125 0.1484375 0.1140625
0 0.24375 0.9453125 0.1015625 0.10625
0 0.19140625 0.703125 0.109375 0.109375
0 0.109375 0.1140625 0.1 0.1546875 0.041495 0.14479 0.979237 0.581086 0.109375 0.1140625
0 0.98984375 0.58671875 0.0203125 0.13125