0 0.2421875 0.3421875 0.1875 0.184375
0 0.86015625 0.071875 0.1765625 0.14375
0 0.665625 0.1546875 0.16875 0.1609375
0 0.12890625 0.1484375 0.1640625 0.1484375
0 0.35 0.06875 0.2 0.1375
0 0.32421875 0.4921875 0.1484375 0.1484375
0 0.44140625 0.2359375 0.1640625 0.184375
0 0.1546875 0.603125 0.16875 0.1765625
0 0.56875 0.4234375 0.1765625 0.1921875
0 0.7578125 0.334375 0.203125 0.171875
0 0.0640625 0.4359375 0.1140625 0.1796875
0 0.55859375 0.03125 0.184375 0.0625 0.1666855171875 0.13236623281249998 0.55859375 0.03125
0 0.1666855171875 0.13236623281249998 0.041106 0.164767 0.020553 0.70953 0.1666855171875 0.13236623281249998
0 0.3765625 0.978125 0.1390625 0.0421875
0 0.06171875 0.0171875 0.1234375 0.034375
0 0.01328125 0.71015625 0.0265625 0.1671875
0 0.3734375 0.984375 0.1453125 0.03125