0 0.1546875 0.10546875 0.184375 0.1640625
0 0.38671875 0.0484375 0.1484375 0.096875
0 0.484375 0.66015625 0.171875 0.1640625
0 0.1796875 0.5796875 0.1796875 0.1375
0 0.2796875 0.3109375 0.1453125 0.1453125
0 0.0859375 0.8671875 0.1640625 0.15625
0 0.06875 0.38671875 0.1375 0.15625
0 0.37890625 0.47265625 0.1796875 0.15625
0 0.66015625 0.1109375 0.1796875 0.1609375
0 0.4671875 0.19375 0.1375 0.121875
0 0.59375 0.39453125 0.1328125 0.153125
0 0.79296875 0.2796875 0.140625 0.153125
0 0.89609375 0.040625 0.1609375 0.08125
0 0.9046875 0.46875 0.153125 0.1453125
0 0.7109375 0.5796875 0.1765625 0.1484375
0 0.9625 0.65625 0.075 0.140625
0 0.8125 0.76953125 0.1609375 0.140625
0 0.91171875 0.93515625 0.1765625 0.1296875
0 0.2828125 0.75625 0.1609375 0.140625
0 0.193576734375 0.1392011734375 0.965615 0.183091 0.1875 0.109375 0.193576734375 0.1392011734375
0 0.3578125 0.9453125 0.193576734375 0.1392011734375 0.06877 0.132106 0.3578125 0.9453125
0 0.5796875 0.85234375 0.1203125 0.1078125
0 0.02109375 0.20703125 0.0421875 0.153125
0 0.025 0.68515625 0.05 0.159375
0 0.71015625 0.98125 0.146875 0.0359375
0 0.1765625 0.98203125 0.171875 0.0359375
0 0.17578125 0.98671875 0.171875 0.0265625
0 0.7109375 0.9859375 0.1515625 0.028125
0 0.01484375 0.6859375 0.0296875 0.15