0 0.2171875 0.8109375 0.2 0.1765625
0 0.5296875 0.44921875 0.23125 0.1953125
0 0.9234375 0.69921875 0.1375 0.1796875
0 0.103125 0.6421875 0.16875 0.1765625
0 0.6109375 0.1484375 0.1765625 0.1640625
0 0.1171875 0.1546875 0.171875 0.1609375
0 0.7421875 0.359375 0.203125 0.1796875
0 0.53515625 0.8921875 0.171875 0.1296875
0 0.796875 0.05078125 0.1796875 0.1015625
0 0.2171875 0.34765625 0.184375 0.15625
0 0.296875 0.5484375 0.125 0.1375
0 0.3984375 0.2359375 0.15625 0.1296875
0 0.9609375 0.415625 0.0703125 0.1921875
0 0.2875 0.0921875 0.2078125 0.1765625
0 0.834375 0.54296875 0.184375 0.171875
0 0.91171875 0.23515625 0.1765625 0.1984375
0 0.6171875 0.6171875 0.23125 0.203125
0 0.69921875 0.80859375 0.215625 0.184375
0 0.8296875 0.94921875 0.2390625 0.09375
0 0.4078125 0.725 0.1921875 0.1765625
0 0.32421875 0.9546875 0.246875 0.0859375
0 0.05859375 0.91015625 0.1171875 0.15625
0 0.04296875 0.446875 0.0859375 0.2265625
0 0.96875 0.89453125 0.0625 0.171875
0 0.1371543 0.050678259375 0.042956 0.02633 0.085756 0.052537 0.1371543 0.050678259375
0 0.1371543 0.050678259375 0.23125 0.075 0.5015625 0.0375 0.1371543 0.050678259375
0 0.953125 0.0296875 0.09375 0.059375