0 0.2796875 0.0921875 0.1453125 0.1375
0 0.3359375 0.3421875 0.140625 0.1296875
0 0.8984375 0.046875 0.1796875 0.09375
0 0.63671875 0.3140625 0.16875 0.1453125
0 0.5765625 0.053125 0.1140625 0.10625
0 0.90625 0.25625 0.1875 0.16875
0 0.92734375 0.52265625 0.1453125 0.1359375
0 0.9546875 0.765625 0.090625 0.1453125
0 0.671875 0.5390625 0.1609375 0.16875
0 0.7015625 0.803125 0.2 0.184375
0 0.41015625 0.8828125 0.2 0.2
0 0.36328125 0.6078125 0.1609375 0.1609375
0 0.0921875 0.6328125 0.1765625 0.1453125
0 0.10546875 0.91796875 0.1796875 0.1609375
0 0.04296875 0.3890625 0.0859375 0.121875
0 0.040625 0.1359375 0.08125 0.1375