0 0.1859375 0.31640625 0.1609375 0.15625
0 0.0375 0.478125 0.075 0.1609375
0 0.6171875 0.6796875 0.1640625 0.1328125
0 0.41015625 0.1171875 0.1953125 0.171875
0 0.17890625 0.025 0.1484375 0.05
0 0.5921875 0.2984375 0.153125 0.153125
0 0.37890625 0.4921875 0.1484375 0.140625
0 0.7734375 0.103125 0.1484375 0.1375
0 0.1797166046875 0.1924907234375 0.140625 0.153125 0.396875 0.83984375 0.1797166046875 0.1924907234375
0 0.1797166046875 0.1924907234375 0.8113149999999999 0.8285180000000001 0.170914 0.16625 0.1797166046875 0.1924907234375
0 0.61953125 0.97734375 0.18125 0.0453125
0 0.1796875 0.9671875 0.1546875 0.065625
0 0.0234375 0.15625 0.046875 0.16875
0 0.02734375 0.85625 0.0546875 0.14375
0 0.57265625 0.0140625 0.1671875 0.028125
0 0.97109375 0.29609375 0.0578125 0.1390625
0 0.96640625 0.96640625 0.0671875 0.0671875
0 0.01484375 0.153125 0.0296875 0.175
0 0.571875 0.009375 0.175 0.01875
0 0.98515625 0.659375 0.0296875 0.1484375
0 0.1796875 0.98125 0.159375 0.0375