0 0.5609375 0.12890625 0.1765625 0.1640625
0 0.7484375 0.328125 0.1921875 0.1875
0 0.946875 0.8609375 0.0984375 0.1609375
0 0.7734375 0.6859375 0.140625 0.153125
0 0.19140625 0.9046875 0.15625 0.1453125
0 0.928125 0.1171875 0.1375 0.1640625
0 0.9546875 0.4921875 0.0828125 0.140625
0 0.134375 0.16015625 0.1765625 0.1484375
0 0.359375 0.7109375 0.15625 0.140625
0 0.5921875 0.87890625 0.1609375 0.1484375
0 0.3421875 0.0296875 0.1609375 0.059375
0 0.35546875 0.33984375 0.1796875 0.16875
0 0.1534321171875 0.12159635937499999 0.741428 0.024537 0.15885100000000002 0.048999 0.1534321171875 0.12159635937499999
0 0.1534321171875 0.12159635937499999 0.1328125 0.125 0.1234375 0.5234375 0.1534321171875 0.12159635937499999
0 0.015625 0.3609375 0.03125 0.1328125
0 0.01171875 0.36328125 0.0234375 0.1390625
0 0.009375 0.3640625 0.01875 0.1359375
0 0.01640625 0.7296875 0.0328125 0.140625