0 0.29296875 0.24375 0.1375 0.1453125
0 0.690625 0.0484375 0.121875 0.096875
0 0.1625 0.04296875 0.121875 0.0859375
0 0.0640625 0.321875 0.125 0.140625
0 0.58984375 0.3046875 0.1171875 0.121875
0 0.97421875 0.140625 0.0515625 0.109375
0 0.17578125 0.51953125 0.121875 0.1296875
0 0.2671875 0.6953125 0.09375 0.0984375
0 0.0859375 0.78515625 0.1296875 0.121875
0 0.48046875 0.59765625 0.109375 0.0984375
0 0.70703125 0.509375 0.10625 0.0984375
0 0.8046875 0.69375 0.1140625 0.125
0 0.9625 0.5875 0.075 0.1328125
0 0.59765625 0.7875 0.121875 0.140625
0 0.4078125 0.88125 0.1296875 0.1375
0 0.11820184375000001 0.12461613906249999 0.798267 0.219244 0.1140625 0.0828125 0.11820184375000001 0.12461613906249999
0 0.20078125 0.95859375 0.11820184375000001 0.12461613906249999 0.112049 0.12376000000000001 0.20078125 0.95859375
0 0.9140625 0.871875 0.1296875 0.125
0 0.03984375 0.6015625 0.0796875 0.134375