0 0.0625 0.7796875 0.125 0.184375
0 0.06640625 0.4046875 0.1328125 0.184375
0 0.421875 0.41015625 0.21875 0.2109375
0 0.22265625 0.60546875 0.2109375 0.1953125
0 0.0609375 0.0609375 0.121875 0.121875
0 0.82421875 0.41796875 0.2109375 0.1875
0 0.63671875 0.946875 0.1953125 0.0984375
0 0.9671875 0.2171875 0.059375 0.1921875
0 0.234375 0.946875 0.203125 0.0984375
0 0.4359375 0.0609375 0.16875 0.121875
0 0.4 0.7828125 0.2390625 0.203125
0 0.94921875 0.609375 0.1015625 0.1953125
0 0.228125 0.228125 0.2109375 0.1953125
0 0.93125 0.946875 0.1375 0.10625