0 0.259375 0.08203125 0.23125 0.1640625
0 0.0796875 0.17265625 0.159375 0.1359375
0 0.853125 0.2484375 0.16875 0.16875
0 0.16015625 0.353125 0.2265625 0.2078125
0 0.953125 0.4234375 0.0859375 0.16875
0 0.94921875 0.91015625 0.09375 0.171875
0 0.359375 0.26171875 0.203125 0.1796875
0 0.57421875 0.13671875 0.1875 0.1953125
0 0.4859375 0.4234375 0.2 0.16875
0 0.68359375 0.34765625 0.184375 0.2
0 0.7734375 0.0859375 0.2 0.171875
0 0.7875 0.55078125 0.2078125 0.2109375
0 0.57421875 0.65234375 0.1765625 0.1765625
0 0.8921875 0.7484375 0.1921875 0.1796875
0 0.68359375 0.8375 0.2078125 0.184375
0 0.3828125 0.74609375 0.1765625 0.153125
0 0.47265625 0.92578125 0.1875 0.1484375
0 0.26953125 0.55625 0.2234375 0.1875
0 0.47154309375 0.047432565625 0.184375 0.09375 0.935655 0.030113 0.47154309375 0.047432565625
0 0.0328125 0.925 0.065625 0.15
0 0.78125 0.97890625 0.1640625 0.0421875
0 0.040625 0.04453125 0.0796875 0.0890625
0 0.04140625 0.04375 0.0828125 0.0875
0 0.78046875 0.9859375 0.165625 0.028125