0 0.73046875 0.7046875 0.1875 0.1609375
0 0.51171875 0.8671875 0.15625 0.1484375
0 0.9234375 0.88125 0.1375 0.1453125
0 0.3109375 0.7109375 0.1609375 0.1484375
0 0.9234375 0.12890625 0.1453125 0.1484375
0 0.6890625 0.328125 0.1375 0.140625
0 0.4828125 0.1640625 0.1375 0.1375
0 0.20413439375000003 0.09279486406250001 0.32002 0.015047 0.156005 0.030008 0.20413439375000003 0.09279486406250001
0 0.20413439375000003 0.09279486406250001 0.1375 0.1375 0.53125 0.51953125 0.20413439375000003 0.09279486406250001
0 0.10546875 0.1578125 0.14375 0.1421875
0 0.73203125 0.9828125 0.1453125 0.034375
0 0.7375 0.9875 0.1546875 0.025