0 0.321875 0.1484375 0.1765625 0.1640625
0 0.5375 0.07421875 0.16875 0.1484375
0 0.6421875 0.2421875 0.1921875 0.171875
0 0.946875 0.3359375 0.0984375 0.140625
0 0.5484375 0.53515625 0.1765625 0.15625
0 0.228125 0.44140625 0.16875 0.1484375
0 0.853125 0.134375 0.1765625 0.16875
0 0.44140625 0.7984375 0.1796875 0.1765625
0 0.84765625 0.6234375 0.1796875 0.1765625
0 0.6625 0.7046875 0.16875 0.153125
0 0.10546875 0.2671875 0.15625 0.1515625
0 0.4390625 0.34375 0.1640625 0.15625
0 0.7578125 0.4453125 0.1609375 0.1484375
0 0.3421875 0.63671875 0.1640625 0.1375
0 0.1265625 0.7203125 0.1875 0.140625
0 0.053125 0.5296875 0.10625 0.16875
0 0.7640625 0.8921875 0.1375 0.1484375
0 0.946875 0.8125 0.09375 0.16875
0 0.55859375 0.9609375 0.16875 0.078125
0 0.2421875 0.91015625 0.1484375 0.125
0 0.053125 0.078125 0.10625 0.153125 0.22585700000000003 0.025106 0.176043 0.05021 0.053125 0.078125
0 0.05859375 0.96015625 0.1171875 0.0796875
0 0.97890625 0.06015625 0.0421875 0.1203125
0 0.984375 0.059375 0.03125 0.1171875
0 0.00859375 0.36328125 0.0171875 0.15