0 0.953125 0.69140625 0.0859375 0.1328125
0 0.12890625 0.3359375 0.1484375 0.15625
0 0.51953125 0.50625 0.1640625 0.1640625
0 0.63125 0.3203125 0.15625 0.1453125
0 0.7109375 0.12109375 0.1484375 0.140625
0 0.125 0.8109375 0.1453125 0.153125
0 0.3296875 0.8890625 0.1875 0.1765625
0 0.67578125 0.8046875 0.171875 0.140625
0 0.1857978375 0.134265990625 0.9468289999999999 0.207755 0.1765625 0.1140625 0.1857978375 0.134265990625
0 0.55546875 0.94296875 0.1857978375 0.134265990625 0.10562400000000001 0.126524 0.55546875 0.94296875
0 0.05078125 0.96171875 0.1015625 0.0765625
0 0.78359375 0.98046875 0.165625 0.0390625
0 0.78203125 0.9859375 0.1765625 0.028125
0 0.75390625 0.6015625 0.1125 0.090625