0 0.78515625 0.5296875 0.2109375 0.1609375
0 0.76171875 0.8046875 0.21875 0.1796875
0 0.96875 0.9296875 0.0625 0.140625
0 0.9671875 0.7109375 0.059375 0.1796875
0 0.478125 0.4984375 0.1921875 0.2
0 0.4546875 0.7671875 0.184375 0.184375
0 0.4296875 0.9390625 0.1796875 0.121875
0 0.97421875 0.4875 0.0515625 0.184375
0 0.38265428749999997 0.4082842203125 0.9846920000000001 0.792059 0.16796875 0.08828125 0.38265428749999997 0.4082842203125
0 0.74765625 0.95234375 0.38265428749999997 0.4082842203125 0.030615999999999997 0.183874 0.74765625 0.95234375
0 0.98046875 0.78359375 0.0390625 0.1828125