0 0.13125 0.11875 0.15625 0.1453125
0 0.1625 0.3578125 0.1375 0.1328125
0 0.2171875 0.6234375 0.09375 0.1140625
0 0.4703125 0.321875 0.1375 0.121875
0 0.703125 0.25 0.1328125 0.109375
0 0.7734375 0.521875 0.1296875 0.1296875
0 0.53515625 0.60546875 0.1453125 0.1375
0 0.41171875 0.040625 0.0984375 0.08125 0.198139275 0.09996884375000001 0.41171875 0.040625
0 0.198139275 0.09996884375000001 0.063881 0.137273 0.968059 0.24452 0.198139275 0.09996884375000001
0 0.984375 0.50390625 0.03125 0.1125
0 0.97890625 0.50703125 0.0421875 0.1203125