0 0.321875 0.6734375 0.184375 0.1609375
0 0.82421875 0.6734375 0.1640625 0.153125
0 0.4046875 0.384375 0.1765625 0.1453125
0 0.634375 0.7671875 0.1921875 0.16875
0 0.6109375 0.2984375 0.1296875 0.1375
0 0.4046875 0.853125 0.1765625 0.1375
0 0.5234375 0.56640625 0.1875 0.1640625
0 0.5078125 0.09765625 0.1640625 0.1296875
0 0.7046875 0.040625 0.15625 0.08125
0 0.81640625 0.1875 0.1328125 0.1140625
0 0.91796875 0.38125 0.1484375 0.15625
0 0.72265625 0.4765625 0.15625 0.1375
0 0.33203125 0.19140625 0.1609375 0.1453125
0 0.1078125 0.2796875 0.184375 0.1375
0 0.2046875 0.46484375 0.16875 0.1640625
0 0.040625 0.08671875 0.08125 0.1640625
0 0.1078125 0.7359375 0.1796875 0.1609375
0 0.20703125 0.9296875 0.203125 0.140625
0 0.7328125 0.93359375 0.1875 0.1328125
0 0.93515625 0.83359375 0.1296875 0.1359375
0 0.05625 0.5609375 0.1125 0.15625
0 0.978125 0.0953125 0.04375 0.140625
0 0.203125 0.0453125 0.1875 0.090625
0 0.0889127359375 0.19760718906250002 0.9640625 0.55625 0.096513 0.05255800000000001 0.0889127359375 0.19760718906250002
0 0.0889127359375 0.19760718906250002 0.071875 0.190625 0.048257 0.973512 0.0889127359375 0.19760718906250002
0 0.5078125 0.98203125 0.1640625 0.0359375
0 0.50703125 0.9859375 0.165625 0.028125