0 0.478125 0.8984375 0.16875 0.140625
0 0.040625 0.63359375 0.08125 0.1671875
0 0.225 0.46875 0.1875 0.184375
0 0.34765625 0.725 0.1609375 0.1640625
0 0.071875 0.89765625 0.14375 0.1484375
0 0.578125 0.546875 0.125 0.10625
0 0.17188250624999998 0.1423130921875 0.153125 0.121875 0.142382 0.29256099999999996 0.17188250624999998 0.1423130921875
0 0.17188250624999998 0.1423130921875 0.69375 0.7109375 0.172362 0.139871 0.17188250624999998 0.1423130921875
0 0.1984375 0.975 0.1796875 0.05
0 0.9484375 0.28359375 0.103125 0.115625
0 0.19296875 0.98515625 0.1703125 0.0296875