0 0.3921875 0.2046875 0.215625 0.2
0 0.91015625 0.8734375 0.1640625 0.2078125
0 0.328125 0.4859375 0.15625 0.1453125
0 0.790625 0.7046875 0.2078125 0.2
0 0.2046875 0.32421875 0.2 0.1796875
0 0.9359375 0.57421875 0.121875 0.171875
0 0.6171875 0.84375 0.203125 0.1875
0 0.7109375 0.2421875 0.1796875 0.1953125
0 0.41015625 0.9359375 0.1796875 0.1140625
0 0.2421875 0.05625 0.140625 0.1125
0 0.5171875 0.38125 0.1484375 0.1296875
0 0.634375 0.54296875 0.1609375 0.1453125
0 0.8265625 0.4234375 0.1140625 0.1171875
0 0.953125 0.3046875 0.09375 0.1640625
0 0.88671875 0.109375 0.184375 0.171875
0 0.5546875 0.0796875 0.1140625 0.1171875
0 0.0703125 0.165625 0.125 0.1140625
0 0.140625 0.6234375 0.125 0.16875
0 0.3046875 0.81640625 0.16875 0.15625
0 0.175334203125 0.138212940625 0.7451030000000001 0.964073 0.182418 0.071854 0.175334203125 0.138212940625
0 0.175334203125 0.138212940625 0.1640625 0.121875 0.08984375 0.9390625 0.175334203125 0.138212940625
0 0.01953125 0.76953125 0.0390625 0.1546875
0 0.75234375 0.0140625 0.203125 0.028125