0 0.41015625 0.3609375 0.1953125 0.2
0 0.47265625 0.66015625 0.1796875 0.1796875
0 0.34765625 0.109375 0.21875 0.1796875
0 0.5234375 0.196875 0.1875 0.2
0 0.234375 0.26171875 0.203125 0.171875
0 0.353125 0.84765625 0.1921875 0.1953125
0 0.1625 0.7484375 0.1765625 0.2
0 0.290625 0.5796875 0.190625 0.184375
0 0.103125 0.4859375 0.2 0.1765625
0 0.8109375 0.1421875 0.2 0.184375
0 0.60546875 0.4703125 0.1796875 0.2234375
0 0.1125 0.1328125 0.05625 0.93359375 0.167606 0.127187 0.626844 0.063593 0.1125 0.1328125
0 0.23359375 0.971875 0.203125 0.05625
0 0.0390625 0.6546875 0.078125 0.2125
0 0.45625 0.01875 0.1890625 0.0375