0 0.30859375 0.4984375 0.1640625 0.171875
0 0.25625 0.2125 0.1140625 0.121875
0 0.615625 0.44921875 0.1375 0.1296875
0 0.9 0.43125 0.1640625 0.16875
0 0.8421875 0.15234375 0.121875 0.1328125
0 0.5640625 0.20703125 0.121875 0.1328125
0 0.228125 0.03515625 0.1484375 0.0703125
0 0.65 0.725 0.153125 0.1609375
0 0.91796875 0.66015625 0.1609375 0.153125
0 0.9546875 0.94140625 0.090625 0.1171875
0 0.71484375 0.946875 0.1765625 0.10625
0 0.3453125 0.7671875 0.171875 0.1875
0 0.0640625 0.79765625 0.128125 0.1609375
0 0.0896699890625 0.3186883640625 0.08125 0.140625 0.040625 0.5421875 0.0896699890625 0.3186883640625
0 0.0896699890625 0.3186883640625 0.121048 0.9822609999999999 0.151826 0.035442 0.0896699890625 0.3186883640625
0 0.0234375 0.30234375 0.046875 0.1484375
0 0.753125 0.028125 0.14375 0.05625
0 0.12109375 0.98671875 0.1546875 0.0265625
0 0.50703125 0.03125 0.14375 0.0625