0 0.19921875 0.103125 0.1484375 0.1375
0 0.475 0.071875 0.1765625 0.1375
0 0.515625 0.3125 0.16875 0.1609375
0 0.790625 0.2796875 0.140625 0.153125
0 0.753125 0.0640625 0.153125 0.128125
0 0.24609375 0.34375 0.109375 0.1453125
0 0.2734375 0.58984375 0.1328125 0.1453125
0 0.56875 0.58984375 0.15625 0.1296875
0 0.81640625 0.55078125 0.1484375 0.1484375
0 0.8765625 0.7984375 0.1296875 0.15625
0 0.603125 0.8609375 0.15625 0.1765625
0 0.31640625 0.875 0.1375 0.153125
0 0.0442749140625 0.4879968328125 0.043462 0.15112799999999998 0.021731 0.649353 0.0442749140625 0.4879968328125
0 0.0453125 0.91796875 0.090625 0.15625 0.0442749140625 0.4879968328125 0.0453125 0.91796875
0 0.0140625 0.64921875 0.028125 0.146875
0 0.925 0.9875 0.1421875 0.025