0 0.509375 0.4984375 0.2390625 0.23125
0 0.85 0.09765625 0.2078125 0.1953125
0 0.1234375 0.4984375 0.2234375 0.2078125
0 0.4046875 0.1484375 0.2390625 0.2109375
0 0.7421875 0.7046875 0.203125 0.184375
0 0.2734375 0.321875 0.203125 0.1921875
0 0.8734375 0.50390625 0.215625 0.203125
0 0.3421875 0.696875 0.23125 0.2390625
0 0.07421875 0.1421875 0.1484375 0.1921875
0 0.5796875 0.87890625 0.1921875 0.1796875
0 0.19375 0.9234375 0.2078125 0.1453125
0 0.2171875 0.04296875 0.2 0.0859375
0 0.66015625 0.321875 0.1796875 0.1875
0 0.1982685296875 0.1587009921875 0.59379 0.024177 0.22834300000000002 0.048276 0.1982685296875 0.1587009921875
0 0.1982685296875 0.1587009921875 0.090625 0.1953125 0.0453125 0.7203125 0.1982685296875 0.1587009921875