0 0.5234375 0.2046875 0.1640625 0.1609375
0 0.4359375 0.7796875 0.2234375 0.2
0 0.25390625 0.91015625 0.2265625 0.171875
0 0.63125 0.671875 0.16875 0.15625
0 0.3984375 0.071875 0.171875 0.1375
0 0.1171875 0.7734375 0.203125 0.1875
0 0.9296875 0.7046875 0.1328125 0.1921875
0 0.16015625 0.4921875 0.1640625 0.1875
0 0.759375 0.821875 0.184375 0.2
0 0.82421875 0.25390625 0.1484375 0.171875
0 0.3265625 0.33984375 0.1171875 0.1296875
0 0.0453125 0.3296875 0.090625 0.1953125
0 0.2890625 0.6578125 0.125 0.1171875
0 0.5640625 0.94140625 0.1796875 0.1171875
0 0.8890625 0.95703125 0.1640625 0.0859375
0 0.071875 0.95859375 0.14375 0.0828125
0 0.665625 0.38125 0.1296875 0.1609375
0 0.090625 0.1765625 0.9546875 0.13671875 0.064571 0.17469600000000002 0.032285 0.61949 0.090625 0.1765625
0 0.88984375 0.02109375 0.196875 0.0421875
0 0.0203125 0.89375 0.040625 0.1890625
0 0.9796875 0.88359375 0.040625 0.196875
0 0.98515625 0.88125 0.0296875 0.1921875
0 0.3546875 0.9875 0.1953125 0.025