0 0.37890625 0.6859375 0.1796875 0.1921875
0 0.63125 0.2875 0.2078125 0.1765625
0 0.53125 0.8734375 0.15625 0.153125
0 0.81875 0.13671875 0.1765625 0.1640625
0 0.2421875 0.54296875 0.203125 0.1921875
0 0.109375 0.35 0.1375 0.1296875
0 0.071875 0.66484375 0.14375 0.1609375
0 0.2109375 0.83203125 0.1015625 0.09375
0 0.3421875 0.9609375 0.15625 0.078125
0 0.04296875 0.9453125 0.0859375 0.109375
0 0.192895909375 0.20213880624999997 0.9515140000000001 0.32498 0.096972 0.144542 0.192895909375 0.20213880624999997
0 0.192895909375 0.20213880624999997 0.1796875 0.2 0.91015625 0.6328125 0.192895909375 0.20213880624999997
0 0.6921875 0.03671875 0.2015625 0.0734375
0 0.9640625 0.04375 0.0703125 0.0859375
0 0.98046875 0.80859375 0.0390625 0.15625
0 0.9859375 0.80859375 0.028125 0.1515625
0 0.990625 0.81015625 0.01875 0.15