0 0.7046875 0.475 0.184375 0.1765625
0 0.59765625 0.290625 0.203125 0.1828125
0 0.196875 0.9359375 0.2234375 0.1140625
0 0.16484375 0.0484375 0.1984375 0.096875
0 0.4859375 0.1171875 0.1765625 0.1484375
0 0.9125 0.37890625 0.16875 0.171875
0 0.0859375 0.75390625 0.1640625 0.1328125
0 0.08203125 0.3109375 0.1640625 0.16875
0 0.4921875 0.571875 0.203125 0.1765625
0 0.946875 0.10546875 0.0984375 0.1953125
0 0.3671875 0.3984375 0.1796875 0.171875
0 0.1734375 0.4859375 0.16875 0.184375
0 0.28515625 0.2125 0.1453125 0.16875
0 0.79296875 0.19140625 0.2078125 0.16875
0 0.671875 0.053125 0.1484375 0.10625
0 0.8109375 0.66796875 0.1921875 0.1640625
0 0.615625 0.77734375 0.215625 0.1796875
0 0.9234375 0.859375 0.153125 0.1796875
0 0.71484375 0.9390625 0.2421875 0.121875
0 0.2828125 0.6703125 0.2109375 0.1640625
0 0.4 0.85546875 0.1796875 0.153125
0 0.96171875 0.56328125 0.0765625 0.1953125
0 0.0375 0.58828125 0.075 0.1953125
0 0.0375 0.1078125 0.075 0.19375
0 0.4640625 0.96875 0.2 0.0625
0 0.18378781093750002 0.0383510234375 0.071478 0.052102 0.963865 0.973704 0.18378781093750002 0.0383510234375