0 0.41796875 0.05078125 0.1953125 0.1015625
0 0.80859375 0.2515625 0.1609375 0.2109375
0 0.61875 0.1546875 0.1484375 0.15625
0 0.9296875 0.115625 0.140625 0.15625
0 0.9546875 0.375 0.090625 0.1609375
0 0.8828125 0.5875 0.1765625 0.215625
0 0.66015625 0.46484375 0.171875 0.184375
0 0.475 0.3515625 0.153125 0.1609375
0 0.28515625 0.234375 0.1609375 0.1484375
0 0.1109375 0.1109375 0.16875 0.184375
0 0.146875 0.415625 0.153125 0.1796875
0 0.3375 0.54296875 0.15625 0.16875
0 0.5390625 0.63125 0.1375 0.184375
0 0.74609375 0.76171875 0.153125 0.1796875
0 0.1577145484375 0.20367508281250002 0.109375 0.1609375 0.242313 0.8503890000000001 0.1577145484375 0.20367508281250002
0 0.1577145484375 0.20367508281250002 0.9453125 0.9 0.152864 0.166595 0.1577145484375 0.20367508281250002
0 0.171875 0.64140625 0.1375 0.140625
0 0.075 0.77890625 0.15 0.165625
0 0.62265625 0.921875 0.159375 0.1546875
0 0.04140625 0.93515625 0.0828125 0.1296875
0 0.4140625 0.94765625 0.14375 0.1046875
0 0.03203125 0.5890625 0.0640625 0.1921875
0 0.76015625 0.01640625 0.178125 0.0328125
0 0.3078125 0.696875 0.140625 0.1328125
0 0.16640625 0.96640625 0.159375 0.0671875
0 0.021875 0.28515625 0.04375 0.1734375
0 0.46953125 0.82578125 0.11875 0.13125
0 0.759375 0.00859375 0.1765625 0.0171875
0 0.0140625 0.2765625 0.028125 0.175
0 0.98671875 0.7234375 0.0265625 0.1609375
0 0.99140625 0.72421875 0.0171875 0.1546875