0 0.759375 0.7359375 0.1765625 0.16875
0 0.91796875 0.696875 0.15625 0.1609375
0 0.6859375 0.8671875 0.2 0.140625
0 0.0234375 0.915625 0.046875 0.1140625
0 0.37890625 0.7359375 0.1171875 0.1296875
0 0.125 0.9671875 0.15625 0.059375
0 0.859375 0.9203125 0.15625 0.153125
0 0.35546875 0.859375 0.1296875 0.1015625
0 0.33203125 0.95078125 0.1796875 0.0984375
0 0.6109375 0.7359375 0.1296875 0.125
0 0.58515625 0.95859375 0.1515625 0.0828125
0 0.94296875 0.571875 0.1140625 0.125 0.25580081875 0.2522076125 0.94296875 0.571875
0 0.25580081875 0.2522076125 0.041941 0.152721 0.979029 0.901292 0.25580081875 0.2522076125
0 0.98359375 0.9 0.0328125 0.1609375