0 0.1234375 0.6546875 0.23125 0.1921875
0 0.8609375 0.1109375 0.2 0.1921875
0 0.5546875 0.103125 0.203125 0.1765625
0 0.4984375 0.3984375 0.1765625 0.171875
0 0.2984375 0.51171875 0.1609375 0.1640625
0 0.3671875 0.19140625 0.1953125 0.1640625
0 0.18359375 0.34375 0.1375 0.1171875
0 0.084375 0.15625 0.16875 0.16875
0 0.671875 0.25625 0.1875 0.1640625
0 0.053125 0.4765625 0.10625 0.1484375
0 0.4234375 0.7203125 0.1171875 0.1453125
0 0.546875 0.90625 0.1484375 0.1453125
0 0.2578125 0.83515625 0.0984375 0.1328125 0.963091 0.04209 0.073603 0.08418 0.2578125 0.83515625
0 0.37734375 0.97578125 0.1578125 0.0484375
0 0.73828125 0.015625 0.1859375 0.03125
0 0.0359375 0.02421875 0.071875 0.0484375
0 0.36953125 0.9859375 0.1453125 0.028125