0 0.5171875 0.6234375 0.2078125 0.1921875
0 0.2984375 0.7359375 0.215625 0.184375
0 0.915625 0.915625 0.1609375 0.1609375
0 0.50390625 0.1546875 0.1875 0.1765625
0 0.3984375 0.9046875 0.1875 0.1765625
0 0.3046875 0.2484375 0.1640625 0.16875
0 0.6109375 0.32421875 0.1765625 0.1953125
0 0.7046875 0.0609375 0.16875 0.121875
0 0.8046875 0.7359375 0.1484375 0.1609375
0 0.41015625 0.4546875 0.1875 0.1765625
0 0.203125 0.53125 0.121875 0.1375
0 0.80078125 0.23046875 0.1453125 0.140625
0 0.0859375 0.3421875 0.1484375 0.1484375
0 0.1734375 0.06640625 0.15625 0.1328125
0 0.9625 0.14453125 0.075 0.15625
0 0.90625 0.4296875 0.15625 0.1296875
0 0.70703125 0.53125 0.1640625 0.1765625
0 0.1015625 0.828125 0.1921875 0.1484375
0 0.1734375 0.96640625 0.171875 0.0671875
0 0.61328125 0.803125 0.1640625 0.1453125
0 0.04296875 0.6234375 0.0859375 0.1609375
0 0.725 0.946875 0.1875 0.10625
0 0.040625 0.165625 0.08125 0.1734375
0 0.3921875 0.02734375 0.1578125 0.0546875
0 0.9203125 0.02734375 0.159375 0.0546875
0 0.959375 0.61875 0.08125 0.190625