0 0.2578125 0.15625 0.1453125 0.125
0 0.5234375 0.134375 0.15625 0.153125
0 0.2890625 0.43359375 0.1609375 0.1609375
0 0.5453125 0.3765625 0.1296875 0.1296875
0 0.828125 0.321875 0.1171875 0.1015625
0 0.7953125 0.0953125 0.16875 0.1328125
0 0.865625 0.6078125 0.121875 0.1140625
0 0.90625 0.8734375 0.1328125 0.140625
0 0.578125 0.62109375 0.1609375 0.1796875
0 0.6390625 0.9140625 0.1765625 0.171875
0 0.3125 0.671875 0.1140625 0.1015625
0 0.3453125 0.94140625 0.1484375 0.109375
0 0.0471396671875 0.33936151875 0.049231000000000004 0.14208199999999999 0.024616 0.46562099999999995 0.0471396671875 0.33936151875
0 0.04296875 0.7328125 0.0859375 0.121875 0.0471396671875 0.33936151875 0.04296875 0.7328125
0 0.0171875 0.4609375 0.034375 0.1421875
0 0.00859375 0.18515625 0.0171875 0.1515625
0 0.01640625 0.1859375 0.0328125 0.146875