0 0.5484375 0.0625 0.2 0.125
0 0.134375 0.06875 0.1765625 0.1375
0 0.1484375 0.41796875 0.171875 0.1640625
0 0.32421875 0.6109375 0.15625 0.16875
0 0.5546875 0.7796875 0.171875 0.1453125
0 0.94140625 0.78515625 0.109375 0.125
0 0.9359375 0.41015625 0.1140625 0.171875
0 0.5484375 0.446875 0.1609375 0.16875
0 0.1484375 0.7984375 0.1484375 0.1375
0 0.7359375 0.2171875 0.16875 0.2
0 0.35 0.2421875 0.15625 0.1453125
0 0.94296875 0.065625 0.1140625 0.121875
0 0.1694371578125 0.1327334734375 0.131467 0.08116 0.34967000000000004 0.959367 0.1694371578125 0.1327334734375
0 0.7734375 0.953125 0.1609375 0.09375 0.1694371578125 0.1327334734375 0.7734375 0.953125
0 0.025 0.25234375 0.05 0.1640625
0 0.01875 0.6203125 0.0375 0.1921875
0 0.0125 0.63125 0.025 0.18125