0 0.1625 0.384375 0.1765625 0.153125
0 0.22265625 0.9046875 0.1640625 0.153125
0 0.3890625 0.09765625 0.125 0.1296875
0 0.0921875 0.1234375 0.0859375 0.121875
0 0.65625 0.05078125 0.121875 0.1015625
0 0.7109375 0.3203125 0.1765625 0.1796875
0 0.4203125 0.334375 0.1765625 0.125
0 0.7734375 0.56875 0.184375 0.121875
0 0.5078125 0.6 0.15625 0.1875
0 0.17578125 0.6171875 0.21875 0.2109375
0 0.52734375 0.8578125 0.1953125 0.1640625
0 0.80078125 0.8203125 0.1296875 0.121875
0 0.40699967968750006 0.1361876234375 0.9444039999999999 0.030406 0.110816 0.060812 0.40699967968750006 0.1361876234375
0 0.40699967968750006 0.1361876234375 0.0828125 0.2 0.95859375 0.2765625 0.40699967968750006 0.1361876234375
0 0.903125 0.975 0.1796875 0.05
0 0.02421875 0.93046875 0.0484375 0.1390625
0 0.30703125 0.98203125 0.1609375 0.0359375
0 0.30390625 0.98671875 0.1578125 0.0265625
0 0.9859375 0.5109375 0.028125 0.13125
0 0.015625 0.93046875 0.03125 0.1390625