0 0.7046875 0.509375 0.184375 0.16875
0 0.46875 0.1484375 0.1875 0.16875
0 0.68828125 0.0640625 0.1515625 0.128125
0 0.79296875 0.228125 0.140625 0.1484375
0 0.90234375 0.4125 0.153125 0.1609375
0 0.9625 0.1421875 0.075 0.153125
0 0.5953125 0.3375 0.1796875 0.153125
0 0.81875 0.6890625 0.109375 0.15625
0 0.8984375 0.8765625 0.15625 0.15625
0 0.5953125 0.803125 0.15625 0.16875
0 0.37109375 0.4296875 0.1484375 0.1453125
0 0.2671875 0.24375 0.1640625 0.140625
0 0.1625 0.07421875 0.2078125 0.1484375
0 0.078125 0.334375 0.15625 0.1484375
0 0.171875 0.51953125 0.1921875 0.140625
0 0.271875 0.70703125 0.1796875 0.1484375
0 0.384375 0.88671875 0.1484375 0.153125
0 0.0569781953125 0.4856784765625 0.043026999999999996 0.151911 0.021514 0.626673 0.0569781953125 0.4856784765625
0 0.0703125 0.8046875 0.140625 0.153125 0.0569781953125 0.4856784765625 0.0703125 0.8046875
0 0.02265625 0.1625 0.0453125 0.1671875
0 0.896875 0.01953125 0.1703125 0.0390625
0 0.6765625 0.96796875 0.128125 0.0640625
0 0.3734375 0.0078125 0.1625 0.015625
0 0.0140625 0.16015625 0.028125 0.15625