0 0.7796875 0.415625 0.1765625 0.153125
0 0.1109375 0.321875 0.184375 0.184375
0 0.540625 0.8296875 0.1375 0.1375
0 0.32421875 0.19921875 0.15625 0.1640625
0 0.65234375 0.240625 0.1171875 0.125
0 0.4765625 0.071875 0.1140625 0.1296875
0 0.8125 0.1 0.1453125 0.1609375
0 0.28125 0.5015625 0.153125 0.1640625
0 0.0921875 0.6234375 0.1453125 0.171875
0 0.4296875 0.6875 0.1765625 0.1328125
0 0.9125 0.59375 0.15625 0.1453125
0 0.946875 0.271875 0.10625 0.121875
0 0.86328125 0.8828125 0.1328125 0.1296875
0 0.67578125 0.9609375 0.1171875 0.0703125
0 0.36328125 0.9234375 0.16875 0.1453125
0 0.05859375 0.9125 0.1171875 0.1375
0 0.584375 0.5296875 0.1453125 0.1484375