0 0.37890625 0.9125 0.203125 0.16875
0 0.1421875 0.75 0.1921875 0.1875
0 0.7796875 0.4234375 0.2234375 0.215625
0 0.51171875 0.7359375 0.25 0.2078125
0 0.88671875 0.2484375 0.1875 0.215625
0 0.2359375 0.2734375 0.1765625 0.140625
0 0.72265625 0.8734375 0.21875 0.215625
0 0.3046875 0.6109375 0.203125 0.184375
0 0.8609375 0.7046875 0.1921875 0.1765625
0 0.540625 0.2734375 0.2390625 0.203125
0 0.1109375 0.45390625 0.221875 0.2296875
0 0.66015625 0.1109375 0.171875 0.16875
0 0.50546875 0.0484375 0.1765625 0.096875
0 0.071875 0.909375 0.14375 0.171875
0 0.3421875 0.1484375 0.184375 0.203125
0 0.09765625 0.03515625 0.1328125 0.0703125
0 0.94140625 0.96484375 0.109375 0.0625
0 0.4203125 0.4515625 0.1328125 0.1453125
0 0.646875 0.584375 0.140625 0.171875
0 0.93515625 0.5578125 0.1296875 0.153125
0 0.9625 0.08984375 0.075 0.1296875
0 0.03046875 0.1359375 0.0609375 0.2234375
0 0.79140625 0.03828125 0.21484375 0.0765625 0.3276512265625 0.11964392187499999 0.79140625 0.03828125
0 0.3276512265625 0.11964392187499999 0.038258 0.17041599999999998 0.980837 0.369097 0.3276512265625 0.11964392187499999
0 0.03203125 0.63671875 0.0640625 0.18125
0 0.60390625 0.97890625 0.209375 0.0421875
0 0.28203125 0.9796875 0.1921875 0.040625
0 0.59375 0.9859375 0.1921875 0.028125
0 0.2796875 0.98671875 0.1953125 0.0265625