0 0.6546875 0.5625 0.215625 0.1875
0 0.421875 0.665625 0.1640625 0.1609375
0 0.53515625 0.8359375 0.1953125 0.1875
0 0.8421875 0.4609375 0.2 0.1640625
0 0.7671875 0.7484375 0.2078125 0.1921875
0 0.2359375 0.7421875 0.1609375 0.1328125
0 0.85546875 0.921875 0.1953125 0.1484375
0 0.9234375 0.6421875 0.1375 0.1921875
0 0.353125 0.91796875 0.1765625 0.1484375
0 0.06875 0.8421875 0.1375 0.1609375
0 0.1265625 0.9609375 0.2046875 0.078125
0 0.65390625 0.975 0.184375 0.05
0 0.97578125 0.8421875 0.0484375 0.1609375