0 0.3046875 0.41796875 0.1375 0.1375
0 0.265625 0.178125 0.15625 0.1484375
0 0.0328125 0.20625 0.065625 0.14375
0 0.0703125 0.725 0.140625 0.125
0 0.36875 0.696875 0.1296875 0.153125
0 0.91015625 0.6625 0.171875 0.15625
0 0.875 0.37890625 0.15625 0.1296875
0 0.5921875 0.38125 0.15625 0.203125
0 0.55859375 0.1390625 0.1171875 0.0984375
0 0.71484375 0.896875 0.1609375 0.153125
0 0.93359375 0.8609375 0.1328125 0.1796875
0 0.40625 0.953125 0.1484375 0.09375
0 0.10234375 0.96640625 0.1296875 0.0671875
0 0.1286412828125 0.12183191093750001 0.797579 0.091596 0.1140625 0.10625 0.1286412828125 0.12183191093750001
0 0.625 0.65234375 0.1286412828125 0.12183191093750001 0.108595 0.12273799999999999 0.625 0.65234375
0 0.0671875 0.46328125 0.1328125 0.13125