0 0.235047703125 0.48661332343749997 0.259373128125 0.5754859609375 0.3273165078125 0.6098612703125 0.399453925 0.5796780625 0.41035844531250004 0.5100891046875 0.38183898437499997 0.44385387187500003 0.30432785625 0.4249264484375 0.235047703125 0.48661332343749997
0 0.3509450421875 0.4155458625 0.4058178640625 0.39107547187499997 0.41088303593750003 0.3623859140625 0.430299596875 0.31850790625 0.45424402343750003 0.3019964375 0.44041780468749997 0.22105124531250003 0.3959761921875 0.1795915078125 0.33361433906250004 0.18668575781250002 0.2538623640625 0.2611289140625 0.263992703125 0.332008890625 0.296072221875 0.378418346875 0.3509450421875 0.4155458625
0 0.227564484375 0.638858015625 0.1967322453125 0.7107668125 0.23955482031250003 0.8237663046874999 0.352606390625 0.798806484375 0.376587059375 0.6960796515625 0.3560322109375 0.6310193046875 0.2796778203125 0.6180323515625 0.227564484375 0.638858015625
0 0.1693257578125 0.91971178125 0.158191925 0.9984375 0.3466112578125 0.9984375 0.3474676953125 0.9179996609375 0.3072144328125 0.870916528125 0.22292848906249998 0.8386052296875001 0.1693257578125 0.91971178125
0 0.1149078796875 0.8266308515624999 0.0453208640625 0.8329093625 0 0.856089346875 0.005861078125 0.9312085937499999 0.07512053125 0.994544409375 0.14585356249999998 0.9672952968749999 0.159852825 0.9341544578125 0.1296439296875 0.8693457078125 0.1149078796875 0.8266308515624999
0 0.1469120671875 0.6392921281249999 0.0881464609375 0.61087566875 0.0579018359375 0.6193911046875 0.004027234375 0.68728871875 0.055559409375 0.7551862890625001 0.1223171484375 0.78679375 0.164479878125 0.74465053125 0.18204769062499998 0.69080065625 0.1469120671875 0.6392921281249999
0 0.2019747421875 0.49925478125 0.18880898125 0.44497099999999995 0.141905878125 0.3980895390625 0.07941923125 0.3921582578125 0.0188900078125 0.46964545312499995 0.0443986796875 0.527219171875 0.077313109375 0.5675207734375001 0.139850515625 0.5716331796875 0.1748203078125 0.5486036984375 0.2019747421875 0.49925478125
0 0.244534078125 0.27361645 0.25660536718750004 0.2188565625 0.241284128125 0.172449890625 0.20739162812499998 0.14042930468749998 0.1451780203125 0.12789949218750002 0.09588985156249999 0.1452278703125 0.04500305 0.2105293234375 0.0570842890625 0.24675648125 0.18835613281250002 0.3571484609375 0.2203915 0.3279122421875 0.244534078125 0.27361645
0 0.2718139125 0 0.28293720625 0.071779559375 0.317048628125 0.10958134687500001 0.34226143593749997 0.146641909375 0.416416721875 0.11551103124999999 0.45942681093750004 0.10142800781250001 0.4794487125 0.0740032140625 0.4394049046875 0.00210571875 0.2718139125 0
0 0.6888693124999999 0.483991546875 0.599574096875 0.4759015546875 0.544291575 0.49444961249999997 0.5033912578125 0.5343803015625 0.5404868828125 0.6075866203125 0.6137269062499999 0.63230565625 0.6603342265625 0.63135490625 0.7126485515625001 0.5182178984375 0.6888693124999999 0.483991546875
0 0.61272229375 0.19240977343750001 0.5481765671875001 0.3416553484375 0.6476650984375001 0.40328178125 0.7303385109375 0.3080409734375 0.723332284375 0.20999895624999998 0.61272229375 0.19240977343750001
0 0.548656546875 0.8359400671874999 0.602704403125 0.8341972859375 0.644547953125 0.80979998125 0.6689565671875 0.7435781359375 0.64629140625 0.6895551125 0.5399391484375 0.69652598125 0.5137869453125 0.7435781359375 0.548656546875 0.8359400671874999
0 0.5862618984375 0.14570539375 0.6659480109375 0.1934950546875 0.7260191015624999 0.17633978125 0.743182190625 0.006012643749999999 0.594986234375 0 0.5862618984375 0.14570539375
0 0.76005179375 0.1487899109375 0.8361851484375 0.1899241046875 0.8742518625000001 0.150846609375 0.8568994921875 0.0285547421875 0.761080684375 0.0181888234375 0.737417590625 0.136449640625 0.76005179375 0.1487899109375
0 0.7543600125000001 0.23851785625000002 0.7188704218749999 0.35126139375 0.8021485234375 0.36135105156249997 0.862714375 0.2768500984375 0.813504653125 0.22514054687499999 0.7543600125000001 0.23851785625000002
0 0.6231577578125 0.883808278125 0.5686980703125 0.85931271875 0.47067067187499995 0.8987777734375 0.47353750000000006 0.9943947734374999 0.6653639953125 0.9984375 0.6898708984375 0.9450472031249999 0.6231577578125 0.883808278125
0 0.8073408078125001 0.7435009171875 0.73093803125 0.707019921875 0.6628993015625 0.7817459453125 0.675334690625 0.8725778875 0.72698921875 0.90891065625 0.770034703125 0.897437140625 0.8188196484375 0.8668411484374999 0.8216893046875 0.8018245703125 0.8073408078125001 0.7435009171875
0 0.2615446359375 0.0646729296875 0.2310814890625 0.000318296875 0.0960591828125 0.004871125 0.0896943546875 0.0201396765625 0.0871484640625 0.083758609375 0.13934001093749998 0.12192996874999999 0.2068071015625 0.1270195 0.2551798125 0.1066614140625 0.2615446359375 0.0646729296875
0 0.727127034375 0.651117590625 0.170311 0.175827 0.085198 0.911162 0.727127034375 0.651117590625
0 0.65859375 0.09140625 0.1796875 0.18125
0 0.08984375 0.70625 0.1796875 0.1703125
0 0.371875 0.0796875 0.1953125 0.159375
0 0.28828125 0.72734375 0.1890625 0.209375
0 0.115625 0.4875 0.171875 0.190625
0 0.6421875 0.3046875 0.1859375 0.20625
0 0.2546875 0.9296875 0.184375 0.140625
0 0.3265625 0.51953125 0.1734375 0.184375
0 0.56484375 0.93046875 0.2046875 0.1390625
0 0.35234375 0.29453125 0.203125 0.221875
0 0.6046875 0.5546875 0.2046875 0.1515625
0 0.1703125 0.06328125 0.16875 0.1265625
0 0.74296875 0.80625 0.159375 0.2
0 0.81640625 0.0953125 0.165625 0.18125
0 0.1546875 0.24453125 0.2015625 0.234375
0 0.590625 0.7625 0.1625 0.1578125
0 0.8109375 0.30703125 0.178125 0.16875
0 0.7671875 0.57265625 0.1328125 0.1609375
0 0.04453125 0.05 0.0875 0.1
0 0.034375 0.21328125 0.06875 0.18125