0 0.2171875 0.41015625 0.246875 0.234375
0 0.484375 0.35 0.25 0.2390625
0 0.759375 0.29296875 0.2703125 0.2421875
0 0.5796875 0.8671875 0.2546875 0.2421875
0 0.2734375 0.91015625 0.2265625 0.171875
0 0.1546875 0.13671875 0.2234375 0.21875
0 0.7484375 0.07421875 0.2234375 0.1484375
0 0.546875 0.6234375 0.25 0.246875
0 0.44921875 0.1 0.2265625 0.2
0 0.81875 0.5859375 0.2390625 0.2265625
0 0.859375 0.8296875 0.234375 0.215625 0.94689 0.048986 0.10622000000000001 0.09772800000000001 0.859375 0.8296875
0 0.875 0.978125 0.2421875 0.04375
0 0.98125 0.525 0.0375 0.1984375
0 0.96796875 0.23671875 0.0640625 0.234375
0 0.01875 0.43046875 0.0375 0.1953125
0 0.98515625 0.528125 0.0296875 0.2
0 0.01328125 0.42734375 0.0265625 0.1921875