0 0.7734375 0.2578125 0.1765625 0.125
0 0.78515625 0.7046875 0.1796875 0.1765625
0 0.7984375 0.484375 0.1765625 0.1484375
0 0.3359375 0.2671875 0.15625 0.159375
0 0.5484375 0.91015625 0.184375 0.15625
0 0.321875 0.4546875 0.1765625 0.1609375
0 0.2875 0.05078125 0.121875 0.1015625
0 0.97265625 0.78515625 0.046875 0.1171875
0 0.29296875 0.9609375 0.1484375 0.0703125
0 0.0921875 0.453125 0.1375 0.09375
0 0.5484375 0.4671875 0.1609375 0.1609375
0 0.509375 0.259375 0.1765625 0.175
0 0.0796875 0.196875 0.109375 0.140625
0 0.95859375 0.46171875 0.0828125 0.1671875
0 0.3421875 0.64453125 0.1796875 0.1375
0 0.09375 0.62890625 0.1765625 0.153125
0 0.154400678125 0.12112047031249999 0.155603 0.096012 0.09409999999999999 0.048149 0.154400678125 0.12112047031249999
0 0.11875 0.865625 0.1640625 0.1328125 0.154400678125 0.12112047031249999 0.11875 0.865625
0 0.76953125 0.0625 0.1578125 0.125