0 0.44921875 0.2734375 0.15625 0.15625
0 0.8046875 0.0609375 0.140625 0.121875
0 0.63125 0.1484375 0.1375 0.140625
0 0.73046875 0.84765625 0.1484375 0.1328125
0 0.7484375 0.5859375 0.1375 0.125
0 0.59765625 0.4359375 0.125 0.1140625
0 0.2734375 0.1171875 0.1328125 0.1171875
0 0.4046875 0.5375 0.1140625 0.1140625
0 0.796875 0.290625 0.125 0.10625
0 0.0796875 0.23828125 0.140625 0.1484375
0 0.1796875 0.9375 0.15625 0.125
0 0.34765625 0.8265625 0.1453125 0.1296875
0 0.57421875 0.696875 0.1484375 0.125
0 0.946875 0.4453125 0.10625 0.1296875
0 0.9046875 0.71875 0.1375 0.109375
0 0.50859375 0.95078125 0.1296875 0.0984375
0 0.9625 0.1875 0.075 0.15625
0 0.475 0.04296875 0.15625 0.0859375 0.1528824421875 0.0993039984375 0.475 0.04296875
0 0.1528824421875 0.0993039984375 0.099306 0.108674 0.049653 0.509042 0.1528824421875 0.0993039984375
0 0.86953125 0.96875 0.1609375 0.0625