0 0.6 0.09765625 0.1765625 0.1484375
0 0.3265625 0.40234375 0.1375 0.1328125
0 0.2875 0.1421875 0.1609375 0.121875
0 0.66015625 0.3578125 0.153125 0.121875
0 0.896875 0.31875 0.140625 0.140625
0 0.8609375 0.09375 0.1375 0.1296875
0 0.9390625 0.57421875 0.1171875 0.1328125
0 0.67578125 0.6171875 0.1796875 0.1296875
0 0.7265625 0.87890625 0.1484375 0.1375
0 0.353125 0.671875 0.153125 0.1296875
0 0.37890625 0.9140625 0.1375 0.121875
0 0.103125 0.72265625 0.1609375 0.1296875
0 0.06875 0.459375 0.1296875 0.0984375
0 0.0546875 0.1875 0.109375 0.171875
0 0.12976753125 0.15219180625 0.965747 0.841137 0.1296875 0.109375 0.12976753125 0.15219180625
0 0.13125 0.9453125 0.12976753125 0.15219180625 0.06801199999999999 0.101298 0.13125 0.9453125