0 0.6546875 0.390625 0.2 0.21875
0 0.3921875 0.7734375 0.184375 0.2109375
0 0.59765625 0.87890625 0.2109375 0.1875
0 0.928125 0.3359375 0.1375 0.1953125
0 0.134375 0.3734375 0.2078125 0.2
0 0.5546875 0.12890625 0.21875 0.1953125
0 0.290625 0.9296875 0.1828125 0.125
0 0.0921875 0.09765625 0.1765625 0.1796875
0 0.44921875 0.296875 0.2265625 0.1953125
0 0.359375 0.0484375 0.1875 0.096875
0 0.76171875 0.228125 0.1796875 0.1765625
0 0.509375 0.5921875 0.2234375 0.2078125
0 0.09765625 0.859375 0.1796875 0.171875
0 0.3296875 0.484375 0.2 0.203125
0 0.2109375 0.66796875 0.1953125 0.21875
0 0.9046875 0.79296875 0.184375 0.1640625
0 0.8359375 0.51171875 0.1796875 0.1796875
0 0.25625 0.19921875 0.1484375 0.1640625
0 0.7265625 0.7015625 0.153125 0.1453125
0 0.84375 0.9546875 0.1921875 0.090625
0 0.87109375 0.06875 0.171875 0.1375 0.15955881875 0.1794365859375 0.87109375 0.06875
0 0.15955881875 0.1794365859375 0.10369999999999999 0.188126 0.05184999999999999 0.546185 0.15955881875 0.1794365859375
0 0.97890625 0.62421875 0.0421875 0.1671875
0 0.490625 0.9796875 0.1796875 0.040625
0 0.66875 0.01640625 0.190625 0.0328125
0 0.01640625 0.2875 0.0328125 0.1578125
0 0.01171875 0.28671875 0.0234375 0.1625