0 0.6734375 0.2484375 0.23125 0.2
0 0.8984375 0.6484375 0.1953125 0.171875
0 0.2734375 0.44921875 0.1953125 0.1796875
0 0.3046875 0.91796875 0.1953125 0.1484375
0 0.3734375 0.1734375 0.2 0.1765625
0 0.78515625 0.4546875 0.1875 0.184375
0 0.0796875 0.0796875 0.159375 0.159375
0 0.953125 0.3609375 0.0859375 0.1765625
0 0.4984375 0.8359375 0.1765625 0.1484375
0 0.5609375 0.0859375 0.1921875 0.171875
0 0.2796875 0.0375 0.1609375 0.075
0 0.9609375 0.85546875 0.0703125 0.15625
0 0.1859375 0.76171875 0.1609375 0.1171875
0 0.69375 0.7359375 0.1765625 0.153125
0 0.1625 0.2671875 0.1765625 0.159375
0 0.4703125 0.359375 0.171875 0.1765625
0 0.8984375 0.1640625 0.1609375 0.1328125
0 0.5875 0.5375 0.171875 0.153125
0 0.37890625 0.6421875 0.184375 0.1609375
0 0.0765625 0.540625 0.153125 0.1484375
0 0.7984375 0.91796875 0.15625 0.1453125
0 0.78359375 0.03984375 0.2265625 0.0796875
0 0.57578125 0.95546875 0.1953125 0.0890625
0 0.03671875 0.859375 0.0734375 0.175
0 0.03671875 0.3640625 0.0734375 0.175
0 0.1680241046875 0.1331367953125 0.9915100000000001 0.072161 0.1734375 0.078125 0.1680241046875 0.1331367953125
0 0.08671875 0.959375 0.1680241046875 0.1331367953125 0.016980000000000002 0.144321 0.08671875 0.959375