0 0.2984375 0.540625 0.215625 0.2234375
0 0.8734375 0.3109375 0.184375 0.1765625
0 0.3734375 0.8609375 0.2 0.184375
0 0.484375 0.228125 0.203125 0.215625
0 0.634375 0.0921875 0.1765625 0.1765625
0 0.12890625 0.31640625 0.1640625 0.1796875
0 0.24140625 0.05625 0.1484375 0.1125
0 0.7171875 0.4609375 0.1609375 0.15625
0 0.0234375 0.353125 0.046875 0.1453125
0 0.06875 0.7421875 0.1375 0.1640625
0 0.921875 0.66015625 0.1484375 0.1796875
0 0.5375 0.6578125 0.21875 0.2
0 0.7796875 0.821875 0.1796875 0.171875
0 0.9390625 0.884375 0.121875 0.1484375
0 0.65 0.93515625 0.296875 0.1296875
0 0.08203125 0.178125 0.1609375 0.1765625 0.23020100000000002 0.9460369999999999 0.164805 0.10758300000000001 0.08203125 0.178125
0 0.97890625 0.12734375 0.0421875 0.1546875
0 0.80078125 0.01796875 0.159375 0.0359375
0 0.7703125 0.9640625 0.1734375 0.071875
0 0.990625 0.12734375 0.01875 0.15625
0 0.98671875 0.1265625 0.0265625 0.159375
0 0.12890625 0.66953125 0.1390625 0.1375
0 0.79921875 0.0078125 0.1625 0.015625