0 0.19140625 0.6484375 0.2265625 0.203125
0 0.0859375 0.12890625 0.1640625 0.1875
0 0.94375 0.6484375 0.10625 0.1796875
0 0.44921875 0.734375 0.1953125 0.1640625
0 0.8109375 0.73046875 0.1921875 0.1875
0 0.259375 0.0625 0.159375 0.125
0 0.28515625 0.8109375 0.15625 0.1609375
0 0.5921875 0.2734375 0.23125 0.1875
0 0.6625 0.0859375 0.16875 0.171875
0 0.2109375 0.29296875 0.1875 0.1796875
0 0.93359375 0.953125 0.125 0.0859375
0 0.65234375 0.4296875 0.1921875 0.1328125
0 0.82421875 0.36875 0.1609375 0.140625
0 0.96171875 0.071875 0.0734375 0.14375
0 0.7515625 0.5875 0.2078125 0.1328125
0 0.48828125 0.125 0.153125 0.121875
0 0.1390625 0.5140625 0.2 0.1375
0 0.0546875 0.3765625 0.109375 0.1375
0 0.37109375 0.59765625 0.1328125 0.1171875
0 0.2796875 0.44375 0.1171875 0.1015625
0 0.390625 0.9390625 0.1921875 0.121875
0 0.5765625 0.953125 0.140625 0.09375
0 0.509375 0.8609375 0.153125 0.090625
0 0.415625 0.0328125 0.171875 0.065625 0.16606490000000002 0.101870321875 0.415625 0.0328125
0 0.16606490000000002 0.101870321875 0.064909 0.129862 0.032505 0.9350609999999999 0.16606490000000002 0.101870321875