0 0.66015625 0.3296875 0.25 0.1921875
0 0.1734375 0.5171875 0.23125 0.2
0 0.8734375 0.85 0.2078125 0.16875
0 0.7109375 0.12890625 0.2265625 0.1953125
0 0.3984375 0.509375 0.203125 0.184375
0 0.4609375 0.3109375 0.1796875 0.2
0 0.5546875 0.6859375 0.2265625 0.215625
0 0.2109375 0.3109375 0.234375 0.184375
0 0.478125 0.1234375 0.23125 0.1609375
0 0.3421875 0.6859375 0.2078125 0.1765625
0 0.8109375 0.4984375 0.184375 0.184375
0 0.259375 0.109375 0.2078125 0.15625
0 0.06875 0.09765625 0.1375 0.171875
0 0.04296875 0.296875 0.0859375 0.1875
0 0.75390625 0.665625 0.2109375 0.184375
0 0.94921875 0.50390625 0.09375 0.1875
0 0.9078125 0.1484375 0.1765625 0.171875
0 0.9390625 0.671875 0.1140625 0.1875
0 0.6109375 0.9703125 0.215625 0.0515625
0 0.66015625 0.84765625 0.203125 0.1796875
0 0.6078125 0.5140625 0.1921875 0.15625
0 0.859375 0.32421875 0.1640625 0.1765625
0 0.42578125 0.8359375 0.1765625 0.1953125
0 0.11875 0.82734375 0.22903344374999998 0.228765846875 0.093643 0.093302 0.11875 0.82734375
0 0.22903344374999998 0.228765846875 0.953178 0.953303 0.2375 0.1828125 0.22903344374999998 0.228765846875
0 0.28359375 0.95859375 0.128125 0.0828125
0 0.04375 0.678125 0.0875 0.16875
0 0.1359375 0.9453125 0.1921875 0.109375
0 0.990625 0.8375 0.01875 0.1640625
0 0.9875 0.83046875 0.025 0.1765625
0 0.2765625 0.02265625 0.2140625 0.0453125