0 0.2046875 0.37890625 0.184375 0.1953125
0 0.3109375 0.2109375 0.2078125 0.1953125
0 0.0796875 0.5484375 0.153125 0.16875
0 0.5859375 0.5859375 0.1796875 0.1796875
0 0.66015625 0.8609375 0.1953125 0.184375
0 0.8109375 0.22265625 0.184375 0.1796875
0 0.7671875 0.7109375 0.184375 0.1640625
0 0.4546875 0.76171875 0.1765625 0.1796875
0 0.4859375 0.296875 0.1765625 0.1484375
0 0.6109375 0.109375 0.1921875 0.1875
0 0.2671875 0.66015625 0.175 0.1640625
0 0.953125 0.81875 0.0859375 0.1765625
0 0.38125 0.4609375 0.1765625 0.1875
0 0.12890625 0.8421875 0.1953125 0.16875
0 0.6875 0.41796875 0.1453125 0.1484375
0 0.890625 0.5140625 0.1765625 0.171875
0 0.96484375 0.3421875 0.0703125 0.1484375
0 0.91953125 0.07578125 0.1609375 0.1515625
0 0.4140625 0.0484375 0.140625 0.096875
0 0.084375 0.103125 0.16875 0.1953125
0 0.33984375 0.93125 0.171875 0.1375
0 0.865625 0.946875 0.2078125 0.10625 0.08915111875000001 0.21403485781249998 0.865625 0.946875
0 0.721875 0.01875 0.1875 0.0375
0 0.02109375 0.76015625 0.0421875 0.1640625
0 0.54921875 0.97734375 0.1734375 0.0453125
0 0.0125 0.7640625 0.025 0.171875
0 0.05 0.98359375 0.0984375 0.0328125
0 0.5453125 0.98515625 0.1796875 0.0296875