0 0.84453125 0.51015625 0.1796875 0.16875
0 0.8296875 0.1234375 0.2078125 0.184375
0 0.4359375 0.134375 0.1921875 0.184375
0 0.6421875 0.321875 0.1765625 0.2078125
0 0.94765625 0.33359375 0.1046875 0.2125
0 0.3081803359375 0.1305476375 0.629601 0.015429000000000002 0.19620500000000002 0.030823 0.3081803359375 0.1305476375
0 0.3081803359375 0.1305476375 0.075 0.2140625 0.9625 0.71328125 0.3081803359375 0.1305476375
0 0.22578125 0.0140625 0.1890625 0.028125
0 0.9609375 0.02265625 0.078125 0.0453125
0 0.90625 0.9734375 0.175 0.053125
0 0.22578125 0.009375 0.1828125 0.01875