0 0.2875 0.3421875 0.2 0.184375
0 0.69140625 0.1421875 0.2265625 0.1921875
0 0.19140625 0.6234375 0.1953125 0.1921875
0 0.16796875 0.1484375 0.1953125 0.1796875
0 0.484375 0.73046875 0.1875 0.1796875
0 0.3671875 0.5296875 0.171875 0.1765625
0 0.7171875 0.625 0.2 0.1875
0 0.8296875 0.78515625 0.2 0.1953125
0 0.40390625 0.071875 0.1984375 0.14375
0 0.82421875 0.34765625 0.1875 0.1484375
0 0.8984375 0.07421875 0.1875 0.1484375
0 0.60546875 0.91015625 0.1875 0.1640625
0 0.4859375 0.2484375 0.1921875 0.153125
0 0.103125 0.03125 0.1453125 0.0625
0 0.07421875 0.43359375 0.1484375 0.2078125
0 0.6171875 0.41796875 0.140625 0.153125
0 0.2890625 0.8125 0.171875 0.1640625
0 0.084375 0.91796875 0.1640625 0.1640625
0 0.384375 0.94921875 0.2078125 0.1015625
0 0.90625 0.521875 0.1875 0.16875
0 0.95703125 0.73828125 0.0859375 0.215625
0 0.96875 0.25390625 0.0625 0.15625
0 0.60703125 0.0296875 0.2140625 0.059375
0 0.164131678125 0.27212155625 0.068495 0.183384 0.034261 0.721688 0.164131678125 0.27212155625
0 0.8921875 0.94765625 0.2125 0.1046875 0.164131678125 0.27212155625 0.8921875 0.94765625
0 0.03671875 0.2390625 0.0734375 0.1703125