0 0.5546875 0.8671875 0.1875 0.171875
0 0.3984375 0.76171875 0.1953125 0.1640625
0 0.88671875 0.8671875 0.1640625 0.1484375
0 0.8671875 0.57421875 0.1796875 0.1484375
0 0.3734375 0.47265625 0.16875 0.171875
0 0.525 0.30625 0.1609375 0.1296875
0 0.7171875 0.4375 0.1328125 0.140625
0 0.8515625 0.29296875 0.153125 0.1375
0 0.83125 0.0453125 0.1296875 0.090625
0 0.515625 0.0390625 0.16875 0.078125
0 0.359375 0.16015625 0.1609375 0.1375
0 0.2046875 0.3203125 0.1765625 0.153125
0 0.5390625 0.609375 0.140625 0.1375
0 0.7046875 0.725 0.1453125 0.1375
0 0.228125 0.921875 0.1484375 0.1328125
0 0.071875 0.7734375 0.14375 0.140625
0 0.0453125 0.4765625 0.090625 0.1328125
0 0.96640625 0.14453125 0.0671875 0.1140625
0 0.96015625 0.4171875 0.0796875 0.1625
0 0.311288021875 0.3066266625 0.9765625 0.7125 0.156042 0.052081999999999996 0.311288021875 0.3066266625
0 0.311288021875 0.3066266625 0.046875 0.1453125 0.718292 0.973959 0.311288021875 0.3066266625
0 0.378125 0.98359375 0.16875 0.0328125