0 0.540625 0.146875 0.16875 0.125
0 0.78125 0.12890625 0.1484375 0.1609375
0 0.8375 0.36328125 0.1328125 0.1484375
0 0.5921875 0.65234375 0.125 0.1328125
0 0.56640625 0.4203125 0.1328125 0.1375
0 0.228125 0.4921875 0.1765625 0.1375
0 0.19375 0.22265625 0.1609375 0.153125
0 0.2578125 0.75390625 0.1875 0.1375
0 0.646875 0.9296875 0.1921875 0.140625
0 0.91953125 0.91796875 0.1609375 0.1328125
0 0.10981779375 0.23227556875 0.0859375 0.1328125 0.046875 0.7640625 0.10981779375 0.23227556875
0 0.10981779375 0.23227556875 0.287723 0.973263 0.131044 0.052941 0.10981779375 0.23227556875
0 0.02421875 0.503125 0.0484375 0.1328125
0 0.153125 0.0171875 0.153125 0.034375
0 0.14921875 0.00859375 0.1484375 0.0171875
0 0.01484375 0.503125 0.0296875 0.13125