0 0.69140625 0.290625 0.1875 0.1765625
0 0.6796875 0.65625 0.1640625 0.15625
0 0.0921875 0.4984375 0.1609375 0.153125
0 0.890625 0.4671875 0.1875 0.184375
0 0.475 0.484375 0.1765625 0.1640625
0 0.09765625 0.8671875 0.1796875 0.15625
0 0.4921875 0.1109375 0.1640625 0.153125
0 0.3046875 0.6796875 0.171875 0.1640625
0 0.884375 0.0921875 0.1765625 0.153125
0 0.509375 0.8671875 0.1765625 0.1640625
0 0.2734375 0.3046875 0.1484375 0.1640625
0 0.2930917703125 0.26657667812499997 0.90234375 0.821875 0.159679 0.037164 0.2930917703125 0.26657667812499997
0 0.2930917703125 0.26657667812499997 0.1171875 0.10625 0.708737 0.981308 0.2930917703125 0.26657667812499997
0 0.2921875 0.98046875 0.1796875 0.0390625
0 0.70703125 0.9859375 0.1515625 0.028125
0 0.2546875 0.021875 0.1390625 0.04375
0 0.28984375 0.9859375 0.1796875 0.028125
0 0.253125 0.01328125 0.1421875 0.0265625