0 0.8921875 0.6171875 0.184375 0.1484375
0 0.6859375 0.7421875 0.1921875 0.1796875
0 0.57421875 0.09765625 0.1640625 0.15625
0 0.2671875 0.0375 0.159375 0.075
0 0.2734375 0.9296875 0.171875 0.125
0 0.48046875 0.8359375 0.1953125 0.171875
0 0.884375 0.171875 0.1609375 0.1640625
0 0.68125 0.28125 0.1609375 0.153125
0 0.775 0.0390625 0.184375 0.078125
0 0.95078125 0.365625 0.0984375 0.140625
0 0.790625 0.4703125 0.1453125 0.1375
0 0.49609375 0.375 0.1796875 0.1296875
0 0.58203125 0.55625 0.121875 0.1171875
0 0.3828125 0.64453125 0.1796875 0.1453125
0 0.1734375 0.275 0.1296875 0.10625
0 0.05625 0.08515625 0.1125 0.1171875
0 0.0703125 0.5546875 0.140625 0.1484375
0 0.16015625 0.759375 0.1921875 0.15625
0 0.790625 0.928125 0.171875 0.1375
0 0.16117772187499999 0.2155247890625 0.078125 0.153125 0.262443 0.473041 0.16117772187499999 0.2155247890625
0 0.16117772187499999 0.2155247890625 0.9609375 0.81640625 0.11353500000000001 0.09437 0.16117772187499999 0.2155247890625
0 0.0640625 0.978125 0.128125 0.04375
0 0.01171875 0.3765625 0.0234375 0.1546875
0 0.57109375 0.97421875 0.1453125 0.0515625
0 0.01484375 0.37734375 0.0296875 0.15
0 0.00859375 0.378125 0.0171875 0.1515625
0 0.021875 0.8390625 0.04375 0.1625
0 0.06640625 0.98359375 0.1328125 0.0328125
0 0.01484375 0.8375 0.0296875 0.1515625