0 0.7890625 0.91015625 0.1796875 0.1796875
0 0.4921875 0.3921875 0.2265625 0.184375
0 0.765625 0.134375 0.1875 0.1609375
0 0.77734375 0.4046875 0.215625 0.2109375
0 0.1953125 0.4078125 0.1765625 0.16875
0 0.4296875 0.8734375 0.203125 0.140625
0 0.209375 0.1078125 0.1796875 0.109375
0 0.775 0.6171875 0.1453125 0.1375
0 0.4671875 0.5875 0.184375 0.1796875
0 0.1845513359375 0.1831168265625 0.1171875 0.10625 0.1703125 0.6328125 0.1845513359375 0.1831168265625
0 0.1845513359375 0.1831168265625 0.674696 0.742406 0.185012 0.168568 0.1845513359375 0.1831168265625
0 0.125 0.28828125 0.178125 0.1625
0 0.6984375 0.04375 0.1875 0.0875
0 0.14140625 0.05390625 0.2078125 0.1078125
0 0.91640625 0.97734375 0.1671875 0.0453125