0 0.26171875 0.82421875 0.2265625 0.203125
0 0.4359375 0.59765625 0.2390625 0.25
0 0.6546875 0.7484375 0.2390625 0.2234375
0 0.796875 0.103125 0.21875 0.2
0 0.6484375 0.3046875 0.1875 0.2109375
0 0.2734375 0.07421875 0.171875 0.1484375
0 0.359375 0.3046875 0.1875 0.171875
0 0.94140625 0.7421875 0.109375 0.2109375
0 0.87890625 0.91015625 0.2109375 0.171875
0 0.7796875 0.571875 0.16875 0.184375
0 0.4546875 0.1796875 0.1640625 0.1453125
0 0.18125 0.19375 0.153125 0.140625
0 0.053125 0.359375 0.10625 0.171875
0 0.2203125 0.478125 0.15625 0.1765625
0 0.0640625 0.70625 0.128125 0.15625
0 0.48046875 0.94921875 0.203125 0.1015625
0 0.05625 0.0859375 0.1125 0.171875 0.890534 0.429702 0.148154 0.124057 0.05625 0.0859375
0 0.090625 0.96796875 0.1796875 0.0640625
0 0.60859375 0.0234375 0.1859375 0.046875
0 0.5625 0.44921875 0.121875 0.10625
0 0.978125 0.2484375 0.04375 0.165625
0 0.98515625 0.24765625 0.0296875 0.171875