0 0.8359375 0.321875 0.2109375 0.2078125
0 0.91796875 0.5171875 0.15625 0.215625
0 0.6484375 0.884375 0.234375 0.2078125
0 0.5296875 0.2421875 0.2234375 0.2109375
0 0.909375 0.05625 0.171875 0.1125
0 0.1234375 0.4234375 0.23125 0.2
0 0.7484375 0.6 0.215625 0.2078125
0 0.85546875 0.7734375 0.2265625 0.1953125
0 0.22265625 0.1546875 0.1875 0.184375
0 0.728125 0.1421875 0.23125 0.2078125
0 0.43515625 0.071875 0.2453125 0.14375
0 0.63671875 0.4296875 0.2109375 0.203125
0 0.546875 0.7046875 0.2109375 0.2
0 0.22265625 0.609375 0.2109375 0.2109375
0 0.1421875 0.884375 0.23125 0.2078125
0 0.3359375 0.7984375 0.1953125 0.23125
0 0.9296875 0.9390625 0.1328125 0.1140625
0 0.421875 0.5375 0.1375 0.125
0 0.3140625 0.30859375 0.1921875 0.1921875
0 0.06875 0.7015625 0.1328125 0.2
0 0.4453125 0.9453125 0.2 0.109375
0 0.06640625 0.23828125 0.121875 0.16875 0.639726 0.028854 0.18635600000000002 0.057706999999999994 0.06640625 0.23828125
0 0.96875 0.23046875 0.0625 0.1984375
0 0.1078125 0.02421875 0.2015625 0.0484375
0 0.97890625 0.69921875 0.0421875 0.1953125
0 0.75546875 0.98125 0.215625 0.0375
0 0.22421875 0.984375 0.2109375 0.03125
0 0.021875 0.934375 0.04375 0.13125
0 0.02109375 0.52734375 0.0421875 0.1796875
0 0.221875 0.9875 0.215625 0.025
0 0.01171875 0.078125 0.0234375 0.15625
0 0.009375 0.08046875 0.01875 0.1609375
0 0.759375 0.98671875 0.2078125 0.0265625