0 0.8421875 0.0765625 0.1921875 0.153125
0 0.2109375 0.853125 0.2109375 0.215625
0 0.5234375 0.4609375 0.1953125 0.1875
0 0.4359375 0.2984375 0.2 0.153125
0 0.2109375 0.3921875 0.171875 0.1609375
0 0.1171875 0.1859375 0.203125 0.184375
0 0.44140625 0.7421875 0.2109375 0.1953125
0 0.625 0.6484375 0.1875 0.1875
0 0.8296875 0.5609375 0.2 0.1765625
0 0.30859375 0.084375 0.1609375 0.1609375
0 0.6265625 0.1703125 0.1875 0.140625
0 0.7265625 0.3578125 0.171875 0.140625
0 0.9296875 0.2671875 0.140625 0.171875
0 0.3296875 0.5640625 0.16875 0.1484375
0 0.0921875 0.6625 0.171875 0.1453125
0 0.0484375 0.48984375 0.096875 0.1828125
0 0.9234375 0.740625 0.153125 0.184375
0 0.74375 0.8515625 0.171875 0.1640625
0 0.52734375 0.9390625 0.1296875 0.121875 0.12324797812499999 0.1859249515625 0.52734375 0.9390625
0 0.12324797812499999 0.1859249515625 0.09647900000000001 0.13603400000000002 0.04824 0.931983 0.12324797812499999 0.1859249515625
0 0.84453125 0.96875 0.1765625 0.0625
0 0.5328125 0.03671875 0.18125 0.0734375
0 0.32578125 0.96796875 0.190625 0.0640625
0 0.97734375 0.9265625 0.0453125 0.146875
0 0.04921875 0.02890625 0.0984375 0.0578125
0 0.9671875 0.028125 0.065625 0.05625
0 0.98125 0.4328125 0.0375 0.1515625
0 0.984375 0.92890625 0.03125 0.1421875
0 0.98515625 0.4328125 0.0296875 0.1609375