0 0.7796875 0.66015625 0.2390625 0.2265625
0 0.75390625 0.4125 0.2734375 0.2390625
0 0.7109375 0.1484375 0.2421875 0.21875
0 0.4296875 0.203125 0.2421875 0.1875
0 0.48046875 0.44140625 0.2421875 0.234375
0 0.4984375 0.7171875 0.2234375 0.2234375
0 0.9359375 0.1109375 0.1140625 0.215625
0 0.9546875 0.359375 0.0828125 0.21875
0 0.8359375 0.9046875 0.234375 0.184375
0 0.15234375 0.240625 0.1765625 0.184375
0 0.1640625 0.5015625 0.1921875 0.153125
0 0.20703125 0.765625 0.16875 0.1453125
0 0.24296875 0.96640625 0.1515625 0.0671875
0 0.546875 0.92578125 0.3015625 0.1484375 0.178513128125 0.07421841875 0.546875 0.92578125
0 0.978125 0.63671875 0.04375 0.215625
0 0.39140625 0.02109375 0.2046875 0.0421875
0 0.99140625 0.88046875 0.0171875 0.1984375