0 0.571875 0.8921875 0.215625 0.2
0 0.696875 0.7046875 0.2078125 0.2
0 0.8921875 0.8125 0.2078125 0.21875
0 0.0921875 0.38671875 0.184375 0.1953125
0 0.2796875 0.4984375 0.184375 0.2
0 0.38125 0.31875 0.2 0.2078125
0 0.07421875 0.8671875 0.1484375 0.1953125
0 0.91015625 0.3609375 0.171875 0.2
0 0.49296875 0.140625 0.1796875 0.1875
0 0.196875 0.22265625 0.1921875 0.1953125
0 0.321875 0.07421875 0.184375 0.1484375
0 0.134375 0.6859375 0.1453125 0.1296875
0 0.7734375 0.546875 0.1765625 0.1640625
0 0.9609375 0.178125 0.078125 0.1765625
0 0.0546875 0.14453125 0.109375 0.171875
0 0.62265625 0.03671875 0.2203125 0.0734375
0 0.93359375 0.6359375 0.1328125 0.171875
0 0.184375 0.08125 0.771875 0.959375 0.20136300000000001 0.040772 0.126034 0.020386 0.184375 0.08125
0 0.02109375 0.5828125 0.0421875 0.196875
0 0.9875 0.91015625 0.025 0.1796875
0 0.99140625 0.91328125 0.0171875 0.1734375