0 0.7796875 0.8984375 0.246875 0.1953125
0 0.1734375 0.5796875 0.2234375 0.215625
0 0.56640625 0.78515625 0.1953125 0.2109375
0 0.1109375 0.3109375 0.2 0.2
0 0.31640625 0.4046875 0.1953125 0.2078125
0 0.08203125 0.7671875 0.1640625 0.215625
0 0.540625 0.06640625 0.184375 0.1328125
0 0.37890625 0.6796875 0.2109375 0.1796875
0 0.7359375 0.1546875 0.215625 0.1921875
0 0.22265625 0.1234375 0.21875 0.2
0 0.915625 0.26171875 0.1609375 0.1953125
0 0.3984375 0.225 0.203125 0.2078125
0 0.25 0.884375 0.21875 0.2078125
0 0.4859375 0.51171875 0.2 0.2109375
0 0.78515625 0.4296875 0.1953125 0.1796875
0 0.9046875 0.7109375 0.1765625 0.1953125
0 0.69140625 0.609375 0.2109375 0.1953125
0 0.603125 0.3109375 0.1765625 0.184375
0 0.446875 0.94140625 0.1453125 0.109375
0 0.059375 0.1640625 0.9671875 0.0859375 0.11918899999999999 0.09066300000000001 0.059594999999999995 0.045332 0.059375 0.1640625
0 0.0390625 0.478125 0.078125 0.209375
0 0.95703125 0.546875 0.0859375 0.1578125
0 0.32890625 0.01796875 0.2046875 0.0359375
0 0.94609375 0.96640625 0.1078125 0.0671875
0 0.85078125 0.02734375 0.2109375 0.053125
0 0.12734375 0.98125 0.1875 0.0375
0 0.02109375 0.9328125 0.0421875 0.134375
0 0.0140625 0.928125 0.028125 0.1421875