0 0.421875 0.10546875 0.171875 0.1953125
0 0.2171875 0.6546875 0.1921875 0.1609375
0 0.6484375 0.6796875 0.15625 0.15625
0 0.421875 0.884375 0.1796875 0.1375
0 0.64765625 0.025 0.1640625 0.05
0 0.8421875 0.4859375 0.1921875 0.2
0 0.8359375 0.8734375 0.1953125 0.153125
0 0.953125 0.68359375 0.090625 0.1875
0 0.046875 0.11328125 0.090625 0.1875
0 0.05625 0.46796875 0.1125 0.1796875
0 0.05078125 0.8453125 0.1015625 0.203125
0 0.44921875 0.48046875 0.2390625 0.2265625
0 0.2203125 0.2953125 0.2 0.1875
0 0.82421875 0.1421875 0.2265625 0.21875
0 0.61875 0.3046875 0.2078125 0.1953125
0 0.25625 0.478125 0.1875 0.171875
0 0.44921875 0.2953125 0.1796875 0.153125
0 0.640625 0.125 0.1875 0.140625
0 0.95859375 0.3203125 0.0828125 0.15625
0 0.9140625 0.046875 0.1609375 0.09375
0 0.201360509375 0.2055601015625 0.45703125 0.665625 0.20155099999999998 0.037562 0.201360509375 0.2055601015625
0 0.201360509375 0.2055601015625 0.1765625 0.1609375 0.200481 0.981219 0.201360509375 0.2055601015625
0 0.20703125 0.01484375 0.1625 0.0296875
0 0.64375 0.98203125 0.209375 0.0359375
0 0.21640625 0.9859375 0.20625 0.028125
0 0.21328125 0.009375 0.1625 0.01875