0 0.6859375 0.228125 0.2078125 0.2
0 0.475 0.1421875 0.23125 0.2
0 0.9234375 0.634375 0.1453125 0.2078125
0 0.63671875 0.71875 0.2109375 0.21875
0 0.884375 0.34765625 0.2 0.1796875
0 0.76171875 0.5296875 0.2265625 0.2078125
0 0.196875 0.9234375 0.2 0.1375
0 0.796875 0.06875 0.1953125 0.1375
0 0.3609375 0.35546875 0.2234375 0.1953125
0 0.31640625 0.7875 0.2265625 0.2078125
0 0.2734375 0.0546875 0.203125 0.109375
0 0.5609375 0.4234375 0.1765625 0.215625
0 0.1421875 0.2171875 0.184375 0.1921875
0 0.134375 0.66796875 0.1765625 0.1640625
0 0.44921875 0.609375 0.1875 0.203125
0 0.5375 0.91015625 0.2 0.171875
0 0.8109375 0.821875 0.16875 0.1453125
0 0.7171875 0.946875 0.184375 0.0984375
0 0.9546875 0.171875 0.075 0.203125
0 0.24375 0.51171875 0.171875 0.16875
0 0.0609375 0.390625 0.121875 0.1640625
0 0.1692259328125 0.1554923859375 0.594714 0.031889 0.185586 0.063779 0.1692259328125 0.1554923859375
0 0.1692259328125 0.1554923859375 0.0859375 0.1796875 0.04296875 0.86328125 0.1692259328125 0.1554923859375
0 0.03515625 0.09140625 0.0703125 0.18125
0 0.98671875 0.46953125 0.0265625 0.1984375
0 0.109375 0.00859375 0.1703125 0.0171875
0 0.98359375 0.4625 0.0328125 0.190625