0 0.22265625 0.921875 0.2265625 0.1484375
0 0.8984375 0.8296875 0.1953125 0.1921875
0 0.3359375 0.1234375 0.2109375 0.1921875
0 0.2171875 0.6546875 0.1921875 0.1765625
0 0.196875 0.2796875 0.2 0.184375
0 0.3671875 0.790625 0.203125 0.16875
0 0.84765625 0.1734375 0.1796875 0.2
0 0.8609375 0.5234375 0.246875 0.203125
0 0.3671875 0.4296875 0.2265625 0.2109375
0 0.51171875 0.2484375 0.2265625 0.2
0 0.07421875 0.5234375 0.1484375 0.2109375
0 0.6734375 0.37890625 0.2 0.1796875
0 0.671875 0.040625 0.1875 0.08125
0 0.7359375 0.6796875 0.2234375 0.171875
0 0.165625 0.0375 0.184375 0.075
0 0.546875 0.55078125 0.1484375 0.1609375
0 0.56875 0.915625 0.2 0.140625
0 0.0703125 0.8296875 0.140625 0.1484375
0 0.1171875 0.1875 0.05859375 0.1640625 0.063863 0.182246 0.9680690000000001 0.316631 0.1171875 0.1875
0 0.73203125 0.978125 0.2140625 0.04375
0 0.9640625 0.653125 0.071875 0.1875
0 0.95390625 0.0234375 0.0921875 0.046875