0 0.4234375 0.15234375 0.1296875 0.09375
0 0.759375 0.0921875 0.1296875 0.125
0 0.759375 0.3375 0.1140625 0.1140625
0 0.7984375 0.625 0.0828125 0.1015625
0 0.97265625 0.603125 0.0546875 0.0828125
0 0.97421875 0.30625 0.0515625 0.09375
0 0.96484375 0.0640625 0.0703125 0.1171875
0 0.421875 0.40234375 0.10625 0.1015625
0 0.4765625 0.6640625 0.121875 0.1015625
0 0.54296875 0.91015625 0.1296875 0.153125
0 0.196875 0.94921875 0.1375 0.1015625
0 0.18359375 0.7109375 0.15625 0.1484375
0 0.13671875 0.45703125 0.1453125 0.1484375
0 0.0984375 0.1015625 0.10546875 0.19921875 0.122364 0.135354 0.8403280000000001 0.8678950000000001 0.0984375 0.1015625
0 0.3109375 0.8140625 0.0828125 0.08125
0 0.24140625 0.0609375 0.1015625 0.1