0 0.0859375 0.41796875 0.171875 0.1640625
0 0.2171875 0.25390625 0.16875 0.15625
0 0.37890625 0.109375 0.1640625 0.1484375
0 0.5609375 0.2421875 0.1609375 0.125
0 0.4234375 0.7109375 0.1765625 0.140625
0 0.0796875 0.1171875 0.153125 0.1640625
0 0.2359375 0.5859375 0.1765625 0.1171875
0 0.97265625 0.38671875 0.046875 0.125
0 0.415625 0.4078125 0.140625 0.16875
0 0.57421875 0.5453125 0.1375 0.125
0 0.73828125 0.38125 0.10625 0.15625
0 0.70703125 0.0875 0.1640625 0.125
0 0.9125 0.5234375 0.1453125 0.15625
0 0.7265625 0.68359375 0.1640625 0.1484375
0 0.9125 0.8140625 0.171875 0.1484375
0 0.73046875 0.9546875 0.140625 0.090625
0 0.5859375 0.84375 0.153125 0.1171875
0 0.2671875 0.859375 0.14375 0.125
0 0.09765625 0.725 0.1609375 0.140625
0 0.20625 0.028125 0.1953125 0.05625
0 0.1956020828125 0.06867836875 0.528247 0.015868 0.19942100000000001 0.031735 0.1956020828125 0.06867836875
0 0.1956020828125 0.06867836875 0.165625 0.0734375 0.103125 0.96328125 0.1956020828125 0.06867836875
0 0.01796875 0.86015625 0.0359375 0.140625
0 0.98671875 0.66796875 0.0265625 0.146875
0 0.9859375 0.071875 0.028125 0.14375
0 0.99140625 0.67265625 0.0171875 0.14375
0 0.990625 0.0734375 0.01875 0.140625
0 0.0125 0.86171875 0.025 0.1453125
0 0.9796875 0.07578125 0.040625 0.1453125