0 0.4984375 0.2828125 0.1875 0.153125
0 0.19140625 0.0625 0.1640625 0.125
0 0.4609375 0.07421875 0.1953125 0.1484375
0 0.8125 0.25 0.2 0.1609375
0 0.74140625 0.05625 0.1921875 0.1125
0 0.2421875 0.31875 0.140625 0.1328125
0 0.2828125 0.60546875 0.1453125 0.1296875
0 0.5296875 0.55859375 0.1875 0.153125
0 0.84375 0.525 0.1375 0.2
0 0.8828125 0.7984375 0.1609375 0.1375
0 0.615625 0.8453125 0.1796875 0.2
0 0.3296875 0.8578125 0.153125 0.1375
0 0.0453125 0.928125 0.0859375 0.1328125 0.967335 0.037079 0.064784 0.074158 0.0453125 0.928125
0 0.01328125 0.6421875 0.0265625 0.140625
0 0.01875 0.64765625 0.0375 0.140625
0 0.940625 0.99140625 0.11875 0.0171875