0 0.4828125 0.24609375 0.203125 0.1484375
0 0.7796875 0.171875 0.10625 0.0859375
0 0.8125 0.44375 0.1328125 0.1328125
0 0.8453125 0.7203125 0.15625 0.1375
0 0.5296875 0.48828125 0.1453125 0.0984375
0 0.225 0.27734375 0.10625 0.0828125
0 0.56875 0.75625 0.109375 0.0828125
0 0.3046875 0.7828125 0.140625 0.109375
0 0.5703125 0.9703125 0.121875 0.059375
0 0.25390625 0.51953125 0.1593231171875 0.169923965625 0.118807 0.126109 0.25390625 0.51953125
0 0.1593231171875 0.169923965625 0.867708 0.935986 0.1484375 0.1296875 0.1593231171875 0.169923965625
0 0.45234375 0.02109375 0.1546875 0.0421875
0 0.3296875 0.9875 0.1359375 0.025
0 0.45859375 0.01328125 0.1421875 0.0265625
0 0.33203125 0.9828125 0.128125 0.034375