0 0.19375 0.134375 0.2390625 0.2390625
0 0.56875 0.8921875 0.2390625 0.2078125
0 0.1421875 0.8671875 0.2390625 0.2109375
0 0.7875 0.3421875 0.2390625 0.2390625
0 0.3734375 0.32421875 0.246875 0.2421875
0 0.1734375 0.50390625 0.2390625 0.234375
0 0.7671875 0.7421875 0.2 0.203125
0 0.9359375 0.54296875 0.1140625 0.2109375
0 0.56640625 0.5234375 0.2265625 0.234375
0 0.603125 0.1625 0.1765625 0.23125
0 0.421875 0.03515625 0.1875 0.0703125
0 0.08125 0.2109375 0.040625 0.67109375 0.11727499999999999 0.052546999999999996 0.058745000000000006 0.026276 0.08125 0.2109375
0 0.02578125 0.30859375 0.0515625 0.159375