0 0.6171875 0.8734375 0.171875 0.153125
0 0.9046875 0.7484375 0.184375 0.153125
0 0.384375 0.7671875 0.16875 0.184375
0 0.7796875 0.04296875 0.1609375 0.0859375
0 0.9546875 0.56875 0.0828125 0.16875
0 0.6734375 0.203125 0.153125 0.1640625
0 0.96640625 0.09453125 0.0671875 0.1296875
0 0.78515625 0.4671875 0.1609375 0.1484375
0 0.2875 0.4859375 0.1296875 0.1453125
0 0.1796875 0.209375 0.1328125 0.1453125
0 0.0796875 0.8984375 0.1484375 0.184375
0 0.284375 0.92734375 0.159375 0.1453125
0 0.2224434140625 0.17332455 0.85 0.9296875 0.174 0.038578 0.2224434140625 0.17332455
0 0.2224434140625 0.17332455 0.1953125 0.140625 0.512711 0.980711 0.2224434140625 0.17332455
0 0.50859375 0.9859375 0.1765625 0.028125