0 0.234375 0.8109375 0.2265625 0.1921875
0 0.62890625 0.63125 0.2265625 0.2
0 0.84765625 0.5484375 0.2265625 0.2
0 0.82890625 0.0796875 0.2296875 0.159375
0 0.4359375 0.7171875 0.23125 0.215625
0 0.12890625 0.140625 0.2109375 0.1875
0 0.7421875 0.8046875 0.2109375 0.203125
0 0.22265625 0.34765625 0.1875 0.2109375
0 0.5375 0.8984375 0.2 0.1953125
0 0.6109375 0.1484375 0.1921875 0.203125
0 0.3984375 0.2484375 0.203125 0.2
0 0.0765625 0.915625 0.153125 0.1609375
0 0.0625 0.44921875 0.121875 0.234375
0 0.328125 0.0796875 0.2078125 0.15625
0 0.92578125 0.7265625 0.1484375 0.1640625
0 0.8515625 0.94140625 0.2265625 0.1171875
0 0.20218006718749998 0.2345532171875 0.969032 0.43280700000000005 0.1765625 0.1015625 0.20218006718749998 0.2345532171875
0 0.33984375 0.94921875 0.20218006718749998 0.2345532171875 0.061936000000000005 0.198296 0.33984375 0.94921875
0 0.50859375 0.03125 0.20625 0.0625
0 0.975 0.89296875 0.05 0.203125
0 0.05390625 0.02265625 0.1078125 0.0453125
0 0.96015625 0.04140625 0.0796875 0.0828125