0 0.6875 0.6734375 0.1453125 0.1640625
0 0.3765625 0.4515625 0.1609375 0.1484375
0 0.6640625 0.396875 0.15625 0.1609375
0 0.9390625 0.4140625 0.121875 0.1484375
0 0.95859375 0.6359375 0.0828125 0.1375
0 0.7640625 0.93359375 0.16875 0.1328125
0 0.415625 0.72265625 0.125 0.140625
0 0.071875 0.509375 0.14375 0.140625
0 0.0703125 0.21875 0.140625 0.203125
0 0.353125 0.1859375 0.1765625 0.1640625
0 0.6234375 0.12890625 0.1875 0.1640625
0 0.93515625 0.09140625 0.1296875 0.1796875
0 0.1594865578125 0.15857159375000002 0.1484375 0.1328125 0.0953125 0.7515625 0.1594865578125 0.15857159375000002
0 0.1594865578125 0.15857159375000002 0.49800000000000005 0.9477610000000001 0.16536800000000001 0.10422499999999998 0.1594865578125 0.15857159375000002
0 0.0359375 0.03671875 0.071875 0.0734375
0 0.18046875 0.9796875 0.20625 0.040625
0 0.1921875 0.9859375 0.190625 0.028125