0 0.928125 0.73046875 0.1375 0.1484375
0 0.7796875 0.5859375 0.153125 0.15625
0 0.4046875 0.82421875 0.1609375 0.15625
0 0.946875 0.1734375 0.0984375 0.1453125
0 0.7984375 0.3109375 0.1296875 0.1609375
0 0.23046875 0.3734375 0.1484375 0.1453125
0 0.80859375 0.05078125 0.121875 0.1015625
0 0.6015625 0.7015625 0.2078125 0.1484375
0 0.5953125 0.3984375 0.184375 0.15625
0 0.390625 0.5171875 0.171875 0.153125
0 0.62109375 0.13125 0.1375 0.153125
0 0.19375 0.6640625 0.1484375 0.153125
0 0.7421875 0.8421875 0.184375 0.1484375
0 0.0546875 0.49375 0.109375 0.125
0 0.9140625 0.4703125 0.1609375 0.2
0 0.43359375 0.234375 0.1453125 0.125
0 0.52734375 0.9453125 0.2078125 0.109375
0 0.0875 0.2109375 0.1453125 0.1375 0.47993800000000003 0.025578 0.15903799999999998 0.051156999999999994 0.0875 0.2109375
0 0.28515625 0.08125 0.1375 0.11875
0 0.06015625 0.99140625 0.1203125 0.0171875
0 0.0078125 0.0640625 0.015625 0.11875
0 0.9078125 0.978125 0.1296875 0.04375