0 0.4625 0.20703125 0.153125 0.1328125
0 0.7421875 0.1703125 0.0984375 0.0859375
0 0.80078125 0.4375 0.1375 0.1453125
0 0.5234375 0.4671875 0.1328125 0.1140625
0 0.2203125 0.5140625 0.171875 0.1296875
0 0.15 0.2359375 0.140625 0.1328125
0 0.1453125 0.04375 0.1265625 0.021875 0.14554499999999998 0.111235 0.9268280000000001 0.944382 0.1453125 0.04375
0 0.9796875 0.1203125 0.040625 0.13125
0 0.984375 0.1125 0.03125 0.121875
0 0.44921875 0.0140625 0.153125 0.028125
0 0.44765625 0.00859375 0.1546875 0.0171875