0 0.6234375 0.42578125 0.2078125 0.2390625
0 0.5859375 0.7421875 0.1953125 0.1875
0 0.259375 0.0546875 0.2078125 0.109375
0 0.2796875 0.93515625 0.21875 0.1296875
0 0.8921875 0.66796875 0.2 0.2109375
0 0.3125 0.6421875 0.1453125 0.1453125
0 0.053125 0.36328125 0.10625 0.2421875
0 0.2890625 0.41015625 0.1765625 0.1484375
0 0.34765625 0.1546875 0.1453125 0.15625
0 0.65625 0.13671875 0.15625 0.1328125
0 0.91015625 0.08984375 0.1296875 0.1375
0 0.9078125 0.94921875 0.184375 0.1015625
0 0.0609375 0.11875 0.109375 0.140625
0 0.0453125 0.94921875 0.090625 0.1015625
0 0.91171875 0.44921875 0.1765625 0.1796875
0 0.20626744375 0.16420102812499998 0.875119 0.28551899999999997 0.18671875 0.1265625 0.20626744375 0.16420102812499998
0 0.60546875 0.9328125 0.20626744375 0.16420102812499998 0.19425399999999998 0.162022 0.60546875 0.9328125
0 0.54765625 0.30546875 0.2078125 0.1953125