0 0.5 0.259375 0.1640625 0.1875
0 0.759375 0.2015625 0.121875 0.1375
0 0.8046875 0.46875 0.125 0.1453125
0 0.5328125 0.515625 0.140625 0.171875
0 0.5609375 0.76171875 0.1375 0.125
0 0.8421875 0.74375 0.1375 0.1453125
0 0.1602588015625 0.0923786359375 0.452858 0.034388999999999996 0.14002799999999999 0.06877799999999999 0.1602588015625 0.0923786359375
0 0.1602588015625 0.0923786359375 0.1296875 0.0984375 0.89609375 0.95078125 0.1602588015625 0.0923786359375
0 0.621875 0.975 0.1515625 0.05
0 0.9765625 0.16015625 0.046875 0.15
0 0.984375 0.16171875 0.03125 0.1453125