0 0.415625 0.0921875 0.23125 0.184375
0 0.1546875 0.1109375 0.2625 0.215625
0 0.7421875 0.2734375 0.25 0.265625
0 0.484375 0.32421875 0.25 0.2578125
0 0.5296875 0.85 0.2390625 0.23125
0 0.259375 0.9046875 0.23125 0.184375
0 0.8296875 0.8109375 0.215625 0.23125
0 0.0546875 0.9078125 0.109375 0.1765625
0 0.69140625 0.0625 0.1875 0.125
0 0.9609375 0.2359375 0.0703125 0.2
0 0.2109375 0.6546875 0.1875 0.2
0 0.27790691875 0.28556620312500003 0.972724 0.5051129999999999 0.2265625 0.21875 0.27790691875 0.28556620312500003
0 0.51953125 0.6 0.27790691875 0.28556620312500003 0.054552 0.21499100000000002 0.51953125 0.6
0 0.85 0.9703125 0.240625 0.059375
0 0.025 0.675 0.05 0.2046875