0 0.47265625 0.07421875 0.1328125 0.109375
0 0.2671875 0.16796875 0.1171875 0.10625
0 0.5921875 0.275 0.1375 0.121875
0 0.7953125 0.17578125 0.1140625 0.1140625
0 0.6875 0.446875 0.1015625 0.0828125
0 0.78515625 0.65234375 0.153125 0.1375
0 0.46875 0.58203125 0.109375 0.10625
0 0.3609375 0.3765625 0.125 0.121875
0 0.178125 0.484375 0.109375 0.1015625
0 0.04296875 0.2734375 0.0859375 0.0984375
0 0.26953125 0.6578125 0.1140625 0.1171875
0 0.375 0.8421875 0.140625 0.1328125
0 0.1640625 0.9390625 0.1453125 0.121875
0 0.1541760453125 0.1144635390625 0.690742 0.031487 0.16211899999999999 0.062973 0.1541760453125 0.1144635390625
0 0.1541760453125 0.1144635390625 0.10625 0.121875 0.053125 0.76953125 0.1541760453125 0.1144635390625
0 0.1765625 0.03828125 0.1328125 0.0765625
0 0.02421875 0.5734375 0.0484375 0.1421875
0 0.02265625 0.11796875 0.0453125 0.1375
0 0.0140625 0.57578125 0.028125 0.13125
0 0.015625 0.1125 0.03125 0.1375