0 0.103125 0.4859375 0.2 0.1921875
0 0.290625 0.69140625 0.1984375 0.1953125
0 0.1625 0.13125 0.16875 0.16875
0 0.509375 0.5234375 0.1921875 0.1484375
0 0.85546875 0.9359375 0.2109375 0.121875
0 0.66015625 0.759375 0.1796875 0.1921875
0 0.44921875 0.8921875 0.2109375 0.2
0 0.07421875 0.8421875 0.1484375 0.2
0 0.223536265625 0.2307935328125 0.328125 0.353125 0.22533699999999998 0.061097 0.223536265625 0.2307935328125
0 0.223536265625 0.2307935328125 0.153125 0.1484375 0.215698 0.969451 0.223536265625 0.2307935328125
0 0.01796875 0.284375 0.0359375 0.1609375
0 0.62109375 0.97734375 0.184375 0.0453125