0 0.796875 0.44375 0.2265625 0.2
0 0.84765625 0.26171875 0.15625 0.15625
0 0.60546875 0.6 0.21875 0.1765625
0 0.4046875 0.75390625 0.215625 0.1796875
0 0.3359375 0.5234375 0.1875 0.21875
0 0.928125 0.9703125 0.1375 0.0515625
0 0.790625 0.953125 0.1453125 0.0859375
0 0.9765625 0.2734375 0.0390625 0.1484375
0 0.92578125 0.165625 0.109375 0.0984375
0 0.96484375 0.4296875 0.0625 0.1171875
0 0.0546875 0.7421875 0.109375 0.21875
0 0.6234375 0.40625 0.1796875 0.1640625
0 0.4984375 0.5 0.109375 0.1015625
0 0.2414860328125 0.2937441015625 0.717198 0.9215199999999999 0.16875 0.1296875 0.2414860328125 0.2937441015625
0 0.5234375 0.9296875 0.2414860328125 0.2937441015625 0.13682 0.155621 0.5234375 0.9296875