0 0.5234375 0.8734375 0.1953125 0.1609375
0 0.13671875 0.7984375 0.1875 0.184375
0 0.10546875 0.946875 0.2109375 0.0984375
0 0.3296875 0.671875 0.2078125 0.1875
0 0.890625 0.9046875 0.2109375 0.184375
0 0.3359375 0.94921875 0.21875 0.09375
0 0.63671875 0.6171875 0.1796875 0.203125
0 0.12890625 0.44921875 0.1953125 0.2265625
0 0.1360585125 0.3030921234375 0.036102 0.177444 0.018051 0.792496 0.1360585125 0.3030921234375
0 0.6625 0.96484375 0.1921875 0.0703125 0.1360585125 0.3030921234375 0.6625 0.96484375
0 0.69375 0.7125 0.18125 0.175
0 0.03203125 0.56953125 0.0640625 0.2109375
0 0.01328125 0.78984375 0.0265625 0.190625