0 0.5375 0.6484375 0.2078125 0.1796875
0 0.7109375 0.41796875 0.1953125 0.1953125
0 0.34765625 0.8921875 0.1953125 0.1765625
0 0.9046875 0.8984375 0.1765625 0.15625
0 0.72265625 0.7671875 0.1953125 0.153125
0 0.8734375 0.2171875 0.215625 0.1765625
0 0.5546875 0.9546875 0.171875 0.075
0 0.177088475 0.125474615625 0.956523 0.035421 0.086937 0.070842 0.177088475 0.125474615625
0 0.177088475 0.125474615625 0.140625 0.1296875 0.9046875 0.56640625 0.177088475 0.125474615625
0 0.9859375 0.66015625 0.028125 0.1546875
0 0.978125 0.3203125 0.04375 0.1890625
0 0.99140625 0.33359375 0.0171875 0.15625
0 0.9875 0.32734375 0.025 0.1734375