0 0.2421875 0.384375 0.2109375 0.1765625
0 0.13671875 0.1796875 0.2109375 0.1796875
0 0.3359375 0.5609375 0.171875 0.16875
0 0.7359375 0.384375 0.16875 0.16875
0 0.54296875 0.47265625 0.1875 0.1953125
0 0.3359375 0.09375 0.1796875 0.15625
0 0.8421875 0.0796875 0.1921875 0.153125
0 0.63671875 0.665625 0.1796875 0.16875
0 0.0546875 0.0484375 0.109375 0.096875
0 0.4234375 0.290625 0.16875 0.16875
0 0.609375 0.18359375 0.16875 0.153125
0 0.51953125 0.053125 0.1453125 0.10625
0 0.84375 0.55625 0.1015625 0.1296875
0 0.94140625 0.734375 0.1171875 0.1375
0 0.7484375 0.85 0.1484375 0.1765625
0 0.459375 0.75625 0.1640625 0.1640625
0 0.55625 0.9375 0.1640625 0.125 0.971359 0.043643 0.057133 0.086683 0.55625 0.9375
0 0.84765625 0.97421875 0.1703125 0.05
0 0.9609375 0.28125 0.078125 0.1125
0 0.98671875 0.915625 0.0265625 0.1484375
0 0.99140625 0.9171875 0.0171875 0.146875