0 0.79296875 0.66015625 0.2109375 0.2421875
0 0.9609375 0.66015625 0.0703125 0.15625
0 0.959375 0.8671875 0.075 0.1484375
0 0.53515625 0.9609375 0.2109375 0.078125
0 0.9546875 0.44375 0.090625 0.184375
0 0.81875 0.9609375 0.1640625 0.078125
0 0.1959140515625 0.197347146875 0.8145789999999999 0.42991999999999997 0.159199 0.15451600000000001 0.1959140515625 0.197347146875
0 0.1959140515625 0.197347146875 0.140625 0.1765625 0.5625 0.625 0.1959140515625 0.197347146875
0 0.0265625 0.28828125 0.053125 0.1375
0 0.03984375 0.68828125 0.0796875 0.1265625
0 0.771875 0.98203125 0.221875 0.0359375