0 0.609375 0.2421875 0.203125 0.171875
0 0.615625 0.3828125 0.184375 0.140625
0 0.94140625 0.3046875 0.109375 0.2109375
0 0.4296875 0.0484375 0.1875 0.096875
0 0.821875 0.603125 0.2 0.2
0 0.9453125 0.09765625 0.1015625 0.1328125
0 0.8046875 0.1 0.140625 0.1453125
0 0.7484375 0.91796875 0.153125 0.1328125
0 0.4296875 0.546875 0.1640625 0.140625
0 0.5140625 0.625 0.125 0.1015625
0 0.9453125 0.82421875 0.1015625 0.15625
0 0.953125 0.6859375 0.0859375 0.153125
0 0.240625 0.30625 0.1640625 0.15625
0 0.6078125 0.7171875 0.153125 0.153125
0 0.75390625 0.4296875 0.15625 0.1453125
0 0.4234375 0.1859375 0.1765625 0.153125
0 0.0484375 0.07421875 0.096875 0.1484375
0 0.240625 0.02109375 0.16640625 0.0421875 0.2106398328125 0.12075343281249999 0.240625 0.02109375
0 0.2106398328125 0.12075343281249999 0.19323099999999999 0.178614 0.421772 0.49575800000000003 0.2106398328125 0.12075343281249999