0 0.91015625 0.9296875 0.171875 0.1328125
0 0.928125 0.38671875 0.1375 0.1796875
0 0.65625 0.37890625 0.125 0.125
0 0.6625 0.9296875 0.2 0.1328125
0 0.921875 0.6734375 0.1484375 0.1921875
0 0.6734375 0.1078125 0.125 0.0828125
0 0.921875 0.07421875 0.1484375 0.0859375
0 0.37890625 0.94140625 0.1328125 0.109375
0 0.3578125 0.359375 0.109375 0.1375
0 0.08984375 0.63671875 0.121875 0.15625
0 0.67578125 0.6171875 0.121875 0.1296875
0 0.1171875 0.9125 0.153125 0.1171875
0 0.0859375 0.3296875 0.0828125 0.109375
0 0.35 0.12890625 0.109375 0.121875
0 0.103125 0.1484375 0.1296875 0.1171875