0 0.3359375 0.671875 0.140625 0.1171875
0 0.4921875 0.8359375 0.1484375 0.1484375
0 0.728125 0.44140625 0.121875 0.125
0 0.0625 0.109375 0.1140625 0.1171875
0 0.29296875 0.93359375 0.1328125 0.121875
0 0.521875 0.546875 0.1453125 0.1015625
0 0.8453125 0.8921875 0.1453125 0.15625
0 0.16015625 0.51953125 0.1484375 0.1140625
0 0.678125 0.6859375 0.15625 0.1375
0 0.21484375 0.24609375 0.1875 0.15625
0 0.365625 0.4203125 0.1375 0.121875
0 0.16875 0.1796875 0.3921875 0.13671875 0.041294 0.126913 0.979284 0.77346 0.16875 0.1796875
0 0.0328125 0.39140625 0.065625 0.128125
0 0.23984375 0.03046875 0.153125 0.0609375
0 0.16171875 0.7796875 0.11875 0.1109375
0 0.984375 0.7734375 0.03125 0.11875
0 0.96484375 0.9703125 0.06875 0.059375
0 0.025 0.6375 0.05 0.115625
0 0.8671875 0.6140625 0.109375 0.128125
0 0.65703125 0.9625 0.1375 0.075
0 0.73046875 0.0203125 0.1796875 0.0390625
0 0.01796875 0.63828125 0.0359375 0.1125