0 0.4046875 0.884375 0.2234375 0.2078125
0 0.1171875 0.1171875 0.234375 0.21875
0 0.22265625 0.71875 0.234375 0.21875
0 0.671875 0.38671875 0.21875 0.2265625
0 0.290625 0.321875 0.2390625 0.215625
0 0.6484375 0.728125 0.1953125 0.1921875
0 0.82421875 0.9234375 0.234375 0.1453125
0 0.5171875 0.19375 0.2078125 0.2078125
0 0.47265625 0.5609375 0.21875 0.215625
0 0.7359375 0.0609375 0.1765625 0.121875
0 0.8921875 0.225 0.2 0.2
0 0.35234375 0.040625 0.1984375 0.08125
0 0.953125 0.7734375 0.0859375 0.1875
0 0.0765625 0.4859375 0.153125 0.2078125
0 0.06875 0.8359375 0.1375 0.2265625
0 0.2 0.2 0.853125 0.5875 0.205878 0.050095999999999995 0.149118 0.9748870000000001 0.2 0.2