0 0.2171875 0.8984375 0.2 0.1875
0 0.3046875 0.5171875 0.21875 0.1921875
0 0.0859375 0.1421875 0.171875 0.1921875
0 0.4546875 0.75390625 0.2 0.1875
0 0.81640625 0.25390625 0.1875 0.1875
0 0.4046875 0.165625 0.2 0.1921875
0 0.91796875 0.4921875 0.1484375 0.1875
0 0.603125 0.9359375 0.1765625 0.121875
0 0.0796875 0.67265625 0.159375 0.1359375
0 0.69921875 0.6421875 0.2265625 0.16875
0 0.54296875 0.3984375 0.1640625 0.15625
0 0.8421875 0.82421875 0.153125 0.1640625
0 0.165625 0.2984375 0.16875 0.16875
0 0.6546875 0.0546875 0.16875 0.109375
0 0.12059332812500001 0.0639414859375 0.027111000000000003 0.034382 0.054033 0.06875400000000001 0.12059332812500001 0.0639414859375
0 0.12059332812500001 0.0639414859375 0.2296875 0.0984375 0.32421875 0.04921875 0.12059332812500001 0.0639414859375
0 0.97109375 0.2953125 0.0578125 0.1515625
0 0.9796875 0.1125 0.040625 0.140625
0 0.0609375 0.978125 0.121875 0.04375
0 0.98515625 0.11328125 0.0296875 0.140625
0 0.9796875 0.7015625 0.040625 0.1515625
0 0.98671875 0.69921875 0.0265625 0.1625
0 0.99140625 0.7078125 0.0171875 0.1546875
0 0.3859375 0.98046875 0.16875 0.0390625