0 0.228125 0.928125 0.16875 0.1375
0 0.6421875 0.93359375 0.153125 0.125
0 0.0484375 0.0546875 0.096875 0.109375
0 0.44375 0.38671875 0.2 0.171875
0 0.84765625 0.7484375 0.171875 0.1453125
0 0.2046875 0.2109375 0.153125 0.1484375
0 0.63671875 0.5546875 0.15625 0.1484375
0 0.07421875 0.7734375 0.1484375 0.171875
0 0.8359375 0.3734375 0.15625 0.153125
0 0.4296875 0.04296875 0.1640625 0.0859375
0 0.82421875 0.0484375 0.1484375 0.096875
0 0.625 0.234375 0.125 0.1328125
0 0.2171875 0.571875 0.1765625 0.153125
0 0.040625 0.38984375 0.08125 0.1640625 0.9760770000000001 0.208725 0.047845 0.146727 0.040625 0.38984375
0 0.9765625 0.5546875 0.046875 0.18125
0 0.98515625 0.94296875 0.0296875 0.1125
0 0.984375 0.5578125 0.03125 0.18125
0 0.98046875 0.94765625 0.0390625 0.1046875