0 0.9234375 0.4546875 0.1375 0.184375
0 0.9046875 0.1859375 0.1765625 0.16875
0 0.09765625 0.4671875 0.1875 0.184375
0 0.19140625 0.2984375 0.1796875 0.1609375
0 0.796875 0.6796875 0.1796875 0.15625
0 0.3046875 0.60546875 0.203125 0.1953125
0 0.94140625 0.8109375 0.1015625 0.1921875
0 0.16796875 0.7671875 0.1796875 0.1609375
0 0.4234375 0.446875 0.215625 0.184375
0 0.609375 0.2109375 0.2109375 0.171875
0 0.35546875 0.8984375 0.1953125 0.1953125
0 0.48046875 0.7421875 0.2265625 0.2109375
0 0.6 0.5609375 0.1375 0.1453125
0 0.76171875 0.3296875 0.140625 0.16875
0 0.4046875 0.0796875 0.215625 0.153125
0 0.853125 0.94375 0.2 0.10625
0 0.63671875 0.84765625 0.1328125 0.1640625
0 0.08203125 0.9140625 0.1453125 0.15625
0 0.220679375 0.1325037609375 0.74375 0.06875 0.19305699999999998 0.053922000000000005 0.220679375 0.1325037609375
0 0.220679375 0.1325037609375 0.1796875 0.1375 0.516137 0.973039 0.220679375 0.1325037609375
0 0.02578125 0.64375 0.0515625 0.1734375
0 0.2296875 0.9796875 0.184375 0.040625
0 0.97421875 0.03359375 0.05 0.0671875
0 0.53125 0.0171875 0.178125 0.034375
0 0.234375 0.98515625 0.175 0.0296875