0 0.37890625 0.6796875 0.1640625 0.1640625
0 0.5859375 0.5609375 0.1953125 0.2
0 0.69921875 0.2796875 0.1796875 0.1765625
0 0.1859375 0.76171875 0.184375 0.1796875
0 0.2734375 0.4859375 0.1953125 0.1765625
0 0.57890625 0.0796875 0.1828125 0.159375
0 0.2796875 0.04296875 0.1765625 0.0859375
0 0.509375 0.38671875 0.184375 0.1484375
0 0.8046875 0.94140625 0.15625 0.1015625
0 0.0859375 0.56640625 0.171875 0.1640625
0 0.3984375 0.1953125 0.171875 0.16875
0 0.884375 0.171875 0.1453125 0.140625
0 0.96640625 0.36875 0.0671875 0.15625
0 0.771875 0.47265625 0.171875 0.15625
0 0.7828125 0.04296875 0.1921875 0.0859375
0 0.1625 0.2828125 0.1953125 0.1828125
0 0.0765625 0.1109375 0.153125 0.1453125
0 0.96484375 0.85 0.0703125 0.15625 0.06910304687499999 0.1791145375 0.96484375 0.85