0 0.2421875 0.796875 0.1953125 0.1796875
0 0.51171875 0.78515625 0.1953125 0.171875
0 0.82421875 0.946875 0.1953125 0.0984375
0 0.2421875 0.4921875 0.203125 0.203125
0 0.1859375 0.978125 0.1375 0.0359375
0 0.4984375 0.9765625 0.1765625 0.0390625
0 0.0375 0.4359375 0.075 0.16875
0 0.85546875 0.7109375 0.1484375 0.0703125
0 0.5453125 0.47265625 0.153125 0.1875
0 0.8515625 0.4859375 0.125 0.140625 0.11126595312500001 0.20269655625 0.8515625 0.4859375
0 0.11126595312500001 0.20269655625 0.074059 0.188461 0.037072 0.538019 0.11126595312500001 0.20269655625
0 0.02265625 0.77265625 0.0453125 0.1609375
0 0.015625 0.7734375 0.03125 0.1625