0 0.4546875 0.8046875 0.2625 0.2421875
0 0.1796875 0.84765625 0.25 0.25
0 0.7734375 0.4921875 0.25 0.2265625
0 0.109375 0.0875 0.21875 0.175
0 0.41796875 0.540625 0.2265625 0.23125
0 0.4046875 0.2796875 0.2546875 0.246875
0 0.1546875 0.603125 0.2234375 0.215625
0 0.7984375 0.75625 0.1921875 0.2390625
0 0.946875 0.19140625 0.0984375 0.2109375
0 0.34765625 0.0609375 0.2109375 0.121875
0 0.959375 0.44921875 0.075 0.1953125
0 0.6875 0.0375 0.21875 0.075
0 0.48814115312500006 0.15847777968750001 0.9338200000000001 0.019176000000000002 0.13236 0.038289000000000004 0.48814115312500006 0.15847777968750001
0 0.48814115312500006 0.15847777968750001 0.2703125 0.2265625 0.7359375 0.2421875 0.48814115312500006 0.15847777968750001
0 0.975 0.71953125 0.05 0.221875
0 0.4984375 0.978125 0.2296875 0.04375
0 0.01875 0.89296875 0.0375 0.2078125
0 0.2234375 0.984375 0.2234375 0.03125
0 0.23359375 0.9875 0.2328125 0.025
0 0.50078125 0.98515625 0.2484375 0.0296875