0 0.509375 0.76171875 0.1453125 0.1328125
0 0.9359375 0.3421875 0.121875 0.1296875
0 0.7359375 0.546875 0.184375 0.15625
0 0.7359375 0.165625 0.1296875 0.1453125
0 0.2984375 0.5921875 0.153125 0.1375
0 0.32421875 0.94140625 0.1484375 0.1015625
0 0.5453125 0.365625 0.090625 0.1296875
0 0.9546875 0.725 0.090625 0.1484375
0 0.1015625 0.4046875 0.125 0.10625
0 0.14820867499999998 0.094489215625 0.153125 0.10625 0.69921875 0.946875 0.14820867499999998 0.094489215625
0 0.928125 0.0296875 0.1390625 0.059375
0 0.56796875 0.0125 0.1484375 0.025