0 0.5609375 0.3359375 0.2 0.171875
0 0.5796875 0.69140625 0.246875 0.2109375
0 0.7484375 0.4671875 0.2 0.2
0 0.72265625 0.134375 0.2109375 0.1921875
0 0.90234375 0.25390625 0.1875 0.1875
0 0.82421875 0.8671875 0.2109375 0.21875
0 0.19921875 0.1109375 0.15625 0.1921875
0 0.19140625 0.4671875 0.2109375 0.2
0 0.353125 0.19921875 0.215625 0.203125
0 0.953125 0.5921875 0.0859375 0.1921875
0 0.384375 0.9046875 0.2234375 0.1765625
0 0.1859375 0.8046875 0.184375 0.1640625
0 0.353125 0.5546875 0.153125 0.1484375
0 0.0703125 0.0625 0.140625 0.125
0 0.05078125 0.3453125 0.1015625 0.2
0 0.53046875 0.0484375 0.1765625 0.096875
0 0.04296875 0.68359375 0.0859375 0.16875 0.9583619999999999 0.954339 0.08327599999999999 0.091217 0.04296875 0.68359375
0 0.05703125 0.95703125 0.1140625 0.0859375
0 0.978125 0.06796875 0.04375 0.1359375
0 0.6453125 0.9765625 0.184375 0.046875
0 0.98515625 0.06640625 0.0296875 0.13125
0 0.98984375 0.06640625 0.0203125 0.13125