0 0.790625 0.41015625 0.2078125 0.1953125
0 0.415625 0.7734375 0.184375 0.1875
0 0.5234375 0.5546875 0.171875 0.1640625
0 0.353125 0.2671875 0.1765625 0.175
0 0.56640625 0.7046875 0.1640625 0.1765625
0 0.2671875 0.1171875 0.2234375 0.1796875
0 0.93359375 0.290625 0.125 0.1453125
0 0.26171875 0.47265625 0.2109375 0.1953125
0 0.7109375 0.2484375 0.203125 0.1765625
0 0.446875 0.4296875 0.1453125 0.1296875
0 0.16015625 0.31875 0.16875 0.1296875
0 0.1265625 0.203125 0.1375 0.1140625
0 0.0796875 0.0703125 0.1375 0.121875
0 0.58203125 0.05078125 0.16875 0.1015625
0 0.88125 0.171875 0.125 0.109375
0 0.3453125 0.6328125 0.171875 0.125
0 0.04296875 0.65 0.0859375 0.1296875
0 0.08984375 0.9140625 0.1609375 0.1484375
0 0.5796875 0.953125 0.1484375 0.09375
0 0.80078125 0.8734375 0.1296875 0.1640625
0 0.9625 0.75390625 0.075 0.1453125
0 0.2548562296875 0.1253646828125 0.779172 0.035328 0.14154 0.070628 0.2548562296875 0.1253646828125
0 0.2548562296875 0.1253646828125 0.075 0.15625 0.9625 0.4671875 0.2548562296875 0.1253646828125