0 0.71875 0.625 0.1875 0.1875
0 0.7171875 0.19140625 0.1609375 0.1484375
0 0.7109375 0.821875 0.1328125 0.1375
0 0.0546875 0.1484375 0.109375 0.109375
0 0.9296875 0.984375 0.109375 0.0234375
0 0.24609375 0.603125 0.121875 0.1171875
0 0.515625 0.6265625 0.1375 0.1375
0 0.2515625 0.96484375 0.128125 0.0703125
0 0.0390625 0.8265625 0.078125 0.1171875
0 0.03515625 0.5953125 0.0703125 0.1328125
0 0.475 0.1734375 0.1328125 0.1296875
0 0.25 0.1640625 0.1640625 0.1375
0 0.12471617187499999 0.12242782968749999 0.92578125 0.18125 0.12229799999999999 0.12121599999999999 0.12471617187499999 0.12242782968749999
0 0.12471617187499999 0.12242782968749999 0.1171875 0.121875 0.7118 0.416636 0.12471617187499999 0.12242782968749999
0 0.70078125 0.02109375 0.165625 0.0421875
0 0.48046875 0.40546875 0.128125 0.1140625
0 0.0234375 0.3765625 0.046875 0.125
0 0.03515625 0.9734375 0.06875 0.053125
0 0.03046875 0.9796875 0.0609375 0.040625
0 0.015625 0.37890625 0.03125 0.1296875