0 0.3921875 0.7109375 0.2234375 0.1875
0 0.91015625 0.134375 0.1640625 0.2
0 0.225 0.571875 0.2078125 0.2
0 0.41796875 0.19140625 0.1953125 0.1953125
0 0.75390625 0.25625 0.2109375 0.2
0 0.63125 0.5296875 0.2 0.153125
0 0.72265625 0.72265625 0.2265625 0.1953125
0 0.5609375 0.859375 0.2078125 0.1875
0 0.6265625 0.0859375 0.1765625 0.1640625
0 0.09765625 0.07421875 0.1953125 0.1484375
0 0.928125 0.6171875 0.1375 0.1796875
0 0.84765625 0.4296875 0.1953125 0.1640625
0 0.06875 0.4296875 0.1375 0.171875
0 0.8421875 0.9046875 0.1765625 0.1453125
0 0.2984375 0.421875 0.1609375 0.140625
0 0.2171875 0.2671875 0.1921875 0.159375
0 0.07421875 0.8921875 0.1484375 0.184375
0 0.31640625 0.0375 0.2109375 0.075
0 0.521875 0.35546875 0.1453125 0.1171875
0 0.83359375 0.04375 0.2203125 0.0875
0 0.96796875 0.328125 0.0640625 0.18125
0 0.1956049453125 0.2770075609375 0.96796875 0.8359375 0.18282199999999998 0.065048 0.1956049453125 0.2770075609375
0 0.1956049453125 0.2770075609375 0.06328125 0.18125 0.23724599999999998 0.9674759999999999 0.1956049453125 0.2770075609375
0 0.70546875 0.95390625 0.1671875 0.0921875