0 0.51171875 0.7734375 0.1796875 0.15625
0 0.4859375 0.41015625 0.1921875 0.1484375
0 0.0859375 0.3984375 0.1640625 0.1640625
0 0.9125 0.7484375 0.16875 0.1609375
0 0.69140625 0.571875 0.1796875 0.184375
0 0.0796875 0.0546875 0.153125 0.109375
0 0.475 0.0546875 0.1765625 0.109375
0 0.2796875 0.19140625 0.1765625 0.1640625
0 0.29296875 0.57421875 0.1640625 0.171875
0 0.6859375 0.19921875 0.153125 0.1484375
0 0.8921875 0.3609375 0.1609375 0.153125
0 0.08203125 0.78125 0.1640625 0.1609375
0 0.1796875 0.1453125 0.68828125 0.92734375 0.176125 0.122807 0.286018 0.9385960000000001 0.1796875 0.1453125