0 0.3265625 0.2046875 0.1921875 0.215625
0 0.63125 0.13125 0.121875 0.1140625
0 0.896875 0.10546875 0.140625 0.1296875
0 0.92578125 0.3453125 0.1484375 0.184375
0 0.6734375 0.39453125 0.121875 0.153125
0 0.38125 0.421875 0.215625 0.1921875
0 0.12109375 0.4515625 0.171875 0.1640625
0 0.05625 0.2140625 0.1125 0.128125
0 0.14453125 0.7484375 0.1484375 0.16875
0 0.4 0.7015625 0.2 0.1640625
0 0.70703125 0.6640625 0.16875 0.1015625
0 0.95703125 0.6234375 0.0859375 0.125
0 0.7515625 0.92578125 0.1796875 0.1453125
0 0.1584157671875 0.2058398796875 0.975935 0.8906879999999999 0.15625 0.0984375 0.1584157671875 0.2058398796875
0 0.1734375 0.95078125 0.1584157671875 0.2058398796875 0.048129 0.113451 0.1734375 0.95078125
0 0.9828125 0.88671875 0.034375 0.1078125
0 0.39296875 0.96015625 0.1296875 0.0796875