0 0.603125 0.5171875 0.16875 0.153125
0 0.953125 0.1546875 0.0859375 0.1609375
0 0.8046875 0.3421875 0.171875 0.1609375
0 0.60546875 0.884375 0.1640625 0.1375
0 0.19921875 0.8734375 0.1640625 0.153125
0 0.790625 0.0234375 0.1375 0.046875
0 0.1734375 0.1546875 0.1765625 0.153125
0 0.96484375 0.8734375 0.0625 0.153125
0 0.3984375 0.0234375 0.1640625 0.046875
0 0.60546875 0.1546875 0.1640625 0.1453125
0 0.3890625 0.334375 0.1453125 0.1765625
0 0.16796875 0.521875 0.171875 0.1609375
0 0.046875 0.7015625 0.09375 0.140625
0 0.19640139843749999 0.20561841250000001 0.95703125 0.51328125 0.171426 0.14676899999999998 0.19640139843749999 0.20561841250000001
0 0.19640139843749999 0.20561841250000001 0.0859375 0.1609375 0.403593 0.693823 0.19640139843749999 0.20561841250000001
0 0.0296875 0.33671875 0.059375 0.146875
0 0.0234375 0.0265625 0.046875 0.053125