0 0.6171875 0.7796875 0.234375 0.2
0 0.90234375 0.8359375 0.1875 0.1875
0 0.71875 0.0609375 0.1875 0.121875
0 0.4984375 0.09765625 0.2078125 0.1953125
0 0.9046875 0.37890625 0.184375 0.2265625
0 0.94921875 0.10546875 0.0859375 0.1796875
0 0.7046875 0.478125 0.2234375 0.2234375
0 0.8296875 0.66796875 0.2234375 0.1796875
0 0.4984375 0.578125 0.23125 0.1875
0 0.3109375 0.16796875 0.2 0.1796875
0 0.41015625 0.859375 0.1796875 0.1953125
0 0.7984375 0.19140625 0.2078125 0.1875
0 0.2109375 0.921875 0.171875 0.1484375
0 0.3046875 0.66796875 0.203125 0.1796875
0 0.415625 0.3890625 0.215625 0.1921875
0 0.6015625 0.303125 0.1921875 0.16875
0 0.0953125 0.30390625 0.190625 0.1828125
0 0.18125 0.0375 0.2109375 0.075
0 0.046875 0.5796875 0.09375 0.184375
0 0.11328125 0.76953125 0.1609375 0.15625
0 0.96484375 0.584375 0.0703125 0.1796875
0 0.2350583140625 0.1603740484375 0.721875 0.94296875 0.194525 0.046016 0.2350583140625 0.1603740484375
0 0.2350583140625 0.1603740484375 0.20625 0.1140625 0.524466 0.97689 0.2350583140625 0.1603740484375
0 0.0265625 0.11171875 0.053125 0.1703125
0 0.40234375 0.0140625 0.1765625 0.028125
0 0.96171875 0.96953125 0.075 0.0609375
0 0.053125 0.97734375 0.10625 0.04375