0 0.359375 0.09375 0.234375 0.1875
0 0.0796875 0.59140625 0.159375 0.2078125
0 0.821875 0.34765625 0.2390625 0.2109375
0 0.259375 0.44921875 0.2390625 0.2109375
0 0.6546875 0.7796875 0.2859375 0.2625
0 0.6234375 0.5234375 0.2390625 0.203125
0 0.7046875 0.140625 0.215625 0.21875
0 0.22265625 0.79296875 0.2109375 0.1953125
0 0.13671875 0.2484375 0.2265625 0.2234375
0 0.4859375 0.2984375 0.2546875 0.2390625
0 0.05078125 0.915625 0.1015625 0.1609375
0 0.91015625 0.04296875 0.1640625 0.0859375
0 0.54296875 0.0234375 0.1328125 0.046875
0 0.9609375 0.2046875 0.0625 0.2
0 0.4546875 0.9609375 0.23125 0.0703125
0 0.959375 0.56640625 0.075 0.1875
0 0.3765625 0.6703125 0.2109375 0.23125 0.029844 0.05959299999999999 0.059629 0.11871499999999999 0.3765625 0.6703125
0 0.9375 0.97890625 0.125 0.0421875
0 0.01875 0.37265625 0.0375 0.1984375
0 0.01171875 0.3640625 0.0234375 0.196875
0 0.93828125 0.98515625 0.1234375 0.0296875