0 0.4609375 0.7875 0.15625 0.1375
0 0.8609375 0.6 0.1609375 0.1375
0 0.23046875 0.41015625 0.1484375 0.140625
0 0.859375 0.103125 0.15625 0.1453125
0 0.334375 0.1234375 0.1453125 0.1171875
0 0.65625 0.20703125 0.1296875 0.121875
0 0.94296875 0.28671875 0.1140625 0.1140625
0 0.7578125 0.3984375 0.1453125 0.121875
0 0.42578125 0.31640625 0.1609375 0.125
0 0.55625 0.4921875 0.140625 0.121875
0 0.6546875 0.6859375 0.15625 0.125
0 0.953125 0.7640625 0.09375 0.15625
0 0.7734375 0.8578125 0.1484375 0.140625
0 0.5703125 0.94375 0.15625 0.1015625
0 0.3515625 0.6109375 0.1453125 0.140625
0 0.14453125 0.6890625 0.10625 0.1296875
0 0.2578125 0.87890625 0.1484375 0.1375
0 0.04296875 0.5171875 0.0859375 0.153125
0 0.13125 0.2171875 0.1328125 0.1296875
0 0.0390625 0.04296875 0.078125 0.0859375
0 0.5328125 0.0375 0.0984375 0.075
0 0.0609375 0.95703125 0.121875 0.0859375 0.9793879999999999 0.037185 0.040769 0.07437 0.0609375 0.95703125
0 0.984375 0.03828125 0.03125 0.0765625