0 0.5234375 0.2421875 0.2265625 0.2109375
0 0.31640625 0.4046875 0.1953125 0.1765625
0 0.6546875 0.81875 0.2234375 0.2
0 0.75390625 0.0921875 0.1953125 0.1765625
0 0.4609375 0.60546875 0.1953125 0.1875
0 0.35546875 0.0625 0.2109375 0.125
0 0.103125 0.19375 0.1921875 0.1765625
0 0.884375 0.6546875 0.1453125 0.153125
0 0.73046875 0.4609375 0.1953125 0.1796875
0 0.9234375 0.28125 0.153125 0.1796875
0 0.82734375 0.96171875 0.2203125 0.0765625
0 0.04921875 0.0484375 0.09765625 0.09609375 0.211289 0.97477 0.156956 0.050065000000000005 0.04921875 0.0484375
0 0.98671875 0.853125 0.0265625 0.1640625