0 0.87890625 0.9046875 0.2265625 0.184375
0 0.1109375 0.1796875 0.221875 0.234375
0 0.2796875 0.7046875 0.1921875 0.184375
0 0.50390625 0.5609375 0.2421875 0.2
0 0.7421875 0.38125 0.2421875 0.23125
0 0.8984375 0.5796875 0.1796875 0.153125
0 0.0875 0.44140625 0.175 0.1796875
0 0.47265625 0.96484375 0.1796875 0.0625
0 0.7734375 0.0625 0.2265625 0.125
0 0.72265625 0.7484375 0.2578125 0.1765625
0 0.48046875 0.87890625 0.2265625 0.1328125
0 0.41015625 0.36875 0.16875 0.16875
0 0.5390625 0.1703125 0.16875 0.15625 0.164585940625 0.181222609375 0.5390625 0.1703125
0 0.164585940625 0.181222609375 0.09795000000000001 0.183164 0.048982 0.8745200000000001 0.164585940625 0.181222609375
0 0.9484375 0.215625 0.103125 0.209375
0 0.625 0.98203125 0.178125 0.0359375
0 0.96015625 0.03984375 0.0796875 0.0796875
0 0.6265625 0.9859375 0.18125 0.028125