0 0.70703125 0.45703125 0.1375 0.1375
0 0.953125 0.4234375 0.09375 0.1484375
0 0.91015625 0.1578125 0.153125 0.16875
0 0.6484375 0.2171875 0.125 0.125
0 0.353125 0.234375 0.171875 0.1640625
0 0.4 0.49609375 0.1328125 0.1375
0 0.12109375 0.5171875 0.1453125 0.1640625
0 0.08203125 0.296875 0.1640625 0.140625
0 0.0484375 0.06015625 0.096875 0.1203125 0.773844 0.946226 0.17041800000000001 0.107549 0.0484375 0.06015625
0 0.31015625 0.0328125 0.1625 0.065625
0 0.4703125 0.9734375 0.1609375 0.053125
0 0.60234375 0.01640625 0.1875 0.0328125
0 0.9765625 0.94296875 0.046875 0.1140625
0 0.60625 0.7796875 0.221875 0.178125
0 0.98359375 0.94140625 0.0328125 0.115625
0 0.98984375 0.94296875 0.0203125 0.1140625
0 0.97890625 0.03984375 0.0421875 0.0796875