0 0.1796875 0.603125 0.2265625 0.2
0 0.225 0.9046875 0.16875 0.1765625
0 0.69921875 0.0375 0.1796875 0.075
0 0.9 0.21875 0.2 0.2234375
0 0.48046875 0.31875 0.203125 0.203125
0 0.2953125 0.2671875 0.16875 0.1828125
0 0.08984375 0.3984375 0.1796875 0.203125
0 0.359375 0.70703125 0.1796875 0.215625
0 0.74609375 0.77734375 0.25 0.2578125
0 0.56875 0.56875 0.153125 0.1171875
0 0.3984375 0.53125 0.1921875 0.171875
0 0.6546875 0.4 0.1796875 0.184375
0 0.13671875 0.19140625 0.171875 0.1953125
0 0.52734375 0.1625 0.1875 0.1375 0.16691843281250002 0.18917094843749999 0.52734375 0.1625
0 0.16691843281250002 0.18917094843749999 0.06224 0.196917 0.03112 0.530099 0.16691843281250002 0.18917094843749999
0 0.22578125 0.9703125 0.1828125 0.0578125
0 0.0265625 0.946875 0.053125 0.10625
0 0.0421875 0.0828125 0.084375 0.165625