0 0.7171875 0.0859375 0.16875 0.1484375
0 0.41796875 0.4984375 0.1640625 0.153125
0 0.59765625 0.384375 0.1453125 0.1296875
0 0.5015625 0.20703125 0.140625 0.140625
0 0.38671875 0.0375 0.171875 0.075
0 0.1890625 0.09765625 0.1328125 0.1296875
0 0.296875 0.2984375 0.1375 0.125
0 0.8109375 0.29296875 0.121875 0.125
0 0.9203125 0.46875 0.1171875 0.121875
0 0.73046875 0.5859375 0.153125 0.1296875
0 0.821875 0.7578125 0.153125 0.10625
0 0.50625 0.665625 0.1296875 0.1328125
0 0.603125 0.84375 0.1328125 0.1296875
0 0.4234375 0.946875 0.1484375 0.10625
0 0.30625 0.75625 0.125 0.1453125
0 0.203125 0.58203125 0.1484375 0.1328125
0 0.103125 0.3828125 0.153125 0.1640625
0 0.11528767343749999 0.11366331874999999 0.91395 0.0438 0.136237 0.087466 0.11528767343749999 0.11366331874999999
0 0.11528767343749999 0.11366331874999999 0.075 0.1171875 0.0375 0.2109375 0.11528767343749999 0.11366331874999999
0 0.0875 0.871875 0.13125 0.1359375
0 0.73046875 0.97421875 0.1515625 0.05
0 0.99140625 0.209375 0.0171875 0.125
0 0.0296875 0.66171875 0.059375 0.13125