0 0.1 0.29296875 0.15625 0.1453125
0 0.14453125 0.5609375 0.0984375 0.1140625
0 0.696875 0.2171875 0.125 0.140625
0 0.7125 0.478125 0.121875 0.1640625
0 0.72265625 0.703125 0.1296875 0.140625
0 0.2046875 0.78125 0.121875 0.1328125
0 0.753125 0.95859375 0.14375 0.0828125
0 0.9546875 0.140625 0.090625 0.090625
0 0.0515625 0.128125 0.97421875 0.378125 0.109515 0.07257 0.054757999999999994 0.036285 0.0515625 0.128125
0 0.01875 0.8734375 0.0375 0.140625
0 0.97890625 0.66171875 0.0421875 0.1625
0 0.01328125 0.87265625 0.0265625 0.1453125
0 0.984375 0.67578125 0.03125 0.1453125