0 0.634375 0.9234375 0.2 0.1375
0 0.0625 0.75390625 0.125 0.171875
0 0.0625 0.0484375 0.125 0.096875
0 0.821875 0.76171875 0.2 0.1953125
0 0.4296875 0.75390625 0.203125 0.1796875
0 0.234375 0.165625 0.2109375 0.2078125
0 0.63671875 0.165625 0.1953125 0.2
0 0.06640625 0.37890625 0.1328125 0.1875
0 0.2359375 0.546875 0.1765625 0.1796875
0 0.4359375 0.3671875 0.1765625 0.171875
0 0.2359375 0.9296875 0.1609375 0.1328125
0 0.44296875 0.040625 0.2078125 0.08125
0 0.62890625 0.546875 0.1796875 0.1875
0 0.8359375 0.3734375 0.1796875 0.1921875
0 0.8421875 0.046875 0.153125 0.09375
0 0.95859375 0.565625 0.0828125 0.21875
0 0.95859375 0.18671875 0.0828125 0.1796875
0 0.95234375 0.9296875 0.0875 0.140625