0 0.3921875 0.571875 0.215625 0.2
0 0.85 0.228125 0.2390625 0.2234375
0 0.82421875 0.60546875 0.2265625 0.1953125
0 0.5796875 0.7671875 0.2234375 0.2
0 0.0625 0.5375 0.125 0.2078125
0 0.7796875 0.94921875 0.2 0.09375
0 0.62890625 0.3984375 0.21875 0.203125
0 0.225 0.3609375 0.2234375 0.184375
0 0.25390625 0.0375 0.1796875 0.075
0 0.3421875 0.94140625 0.1921875 0.109375
0 0.29296875 0.7796875 0.1640625 0.153125
0 0.45703125 0.20703125 0.1796875 0.1953125
0 0.9671875 0.8046875 0.059375 0.1640625
0 0.15625 0.703125 0.1484375 0.1328125
0 0.06640625 0.1328125 0.1328125 0.16875 0.683604 0.071247 0.224283 0.142493 0.06640625 0.1328125
0 0.9703125 0.07421875 0.059375 0.1484375
0 0.0234375 0.8703125 0.046875 0.1921875
0 0.0171875 0.86640625 0.0328125 0.1921875