0 0.2796875 0.3046875 0.1921875 0.1640625
0 0.09765625 0.884375 0.140625 0.1140625
0 0.8046875 0.76171875 0.171875 0.1796875
0 0.6171875 0.8671875 0.171875 0.1640625
0 0.38671875 0.0546875 0.171875 0.109375
0 0.609375 0.384375 0.171875 0.1609375
0 0.4296875 0.94375 0.203125 0.10625
0 0.9296875 0.484375 0.1328125 0.140625
0 0.396875 0.49609375 0.1765625 0.1765625
0 0.49375 0.21484375 0.1640625 0.1453125
0 0.7015625 0.1109375 0.1375 0.1171875
0 0.796875 0.303125 0.140625 0.1609375
0 0.709375 0.59375 0.1765625 0.171875
0 0.5078125 0.6734375 0.1609375 0.1453125
0 0.19140625 0.58984375 0.1953125 0.153125
0 0.0875 0.4015625 0.175 0.175
0 0.18125 0.1234375 0.1796875 0.16875
0 0.92578125 0.9375 0.1484375 0.125
0 0.90546875 0.05859375 0.171875 0.1171875
0 0.08046875 0.15859375 0.959375 0.21640625 0.051592000000000006 0.155779 0.974204 0.687434 0.08046875 0.15859375
0 0.0328125 0.22421875 0.065625 0.159375
0 0.03203125 0.69453125 0.0640625 0.1625
0 0.72890625 0.9828125 0.1734375 0.034375
0 0.08046875 0.0140625 0.1609375 0.028125
0 0.1875 0.98359375 0.1640625 0.0328125
0 0.72734375 0.98671875 0.1671875 0.0265625
0 0.1890625 0.98828125 0.1703125 0.0234375