0 0.7109375 0.66796875 0.265625 0.2421875
0 0.9125 0.384375 0.16875 0.2234375
0 0.6796875 0.446875 0.234375 0.23125
0 0.8921875 0.13671875 0.2078125 0.2265625
0 0.9359375 0.62890625 0.121875 0.2265625
0 0.38125 0.4859375 0.2390625 0.2234375
0 0.4359375 0.725 0.23125 0.2390625
0 0.3359375 0.2109375 0.1796875 0.2109375
0 0.7109375 0.91015625 0.1953125 0.171875
0 0.103125 0.51640625 0.20625 0.2234375
0 0.959375 0.8984375 0.075 0.1953125
0 0.62890625 0.1625 0.2578125 0.2078125
0 0.44921875 0.94140625 0.2265625 0.109375
0 0.1734375 0.97265625 0.16875 0.046875
0 0.10546875 0.24375 0.1953125 0.2265625
0 0.187587265625 0.0880770421875 0.069305 0.05182099999999999 0.13861 0.10351999999999999 0.187587265625 0.0880770421875
0 0.187587265625 0.0880770421875 0.246875 0.10625 0.2984375 0.053125 0.187587265625 0.0880770421875
0 0.58984375 0.01171875 0.2015625 0.0234375
0 0.5984375 0.009375 0.1828125 0.01875