0 0.3828125 0.446875 0.153125 0.140625
0 0.3375 0.19140625 0.1609375 0.140625
0 0.584375 0.13125 0.1453125 0.1453125
0 0.8984375 0.1234375 0.1328125 0.1328125
0 0.94140625 0.36328125 0.1171875 0.1453125
0 0.96875 0.6171875 0.0625 0.125
0 0.6234375 0.3828125 0.140625 0.171875
0 0.68125 0.65234375 0.1609375 0.153125
0 0.728125 0.91015625 0.1453125 0.1296875
0 0.4046875 0.696875 0.16875 0.1328125
0 0.4765625 0.94296875 0.15625 0.1140625
0 0.1421875 0.75625 0.15625 0.1453125
0 0.1515625 0.95859375 0.121875 0.0828125
0 0.09765625 0.4765625 0.1140625 0.1453125