0 0.6546875 0.5609375 0.1609375 0.1375
0 0.8109375 0.9296875 0.2 0.1328125
0 0.7984375 0.228125 0.184375 0.16875
0 0.3359375 0.7734375 0.1640625 0.171875
0 0.69140625 0.06640625 0.2265625 0.1328125
0 0.4859375 0.6234375 0.184375 0.16875
0 0.734375 0.3734375 0.125 0.1140625
0 0.56875 0.3203125 0.15625 0.1453125
0 0.6734375 0.771875 0.15625 0.1875
0 0.2953125 0.91953125 0.21875 0.1609375
0 0.89453125 0.08203125 0.1609375 0.1484375
0 0.61875 0.1875 0.1796875 0.1296875 0.186965015625 0.13781590625 0.61875 0.1875
0 0.186965015625 0.13781590625 0.175894 0.136542 0.5069440000000001 0.495207 0.186965015625 0.13781590625