0 0.928125 0.09765625 0.1375 0.1796875
0 0.2875 0.728125 0.2078125 0.184375
0 0.4859375 0.8421875 0.184375 0.1765625
0 0.321875 0.2359375 0.2078125 0.1921875
0 0.9125 0.571875 0.16875 0.2
0 0.196875 0.4359375 0.2078125 0.16875
0 0.446875 0.07421875 0.2 0.1484375
0 0.509375 0.3671875 0.1765625 0.1796875
0 0.8296875 0.2734375 0.2234375 0.203125
0 0.63671875 0.1734375 0.1796875 0.2
0 0.696875 0.91796875 0.2078125 0.15625
0 0.72265625 0.4546875 0.203125 0.16875
0 0.0859375 0.62890625 0.171875 0.1796875
0 0.1234375 0.1421875 0.2 0.1921875
0 0.3984375 0.5546875 0.203125 0.171875
0 0.6 0.66015625 0.15625 0.171875
0 0.80625 0.765625 0.1609375 0.1640625
0 0.1546875 0.90234375 0.1640625 0.1765625
0 0.953125 0.86875 0.09375 0.1796875
0 0.05078125 0.3265625 0.1015625 0.1640625
0 0.3546875 0.965625 0.1796875 0.06875
0 0.740625 0.05234375 0.221875 0.1046875
0 0.2171875 0.0328125 0.178125 0.065625
0 0.94921875 0.3828125 0.1015625 0.1671875 0.0999516859375 0.182489778125 0.94921875 0.3828125
0 0.0999516859375 0.182489778125 0.06862700000000001 0.175101 0.034312999999999996 0.806039 0.0999516859375 0.182489778125
0 0.0265625 0.06640625 0.053125 0.13125
0 0.86953125 0.975 0.1875 0.05
0 0.8609375 0.98515625 0.1765625 0.0296875