0 0.9234375 0.759375 0.1453125 0.1375
0 0.7359375 0.3984375 0.1765625 0.1484375
0 0.08984375 0.23046875 0.125 0.1296875
0 0.196875 0.428125 0.1484375 0.1296875
0 0.53125 0.49375 0.15625 0.1484375
0 0.30078125 0.5796875 0.1609375 0.1296875
0 0.63125 0.6703125 0.1453125 0.10625
0 0.8265625 0.5703125 0.1328125 0.1484375
0 0.93359375 0.290625 0.1328125 0.1453125
0 0.8359375 0.1265625 0.1640625 0.1375
0 0.71875 0.853125 0.1375 0.121875
0 0.4296875 0.790625 0.171875 0.1484375
0 0.1859375 0.87109375 0.16875 0.1640625
0 0.4328125 0.303125 0.15625 0.1484375
0 0.52578125 0.9296875 0.1921875 0.140625
0 0.0375 0.5171875 0.075 0.184375 0.0535419578125 0.128823578125 0.0375 0.5171875
0 0.97578125 0.03671875 0.0484375 0.0734375
0 0.98046875 0.49921875 0.0390625 0.153125
0 0.984375 0.49921875 0.03125 0.1515625
0 0.7234375 0.0078125 0.15 0.015625
0 0.31484375 0.9921875 0.159375 0.015625
0 0.196875 0.0078125 0.16875 0.015625