0 0.7671875 0.4671875 0.1375 0.153125
0 0.665625 0.2984375 0.153125 0.1375
0 0.4046875 0.7109375 0.1328125 0.1140625
0 0.1859375 0.34765625 0.153125 0.1640625
0 0.353125 0.228125 0.1375 0.1296875
0 0.5296875 0.109375 0.153125 0.1328125
0 0.8609375 0.6421875 0.1375 0.1140625
0 0.6 0.5859375 0.1375 0.1328125
0 0.3046875 0.5296875 0.1328125 0.121875
0 0.53125 0.87890625 0.15625 0.1171875
0 0.9359375 0.3421875 0.121875 0.1609375
0 0.85 0.16796875 0.1296875 0.109375
0 0.48828125 0.40625 0.1328125 0.1171875
0 0.271875 0.06640625 0.1171875 0.09375
0 0.0703125 0.1890625 0.121875 0.0984375
0 0.0453125 0.4609375 0.090625 0.1296875
0 0.1484375 0.64453125 0.1375 0.153125
0 0.25 0.8046875 0.1453125 0.1171875
0 0.1109375 0.90234375 0.1609375 0.1375
0 0.3578125 0.9453125 0.1328125 0.109375
0 0.72265625 0.74375 0.171875 0.1171875
0 0.83359375 0.95859375 0.1609375 0.0828125 0.026792 0.048076 0.053557999999999995 0.09567 0.83359375 0.95859375
0 0.97265625 0.059375 0.0546875 0.11875
0 0.0265625 0.753125 0.053125 0.146875
0 0.7046875 0.0234375 0.1375 0.046875
0 0.97734375 0.865625 0.0453125 0.1109375
0 0.98359375 0.86328125 0.0328125 0.1078125
0 0.446875 0.0140625 0.1421875 0.028125
0 0.44609375 0.0078125 0.1484375 0.015625