0 0.91015625 0.87890625 0.1640625 0.203125
0 0.353125 0.2484375 0.2390625 0.2390625
0 0.1484375 0.4296875 0.2421875 0.2265625
0 0.73046875 0.6796875 0.2265625 0.1953125
0 0.1109375 0.81640625 0.215625 0.2109375
0 0.4921875 0.8421875 0.2265625 0.215625
0 0.91015625 0.51171875 0.1640625 0.2109375
0 0.17265625 0.0796875 0.2390625 0.159375
0 0.3296875 0.63671875 0.2390625 0.2265625
0 0.5609375 0.0921875 0.1921875 0.184375
0 0.75625 0.3046875 0.2 0.2109375
0 0.546875 0.4921875 0.21875 0.1875
0 0.69375 0.9609375 0.2 0.0625
0 0.290625 0.9609375 0.190625 0.0703125
0 0.93125 0.15 0.1375 0.1796875 0.130375084375 0.2071901765625 0.93125 0.15
0 0.130375084375 0.2071901765625 0.052895000000000005 0.212723 0.026448 0.608356 0.130375084375 0.2071901765625
0 0.7796875 0.01875 0.203125 0.0375
0 0.371875 0.0140625 0.2 0.028125