0 0.9296875 0.2421875 0.125 0.1484375
0 0.2984375 0.0921875 0.1453125 0.1453125
0 0.6796875 0.56875 0.1484375 0.1375
0 0.5859375 0.0609375 0.0984375 0.090625
0 0.9046875 0.03515625 0.1375 0.0703125
0 0.6484375 0.3265625 0.1296875 0.1140625
0 0.9453125 0.54296875 0.109375 0.1375
0 0.3359375 0.35546875 0.1296875 0.121875
0 0.375 0.6 0.121875 0.125
0 0.4390625 0.87109375 0.1375 0.16875
0 0.73828125 0.834375 0.1328125 0.171875
0 0.95859375 0.78828125 0.0828125 0.1484375
0 0.13828125 0.92734375 0.1140625 0.1453125
0 0.11875 0.665625 0.1484375 0.1453125
0 0.05078125 0.3984375 0.1015625 0.1375
0 0.0390625 0.1265625 0.078125 0.153125