0 0.25 0.0796875 0.15625 0.1375
0 0.66015625 0.2015625 0.1484375 0.1375
0 0.38125 0.2515625 0.140625 0.1203125
0 0.4859375 0.4296875 0.1375 0.121875
0 0.1578125 0.3421875 0.140625 0.1484375
0 0.31875 0.6484375 0.1453125 0.153125
0 0.06640625 0.16796875 0.1328125 0.15625 0.48475 0.026889000000000003 0.133061 0.053754 0.06640625 0.16796875
0 0.81171875 0.0296875 0.1421875 0.059375
0 0.021875 0.44921875 0.04375 0.165625
0 0.02265625 0.03359375 0.0453125 0.0671875
0 0.0140625 0.44375 0.028125 0.1671875