0 0.4609375 0.08203125 0.1140625 0.10625
0 0.17578125 0.0390625 0.16875 0.078125
0 0.0640625 0.28125 0.128125 0.109375
0 0.2828125 0.66796875 0.125 0.125
0 0.078125 0.74609375 0.1328125 0.1296875
0 0.4046875 0.8296875 0.10625 0.109375
0 0.60546875 0.72265625 0.1015625 0.10625
0 0.81875 0.6421875 0.1328125 0.1171875
0 0.97265625 0.5390625 0.0546875 0.109375
0 0.896875 0.353125 0.0984375 0.090625
0 0.6703125 0.44921875 0.0984375 0.121875
0 0.7984375 0.1578125 0.1296875 0.1140625
0 0.921875 0.8203125 0.121875 0.1296875
0 0.18359375 0.928125 0.109375 0.1140625
0 0.22578762812500003 0.08552933593749999 0.673104 0.021337000000000002 0.141457 0.04264 0.22578762812500003 0.08552933593749999
0 0.22578762812500003 0.08552933593749999 0.1140625 0.1015625 0.5921875 0.271875 0.22578762812500003 0.08552933593749999
0 0.496875 0.9828125 0.125 0.034375
0 0.6890625 0.9125 0.134375 0.1359375
0 0.49921875 0.98671875 0.11875 0.0265625
0 0.00859375 0.071875 0.0171875 0.14375
0 0.0125 0.075 0.025 0.14375
0 0.6734375 0.0140625 0.14375 0.028125