0 0.7109375 0.22265625 0.203125 0.1796875
0 0.3359375 0.225 0.2265625 0.2
0 0.16015625 0.4546875 0.2109375 0.215625
0 0.4359375 0.634375 0.215625 0.1921875
0 0.109375 0.09765625 0.1875 0.1953125
0 0.290625 0.81640625 0.1984375 0.1796875
0 0.63671875 0.765625 0.1953125 0.1875
0 0.85546875 0.9046875 0.1484375 0.1375
0 0.6390625 0.415625 0.140625 0.1765625
0 0.44921875 0.0765625 0.1609375 0.153125
0 0.05859375 0.678125 0.1015625 0.203125
0 0.484375 0.93359375 0.1765625 0.1328125
0 0.10546875 0.96484375 0.1765625 0.0703125
0 0.089276434375 0.1691141875 0.922667 0.007951 0.154561 0.015902 0.089276434375 0.1691141875