0 0.7515625 0.678125 0.1765625 0.1765625
0 0.234375 0.07421875 0.15625 0.1015625
0 0.171875 0.7421875 0.1640625 0.125
0 0.4546875 0.32421875 0.184375 0.1953125
0 0.1859375 0.33984375 0.1328125 0.1453125
0 0.49375 0.1078125 0.15625 0.1453125
0 0.7671875 0.0875 0.171875 0.1484375
0 0.459375 0.72265625 0.1484375 0.153125 0.12219986093749999 0.29215542499999997 0.459375 0.72265625
0 0.12219986093749999 0.29215542499999997 0.039824 0.186979 0.019928 0.834083 0.12219986093749999 0.29215542499999997
0 0.98046875 0.33125 0.0390625 0.2046875
0 0.01328125 0.84453125 0.0265625 0.190625
0 0.98671875 0.3609375 0.0265625 0.1609375