0 0.3046875 0.63671875 0.234375 0.2265625
0 0.290625 0.1796875 0.1984375 0.1796875
0 0.60546875 0.2734375 0.2421875 0.203125
0 0.1109375 0.7359375 0.215625 0.2
0 0.3984375 0.375 0.2265625 0.21875
0 0.4921875 0.078125 0.2109375 0.15625
0 0.1015625 0.275 0.184375 0.171875
0 0.209375 0.46484375 0.184375 0.1484375
0 0.0625 0.55625 0.125 0.16875
0 0.1598826703125 0.09884154687499999 0.1875 0.1015625 0.203125 0.05078125 0.1598826703125 0.09884154687499999
0 0.1598826703125 0.09884154687499999 0.046909 0.087711 0.093818 0.172267 0.1598826703125 0.09884154687499999
0 0.04140625 0.95546875 0.0828125 0.0890625