0 0.2359375 0.21484375 0.1375 0.1171875
0 0.54296875 0.18359375 0.153125 0.1328125
0 0.89453125 0.1421875 0.1296875 0.1328125
0 0.9078125 0.396875 0.1375 0.1328125
0 0.6015625 0.4453125 0.1375 0.1484375
0 0.28125 0.515625 0.16875 0.1609375
0 0.2875 0.75625 0.1796875 0.1609375
0 0.6625 0.70703125 0.1796875 0.1609375
0 0.9375 0.65234375 0.109375 0.121875
0 0.69375 0.953125 0.1296875 0.09375
0 0.080425925 0.1723213421875 0.056853 0.152207 0.028457 0.574318 0.080425925 0.1723213421875
0 0.95703125 0.9203125 0.0859375 0.1296875 0.080425925 0.1723213421875 0.95703125 0.9203125
0 0.196875 0.02109375 0.1578125 0.0421875
0 0.03359375 0.771875 0.0671875 0.1625
0 0.03125 0.0421875 0.0625 0.084375
0 0.3375 0.96484375 0.1203125 0.0703125
0 0.19609375 0.0125 0.153125 0.025
0 0.078125 0.978125 0.153125 0.04375
0 0.9640625 0.028125 0.071875 0.05625