0 0.35 0.25625 0.1328125 0.153125
0 0.6546875 0.21875 0.1328125 0.109375
0 0.06640625 0.3046875 0.1328125 0.1328125
0 0.10546875 0.5453125 0.1296875 0.1453125
0 0.40234375 0.515625 0.109375 0.1015625
0 0.69375 0.48046875 0.1375 0.1328125
0 0.95703125 0.18359375 0.0859375 0.121875
0 0.9609375 0.4515625 0.078125 0.125
0 0.4359375 0.790625 0.125 0.1328125
0 0.16796875 0.8265625 0.15625 0.140625 0.040065 0.05603 0.080093 0.111605 0.16796875 0.8265625
0 0.30546875 0.03203125 0.1375 0.0640625
0 0.59609375 0.01953125 0.1734375 0.0390625
0 0.7734375 0.98046875 0.159375 0.0390625
0 0.52421875 0.98203125 0.1625 0.0359375
0 0.990625 0.69453125 0.01875 0.1296875
0 0.5203125 0.9875 0.1609375 0.025
0 0.9859375 0.69375 0.028125 0.13125
0 0.76796875 0.9859375 0.15625 0.028125
0 0.74140625 0.753125 0.134375 0.1390625
0 0.60546875 0.0140625 0.159375 0.028125