0 0.38671875 0.2984375 0.2109375 0.1984375
0 0.109375 0.8046875 0.1953125 0.171875
0 0.6171875 0.134375 0.2109375 0.1765625
0 0.38671875 0.103125 0.2109375 0.2
0 0.75 0.73046875 0.21875 0.2109375
0 0.928125 0.76171875 0.1375 0.171875
0 0.3046875 0.6546875 0.2265625 0.184375
0 0.8109375 0.1859375 0.2078125 0.23125
0 0.15625 0.4546875 0.21875 0.1921875
0 0.5234375 0.8734375 0.234375 0.2078125
0 0.93359375 0.53515625 0.125 0.234375
0 0.1109375 0.6234375 0.1921875 0.16875
0 0.1796875 0.23046875 0.171875 0.1796875
0 0.81875 0.03515625 0.1765625 0.0703125
0 0.11875 0.078125 0.1375 0.15625
0 0.571875 0.5546875 0.2 0.234375
0 0.3609375 0.4859375 0.184375 0.1765625
0 0.959375 0.3359375 0.075 0.15625
0 0.2734375 0.959375 0.234375 0.075
0 0.5875 0.3203125 0.1875 0.1796875
0 0.790625 0.35 0.1453125 0.15625
0 0.04296875 0.23046875 0.0859375 0.1953125
0 0.2012439015625 0.1946731609375 0.95859375 0.140625 0.17494400000000002 0.159379 0.2012439015625 0.1946731609375
0 0.2012439015625 0.1946731609375 0.0828125 0.203125 0.740358 0.918158 0.2012439015625 0.1946731609375
0 0.0453125 0.065625 0.090625 0.13125
0 0.615625 0.02578125 0.2125 0.0515625
0 0.50390625 0.98203125 0.184375 0.0359375
0 0.0140625 0.628125 0.028125 0.2140625
0 0.96953125 0.928125 0.0609375 0.14375