0 0.75625 0.65625 0.125 0.140625
0 0.734375 0.3921875 0.1375 0.1609375
0 0.6859375 0.1234375 0.1484375 0.1640625
0 0.946875 0.09765625 0.10625 0.1484375
0 0.1875 0.23046875 0.140625 0.090625
0 0.4296875 0.1796875 0.1171875 0.1140625
0 0.46484375 0.453125 0.10625 0.109375
0 0.2171875 0.4828125 0.1484375 0.1328125
0 0.2515625 0.74375 0.125 0.1171875
0 0.50390625 0.6859375 0.125 0.121875
0 0.5546875 0.9453125 0.109375 0.109375
0 0.803125 0.91796875 0.1765625 0.1640625
0 0.14453125 0.0328125 0.1171875 0.065625 0.295566 0.9710000000000001 0.150652 0.057586000000000005 0.14453125 0.0328125
0 0.96875 0.33359375 0.0625 0.134375
0 0.02734375 0.528125 0.0546875 0.1515625
0 0.971875 0.61796875 0.05625 0.16875
0 0.01640625 0.52578125 0.0328125 0.14375