0 0.6734375 0.91796875 0.184375 0.1484375
0 0.31640625 0.3609375 0.171875 0.1765625
0 0.1859375 0.9296875 0.1609375 0.125
0 0.1421875 0.50390625 0.2078125 0.1796875
0 0.69921875 0.071875 0.1953125 0.1375
0 0.9046875 0.446875 0.184375 0.2
0 0.1109375 0.03125 0.1609375 0.0625
0 0.2796875 0.696875 0.153125 0.1453125
0 0.9359375 0.9359375 0.121875 0.1140625
0 0.8109375 0.2734375 0.215625 0.1875
0 0.05625 0.31015625 0.1125 0.1765625
0 0.56640625 0.696875 0.2109375 0.1765625
0 0.0765625 0.7875 0.1484375 0.171875
0 0.3671875 0.87109375 0.1796875 0.153125
0 0.4359375 0.553125 0.1796875 0.1875
0 0.62890625 0.44140625 0.1484375 0.1484375
0 0.7671875 0.61875 0.1453125 0.121875
0 0.84375 0.78515625 0.1375 0.15625
0 0.5296875 0.23046875 0.16875 0.1453125
0 0.3984375 0.0953125 0.125 0.1375
0 0.23828125 0.1953125 0.1484375 0.140625
0 0.0640625 0.1875 0.96796875 0.1484375 0.052666000000000004 0.15929500000000002 0.026333000000000002 0.622099 0.0640625 0.1875
0 0.89453125 0.01953125 0.2015625 0.0390625
0 0.97734375 0.6640625 0.0453125 0.175
0 0.4796875 0.98203125 0.15 0.0359375
0 0.48046875 0.9875 0.1515625 0.025
0 0.98359375 0.66953125 0.0328125 0.178125