0 0.7359375 0.0921875 0.1765625 0.1609375
0 0.3359375 0.7734375 0.1875 0.1640625
0 0.93359375 0.4921875 0.125 0.140625
0 0.6546875 0.8734375 0.1765625 0.1609375
0 0.0921875 0.384375 0.1765625 0.2
0 0.9390625 0.9375 0.121875 0.125
0 0.41015625 0.47265625 0.1484375 0.15625
0 0.3109375 0.31640625 0.1765625 0.1328125
0 0.5484375 0.63671875 0.184375 0.171875
0 0.9671875 0.1859375 0.0515625 0.1375
0 0.1109375 0.8421875 0.1921875 0.184375
0 0.228125 0.5859375 0.184375 0.171875
0 0.5375 0.21484375 0.171875 0.1453125
0 0.634375 0.4 0.153125 0.1484375
0 0.84375 0.29296875 0.1921875 0.15625
0 0.4234375 0.93359375 0.1796875 0.1328125
0 0.22265625 0.12109375 0.153125 0.1296875
0 0.05859375 0.20703125 0.1171875 0.15625
0 0.42109375 0.0484375 0.1765625 0.096875
0 0.73046875 0.578125 0.121875 0.109375 0.06356300000000001 0.677396 0.127127 0.172149 0.73046875 0.578125
0 0.91796875 0.040625 0.1640625 0.08125
0 0.22734375 0.978125 0.19375 0.04375
0 0.9796875 0.6671875 0.040625 0.165625
0 0.63203125 0.0078125 0.165625 0.015625
0 0.63125 0.01171875 0.159375 0.0234375
0 0.98515625 0.6671875 0.0296875 0.159375
0 0.0125 0.928125 0.025 0.14375