0 0.88125 0.16015625 0.2078125 0.203125
0 0.5375 0.5859375 0.2625 0.25
0 0.446875 0.2171875 0.2078125 0.1921875
0 0.88125 0.54296875 0.23125 0.1796875
0 0.7671875 0.7359375 0.2078125 0.215625
0 0.61640625 0.0484375 0.1640625 0.096875
0 0.103125 0.35 0.16875 0.1765625
0 0.6859375 0.3984375 0.2234375 0.2109375
0 0.94140625 0.88671875 0.109375 0.1484375
0 0.12890625 0.66796875 0.1640625 0.1640625
0 0.30625 0.44375 0.16875 0.16875
0 0.34375 0.82421875 0.1640625 0.1765625
0 0.6484375 0.9375 0.2109375 0.125
0 0.13726902968750002 0.062132790625 0.1609375 0.078125 0.951695 0.031823000000000004 0.13726902968750002 0.062132790625
0 0.03125 0.8921875 0.0625 0.16875
0 0.19609375 0.9796875 0.1890625 0.040625
0 0.0171875 0.196875 0.034375 0.153125
0 0.9875 0.31796875 0.025 0.209375
0 0.98203125 0.3234375 0.0359375 0.2171875
0 0.01171875 0.19375 0.0234375 0.1484375
0 0.1953125 0.9859375 0.1890625 0.028125