0 0.9359375 0.5296875 0.121875 0.1765625
0 0.6796875 0.44140625 0.2109375 0.1796875
0 0.259375 0.1484375 0.2078125 0.203125
0 0.7875 0.62890625 0.2 0.1796875
0 0.44921875 0.0796875 0.1796875 0.159375
0 0.3359375 0.35546875 0.2109375 0.2265625
0 0.265625 0.634375 0.21875 0.2078125
0 0.1484375 0.44140625 0.203125 0.1953125
0 0.8671875 0.353125 0.234375 0.2078125
0 0.3671875 0.8109375 0.2109375 0.1921875
0 0.6859375 0.9046875 0.215625 0.184375
0 0.765625 0.16796875 0.21875 0.1875
0 0.5609375 0.2421875 0.215625 0.171875
0 0.66015625 0.03125 0.1796875 0.0625
0 0.87890625 0.81640625 0.1875 0.1953125
0 0.478125 0.5296875 0.1765625 0.1765625
0 0.9234375 0.06640625 0.1453125 0.1328125
0 0.06875 0.24375 0.1375 0.2109375
0 0.1421875 0.04296875 0.1609375 0.0859375
0 0.5703125 0.7171875 0.2390625 0.1765625
0 0.44921875 0.9546875 0.2421875 0.090625
0 0.15234375 0.9140625 0.2421875 0.171875
0 0.07421875 0.7265625 0.1484375 0.2078125
0 0.93125 0.946875 0.1375 0.10625 0.029861 0.076531 0.059699999999999996 0.153063 0.93125 0.946875
0 0.02421875 0.5609375 0.0484375 0.190625
0 0.98671875 0.71015625 0.0265625 0.1875
0 0.98203125 0.71640625 0.0359375 0.2015625
0 0.98515625 0.24453125 0.0296875 0.1875
0 0.98046875 0.2484375 0.0390625 0.19375
0 0.025 0.9609375 0.05 0.078125