0 0.9296875 0.26171875 0.1328125 0.1796875
0 0.321875 0.546875 0.16875 0.15625
0 0.859375 0.5546875 0.15625 0.1640625
0 0.446875 0.75390625 0.1765625 0.171875
0 0.4296875 0.2875 0.203125 0.1765625
0 0.62890625 0.1734375 0.1796875 0.184375
0 0.9359375 0.728125 0.121875 0.1765625
0 0.321875 0.103125 0.16875 0.153125
0 0.7484375 0.821875 0.2078125 0.16875
0 0.82890625 0.071875 0.1671875 0.14375
0 0.5546875 0.9234375 0.1640625 0.1453125
0 0.225 0.38125 0.16875 0.1375
0 0.2421875 0.84765625 0.203125 0.1796875
0 0.5328125 0.44921875 0.1796875 0.1453125
0 0.74609375 0.36875 0.153125 0.140625
0 0.67578125 0.65 0.234375 0.16875
0 0.1234375 0.65625 0.153125 0.15625
0 0.05078125 0.46484375 0.1015625 0.1875
0 0.11328125 0.1875 0.140625 0.1296875
0 0.53125 0.04296875 0.140625 0.0859375
0 0.10445792031250001 0.152726596875 0.10813500000000001 0.092001 0.054067 0.046 0.10445792031250001 0.152726596875
0 0.05859375 0.91015625 0.1171875 0.1796875 0.10445792031250001 0.152726596875 0.05859375 0.91015625
0 0.353125 0.97109375 0.1796875 0.0578125
0 0.853125 0.97734375 0.1765625 0.0453125
0 0.96953125 0.034375 0.0609375 0.06875
0 0.9859375 0.45234375 0.028125 0.14375
0 0.9796875 0.45546875 0.040625 0.1453125
0 0.9921875 0.9171875 0.015625 0.1546875
0 0.990625 0.453125 0.01875 0.140625
0 0.00859375 0.775 0.0171875 0.1171875