0 0.75390625 0.7484375 0.15625 0.153125
0 0.921875 0.5625 0.1484375 0.15625
0 0.72265625 0.040625 0.1640625 0.08125
0 0.5484375 0.5546875 0.153125 0.1328125
0 0.12890625 0.5796875 0.1640625 0.153125
0 0.7421875 0.3734375 0.171875 0.1609375
0 0.921875 0.1859375 0.1484375 0.153125
0 0.3359375 0.37890625 0.1484375 0.1171875
0 0.34765625 0.76171875 0.1171875 0.1171875
0 0.946875 0.9234375 0.0984375 0.1453125
0 0.56640625 0.946875 0.1328125 0.0984375
0 0.1078125 0.2015625 0.140625 0.1796875
0 0.33515625 0.0484375 0.1203125 0.096875
0 0.13125 0.93359375 0.1640625 0.1328125