0 0.87890625 0.0625 0.15625 0.125
0 0.68125 0.1625 0.1640625 0.1484375
0 0.96640625 0.253125 0.0671875 0.1375
0 0.79296875 0.3515625 0.153125 0.140625
0 0.90234375 0.5546875 0.1328125 0.1375
0 0.6875 0.6265625 0.1640625 0.140625
0 0.796875 0.821875 0.1609375 0.1453125
0 0.96484375 0.725 0.0703125 0.1484375
0 0.91015625 0.95859375 0.1796875 0.0828125
0 0.59375 0.446875 0.1609375 0.140625
0 0.484375 0.26953125 0.15625 0.1296875
0 0.3671875 0.0796875 0.15625 0.1328125
0 0.15 0.1578125 0.121875 0.1375
0 0.2640625 0.35546875 0.15625 0.1484375
0 0.365625 0.53125 0.184375 0.1375
0 0.484375 0.72265625 0.1640625 0.153125
0 0.59375 0.90234375 0.171875 0.171875
0 0.3765625 0.95859375 0.15625 0.0828125
0 0.2640625 0.821875 0.171875 0.1484375
0 0.171875 0.63671875 0.1484375 0.1140625
0 0.05859375 0.4453125 0.1171875 0.1296875
0 0.14806385 0.15097507968749999 0.581222 0.025786999999999997 0.15811 0.051570000000000005 0.14806385 0.15097507968749999
0 0.14806385 0.15097507968749999 0.140625 0.153125 0.0703125 0.9203125 0.14806385 0.15097507968749999
0 0.021875 0.73828125 0.04375 0.1515625
0 0.028125 0.2796875 0.05625 0.165625
0 0.05625 0.021875 0.1125 0.04375
0 0.0140625 0.2734375 0.028125 0.1734375
0 0.01328125 0.7359375 0.0265625 0.153125
0 0.009375 0.27265625 0.01875 0.1703125