0 0.4921875 0.8046875 0.1953125 0.171875
0 0.29296875 0.0796875 0.1796875 0.153125
0 0.8359375 0.790625 0.171875 0.1609375
0 0.69375 0.93359375 0.1765625 0.125
0 0.9546875 0.62890625 0.0828125 0.1484375
0 0.1421875 0.228125 0.1765625 0.1609375
0 0.32421875 0.665625 0.1640625 0.16875
0 0.4859375 0.2171875 0.16875 0.153125
0 0.953125 0.321875 0.0859375 0.1453125
0 0.32421875 0.36328125 0.1375 0.171875
0 0.6421875 0.3609375 0.1453125 0.140625
0 0.8125 0.2125 0.1453125 0.125
0 0.6078125 0.046875 0.121875 0.09375
0 0.828125 0.490625 0.1453125 0.15625
0 0.4859375 0.50625 0.1484375 0.1484375
0 0.1640625 0.53125 0.1796875 0.1453125
0 0.6703125 0.665625 0.15625 0.1296875
0 0.15625 0.828125 0.125 0.1328125
0 0.210765453125 0.26248608125 0.961214 0.9277979999999999 0.1796875 0.090625 0.210765453125 0.26248608125
0 0.3359375 0.9546875 0.210765453125 0.26248608125 0.077573 0.144404 0.3359375 0.9546875
0 0.03515625 0.95546875 0.0703125 0.0890625
0 0.0359375 0.3890625 0.0703125 0.14375
0 0.0359375 0.68046875 0.071875 0.140625
0 0.02109375 0.10546875 0.0421875 0.14375
0 0.0140625 0.10234375 0.028125 0.1375