0 0.5625 0.50390625 0.15625 0.1640625
0 0.2796875 0.29296875 0.1640625 0.1640625
0 0.52734375 0.2171875 0.1375 0.121875
0 0.7953125 0.1859375 0.1609375 0.1328125
0 0.834375 0.453125 0.1375 0.109375
0 0.8734375 0.7171875 0.121875 0.1328125
0 0.615625 0.7578125 0.109375 0.125
0 0.3203125 0.82421875 0.1375 0.16875
0 0.290625 0.5390625 0.1765625 0.153125
0 0.0390625 0.6234375 0.078125 0.1171875
0 0.19921875 0.046875 0.1875 0.09375 0.474383 0.016299 0.137955 0.032542 0.19921875 0.046875
0 0.47578125 0.0078125 0.1375 0.015625
0 0.0765625 0.9 0.140625 0.1265625
0 0.68984375 0.9921875 0.1578125 0.015625
0 0.47421875 0.01171875 0.1390625 0.0234375