0 0.140625 0.91015625 0.21875 0.1640625
0 0.31875 0.10546875 0.2390625 0.2109375
0 0.91796875 0.5296875 0.15625 0.2390625
0 0.3359375 0.3421875 0.2421875 0.246875
0 0.896875 0.2359375 0.2 0.2546875
0 0.109375 0.6625 0.21875 0.2390625
0 0.4234375 0.8671875 0.2546875 0.2421875
0 0.72265625 0.821875 0.234375 0.2390625
0 0.6 0.08203125 0.2390625 0.1640625
0 0.37890625 0.59765625 0.2265625 0.2265625
0 0.0796875 0.128125 0.159375 0.25
0 0.0859375 0.38671875 0.1640625 0.2265625
0 0.9609375 0.76171875 0.0703125 0.203125
0 0.759375 0.97265625 0.215625 0.046875
0 0.69921875 0.5640625 0.140625 0.171875