0 0.66015625 0.38671875 0.1640625 0.1171875
0 0.34765625 0.4078125 0.1171875 0.1015625
0 0.41796875 0.665625 0.1015625 0.121875
0 0.68359375 0.64453125 0.16875 0.1140625
0 0.72265625 0.8375 0.125 0.1484375
0 0.1484375 0.92578125 0.10625 0.1140625
0 0.0875 0.4671875 0.1484375 0.1609375
0 0.1234375 0.2359375 0.1015625 0.121875
0 0.34765625 0.1703125 0.140625 0.1453125
0 0.63125 0.146875 0.1609375 0.1296875
0 0.89453125 0.08203125 0.1453125 0.1296875
0 0.93359375 0.3359375 0.1328125 0.1015625
0 0.1245333796875 0.1686970875 0.9527699999999999 0.583267 0.0984375 0.1484375 0.1245333796875 0.1686970875
0 0.95078125 0.81015625 0.1245333796875 0.1686970875 0.09446 0.153644 0.95078125 0.81015625