0 0.56640625 0.43359375 0.16875 0.16875
0 0.44375 0.63125 0.1453125 0.153125
0 0.6640625 0.728125 0.16875 0.1453125
0 0.8890625 0.82421875 0.1765625 0.1609375
0 0.5859375 0.890625 0.1921875 0.1453125
0 0.78515625 0.9609375 0.1609375 0.078125
0 0.37109375 0.8109375 0.1796875 0.1375
0 0.2734375 0.5328125 0.1453125 0.1375
0 0.0765625 0.9203125 0.1296875 0.1453125
0 0.17415902968750002 0.3426638265625 0.143124 0.135 0.177695 0.7328520000000001 0.17415902968750002 0.3426638265625
0 0.265625 0.9546875 0.171875 0.090625 0.17415902968750002 0.3426638265625 0.265625 0.9546875
0 0.05234375 0.0328125 0.1046875 0.065625
0 0.01953125 0.6296875 0.0390625 0.109375
0 0.0140625 0.625 0.028125 0.109375