0 0.9359375 0.796875 0.121875 0.171875
0 0.3359375 0.9234375 0.2109375 0.1375
0 0.4859375 0.3046875 0.23125 0.203125
0 0.134375 0.821875 0.2 0.2078125
0 0.8984375 0.53515625 0.1953125 0.1875
0 0.6734375 0.3984375 0.1921875 0.203125
0 0.571875 0.5921875 0.2 0.184375
0 0.7984375 0.22265625 0.1921875 0.1796875
0 0.103125 0.09765625 0.2 0.1796875
0 0.37890625 0.4921875 0.2109375 0.1796875
0 0.75390625 0.69921875 0.21875 0.1953125
0 0.60546875 0.13671875 0.2265625 0.1953125
0 0.196875 0.384375 0.2078125 0.2078125
0 0.446875 0.7671875 0.2078125 0.1921875
0 0.28515625 0.19375 0.203125 0.2
0 0.8984375 0.0484375 0.1875 0.096875
0 0.9546875 0.3609375 0.075 0.184375
0 0.259375 0.66015625 0.1984375 0.1796875
0 0.07421875 0.5546875 0.1328125 0.16875
0 0.396875 0.0546875 0.1640625 0.109375 0.11013137343749999 0.1824982859375 0.396875 0.0546875
0 0.11013137343749999 0.1824982859375 0.087181 0.192728 0.043591000000000005 0.272718 0.11013137343749999 0.1824982859375
0 0.521875 0.9796875 0.1984375 0.040625
0 0.72421875 0.0203125 0.203125 0.040625
0 0.88125 0.96953125 0.1671875 0.0609375
0 0.02109375 0.7234375 0.0421875 0.165625
0 0.0453125 0.94921875 0.090625 0.1015625
0 0.64921875 0.87578125 0.121875 0.1171875