0 0.1859375 0.2171875 0.2078125 0.2
0 0.1734375 0.6796875 0.2 0.1875
0 0.57421875 0.8984375 0.2109375 0.1796875
0 0.69140625 0.7359375 0.1796875 0.1921875
0 0.4921875 0.609375 0.171875 0.1875
0 0.32890625 0.05625 0.1828125 0.1125
0 0.07421875 0.8609375 0.1484375 0.16875
0 0.9046875 0.3359375 0.184375 0.140625
0 0.728125 0.2484375 0.184375 0.1765625
0 0.2796875 0.50390625 0.215625 0.171875
0 0.5296875 0.1234375 0.2 0.184375
0 0.0859375 0.38671875 0.1640625 0.1953125
0 0.8609375 0.84765625 0.215625 0.1953125
0 0.84765625 0.0609375 0.1953125 0.121875
0 0.8109375 0.5171875 0.1921875 0.1375
0 0.353125 0.7734375 0.1765625 0.1484375
0 0.03515625 0.109375 0.0703125 0.171875
0 0.5921875 0.453125 0.1171875 0.1140625
0 0.2203125 0.9390625 0.2078125 0.121875
0 0.06889916874999999 0.180910021875 0.05514 0.173591 0.02757 0.5808340000000001 0.06889916874999999 0.180910021875
0 0.9625 0.65625 0.075 0.121875 0.06889916874999999 0.180910021875 0.9625 0.65625
0 0.7484375 0.95546875 0.1890625 0.0890625
0 0.9828125 0.18359375 0.034375 0.1671875
0 0.125 0.01484375 0.175 0.0296875
0 0.63203125 0.0203125 0.2046875 0.040625
0 0.9859375 0.18359375 0.028125 0.16875
0 0.44375 0.9859375 0.2015625 0.028125
0 0.12890625 0.0078125 0.16875 0.015625
0 0.98671875 0.925 0.0265625 0.15
0 0.990625 0.92578125 0.01875 0.1484375
0 0.9921875 0.4640625 0.015625 0.140625