0 0.859375 0.203125 0.1796875 0.15625
0 0.478125 0.484375 0.16875 0.1640625
0 0.915625 0.665625 0.1609375 0.16875
0 0.51171875 0.165625 0.171875 0.184375
0 0.37890625 0.0375 0.15625 0.075
0 0.19375 0.1234375 0.1765625 0.184375
0 0.1484375 0.4234375 0.203125 0.1921875
0 0.4359375 0.7484375 0.1921875 0.16875
0 0.1109375 0.728125 0.184375 0.1765625
0 0.35 0.290625 0.1765625 0.1828125
0 0.2984375 0.59765625 0.153125 0.15625
0 0.6109375 0.6421875 0.1609375 0.1765625
0 0.6546875 0.3296875 0.16875 0.1765625
0 0.7265625 0.803125 0.121875 0.121875
0 0.88203125 0.95078125 0.1828125 0.0984375
0 0.7171875 0.05859375 0.23125 0.1171875
0 0.046875 0.25625 0.09375 0.15625
0 0.2421875 0.88125 0.16875 0.1953125
0 0.0628783796875 0.3696420546875 0.065525 0.17807900000000002 0.032762 0.560485 0.0628783796875 0.3696420546875
0 0.0546875 0.9625 0.109375 0.075 0.0628783796875 0.3696420546875 0.0546875 0.9625
0 0.065625 0.0234375 0.13125 0.046875
0 0.584375 0.9390625 0.1625 0.121875