0 0.8359375 0.03125 0.1640625 0.0625
0 0.2421875 0.665625 0.203125 0.16875
0 0.12890625 0.2109375 0.1953125 0.1875
0 0.10546875 0.51171875 0.15625 0.140625
0 0.9546875 0.1546875 0.075 0.153125
0 0.6546875 0.12890625 0.184375 0.171875
0 0.06875 0.7890625 0.1171875 0.140625
0 0.375 0.8203125 0.125 0.1328125
0 0.19140625 0.928125 0.1796875 0.1375
0 0.78125 0.271875 0.140625 0.1453125
0 0.2535876640625 0.0798775859375 0.5022949999999999 0.018840000000000003 0.170133 0.037674 0.2535876640625 0.0798775859375
0 0.2535876640625 0.0798775859375 0.1015625 0.1171875 0.9453125 0.4296875 0.2535876640625 0.0798775859375
0 0.01796875 0.3203125 0.034375 0.178125
0 0.84765625 0.97265625 0.1671875 0.0546875
0 0.01171875 0.321875 0.0234375 0.1734375
0 0.00859375 0.61796875 0.0171875 0.1625
0 0.00859375 0.321875 0.0171875 0.1796875
0 0.84921875 0.984375 0.1625 0.03125
0 0.50859375 0.01328125 0.1625 0.0265625