0 0.415625 0.41015625 0.2 0.1953125
0 0.9234375 0.853125 0.1453125 0.1765625
0 0.4234375 0.87890625 0.1921875 0.1796875
0 0.509375 0.5859375 0.215625 0.1875
0 0.109375 0.7796875 0.1953125 0.1765625
0 0.921875 0.384375 0.1484375 0.1921875
0 0.203125 0.9359375 0.1875 0.121875
0 0.821875 0.6796875 0.2 0.1953125
0 0.7046875 0.05078125 0.184375 0.1015625
0 0.3109375 0.2171875 0.184375 0.1609375
0 0.4859375 0.1171875 0.1765625 0.171875
0 0.959375 0.5921875 0.075 0.16875
0 0.8296875 0.2171875 0.2 0.1765625
0 0.7359375 0.50625 0.1921875 0.16875
0 0.31640625 0.69921875 0.1953125 0.15625
0 0.1109375 0.31640625 0.1921875 0.1875
0 0.19921875 0.5171875 0.171875 0.1609375
0 0.6234375 0.7796875 0.184375 0.16875
0 0.04296875 0.1109375 0.0859375 0.184375
0 0.62890625 0.321875 0.1875 0.1609375
0 0.72578125 0.93515625 0.2421875 0.1296875
0 0.1921875 0.10625 0.1859375 0.053125 0.089663 0.178663 0.044830999999999996 0.597372 0.1921875 0.10625
0 0.9734375 0.12109375 0.053125 0.16875
0 0.528125 0.98359375 0.184375 0.0328125
0 0.39453125 0.00859375 0.1796875 0.0171875
0 0.52578125 0.98828125 0.1953125 0.0234375
0 0.396875 0.0140625 0.184375 0.028125
0 0.528125 0.99140625 0.1734375 0.0171875