0 0.63125 0.1484375 0.2 0.1953125
0 0.634375 0.6171875 0.1921875 0.1953125
0 0.9359375 0.72265625 0.121875 0.1484375
0 0.3046875 0.0765625 0.1796875 0.153125
0 0.2171875 0.3421875 0.1921875 0.184375
0 0.73046875 0.8046875 0.1640625 0.1640625
0 0.81640625 0.50390625 0.1796875 0.1796875
0 0.41015625 0.2484375 0.1640625 0.1453125
0 0.3046875 0.946875 0.2109375 0.0984375
0 0.0546875 0.915625 0.109375 0.1609375
0 0.91796875 0.2109375 0.15625 0.15625
0 0.103125 0.60546875 0.1609375 0.1484375
0 0.4984375 0.41015625 0.125 0.109375
0 0.7359375 0.3296875 0.1484375 0.1484375
0 0.834375 0.0609375 0.1796875 0.121875
0 0.30859375 0.5015625 0.16875 0.121875
0 0.428125 0.7171875 0.184375 0.1296875
0 0.209375 0.80625 0.153125 0.1375
0 0.5375 0.890625 0.1484375 0.125
0 0.11328125 0.15625 0.140625 0.1375
0 0.04609375 0.4265625 0.0921875 0.16875
0 0.82421875 0.95703125 0.1546875 0.084375
0 0.0609375 0.128125 0.96953125 0.8796875 0.087233 0.06523799999999999 0.043617 0.032699 0.0609375 0.128125
0 0.50859375 0.01640625 0.171875 0.0328125
0 0.9859375 0.40859375 0.028125 0.16875
0 0.98046875 0.41796875 0.0390625 0.178125