0 0.8359375 0.57421875 0.1640625 0.15625
0 0.41015625 0.103125 0.2421875 0.2
0 0.3671875 0.7421875 0.1796875 0.171875
0 0.8734375 0.915625 0.2390625 0.1609375
0 0.959375 0.5546875 0.075 0.109375
0 0.8734375 0.734375 0.16875 0.15625
0 0.5609375 0.3046875 0.1296875 0.1375
0 0.61875 0.5375 0.1453125 0.1296875
0 0.63125 0.7515625 0.1640625 0.1765625 0.15102851875 0.2469928109375 0.63125 0.7515625
0 0.15102851875 0.2469928109375 0.049587 0.140408 0.024793000000000003 0.9291180000000001 0.15102851875 0.2469928109375
0 0.6359375 0.1265625 0.134375 0.1171875
0 0.9765625 0.0609375 0.046875 0.121875