0 0.7359375 0.6734375 0.23125 0.215625
0 0.7109375 0.19921875 0.2421875 0.234375
0 0.51171875 0.3109375 0.2109375 0.23125
0 0.8359375 0.84765625 0.2265625 0.1796875
0 0.41015625 0.1234375 0.21875 0.2078125
0 0.5234375 0.78515625 0.1953125 0.2109375
0 0.9046875 0.103125 0.184375 0.2
0 0.321875 0.8609375 0.1921875 0.1921875
0 0.3109375 0.3921875 0.215625 0.215625
0 0.91796875 0.5796875 0.15625 0.184375
0 0.1109375 0.0625 0.1921875 0.125
0 0.19921875 0.2046875 0.1953125 0.2
0 0.9671875 0.75625 0.059375 0.16875
0 0.44921875 0.9671875 0.1640625 0.0515625
0 0.05859375 0.3046875 0.1171875 0.203125
0 0.6109375 0.0546875 0.2234375 0.109375
0 0.11328125 0.93359375 0.2234375 0.1328125
0 0.6328125 0.93125 0.215625 0.1375
0 0.190972909375 0.0910717453125 0.306075 0.013422 0.20745200000000003 0.026728000000000002 0.190972909375 0.0910717453125
0 0.190972909375 0.0910717453125 0.1453125 0.121875 0.08984375 0.4859375 0.190972909375 0.0910717453125
0 0.91640625 0.96953125 0.1671875 0.0609375