0 0.3421875 0.0296875 0.121875 0.059375
0 0.3296875 0.7796875 0.153125 0.1453125
0 0.2984375 0.2796875 0.153125 0.1453125
0 0.1625 0.08984375 0.1609375 0.1484375
0 0.46875 0.1546875 0.1171875 0.1015625
0 0.61328125 0.0609375 0.140625 0.121875
0 0.75 0.209375 0.1375 0.1453125
0 0.928125 0.0859375 0.109375 0.10625
0 0.5703125 0.30859375 0.125 0.1171875
0 0.853125 0.4046875 0.1140625 0.1171875
0 0.6859375 0.5171875 0.140625 0.1015625
0 0.3921875 0.45703125 0.125 0.10625
0 0.084375 0.4234375 0.121875 0.1296875
0 0.19140625 0.6 0.1375 0.121875
0 0.0453125 0.71875 0.090625 0.1171875
0 0.1484375 0.890625 0.1171875 0.140625
0 0.5078125 0.64453125 0.1140625 0.121875
0 0.625 0.83984375 0.09375 0.1171875
0 0.7984375 0.70703125 0.10625 0.125
0 0.96484375 0.59375 0.0703125 0.109375
0 0.87890625 0.865625 0.109375 0.090625
0 0.7109375 0.96875 0.1375 0.0625
0 0.1203476703125 0.134370740625 0.97757 0.283969 0.1125 0.1140625 0.1203476703125 0.134370740625
0 0.4328125 0.94296875 0.1203476703125 0.134370740625 0.04486 0.121197 0.4328125 0.94296875
0 0.984375 0.28359375 0.03125 0.125