0 0.13671875 0.0921875 0.2265625 0.184375
0 0.8921875 0.9046875 0.2078125 0.184375
0 0.6859375 0.54296875 0.2234375 0.2109375
0 0.671875 0.0859375 0.1875 0.1640625
0 0.2671875 0.2671875 0.246875 0.1828125
0 0.3609375 0.44140625 0.1921875 0.1953125
0 0.8984375 0.4546875 0.1875 0.1765625
0 0.76171875 0.26171875 0.1953125 0.1875
0 0.4671875 0.1734375 0.2078125 0.1765625
0 0.353125 0.9234375 0.16875 0.1453125
0 0.571875 0.3609375 0.2 0.184375
0 0.453125 0.66015625 0.15625 0.15625
0 0.94921875 0.63671875 0.0859375 0.1796875
0 0.5796875 0.8359375 0.1921875 0.171875
0 0.8109375 0.734375 0.2 0.1640625
0 0.946875 0.16015625 0.0984375 0.1796875
0 0.85234375 0.040625 0.1359375 0.08125
0 0.1734375 0.5484375 0.1921875 0.2
0 0.084375 0.36328125 0.16875 0.1921875
0 0.359375 0.04296875 0.1875 0.0859375
0 0.2875 0.74609375 0.171875 0.1765625
0 0.0875 0.86640625 0.175 0.2140625
0 0.03515625 0.6390625 0.0703125 0.2078125
0 0.2095884703125 0.09466818906249999 0.6828125 0.9625 0.21074600000000002 0.06035 0.2095884703125 0.09466818906249999
0 0.2095884703125 0.09466818906249999 0.1984375 0.07421875 0.18007 0.9698249999999999 0.2095884703125 0.09466818906249999
0 0.02109375 0.17890625 0.0421875 0.1671875
0 0.0140625 0.175 0.028125 0.165625