0 0.6625 0.0859375 0.2078125 0.171875
0 0.6484375 0.6234375 0.2109375 0.2390625
0 0.1171875 0.79296875 0.1953125 0.1875
0 0.2671875 0.0859375 0.215625 0.171875
0 0.2359375 0.60546875 0.246875 0.2109375
0 0.4984375 0.8109375 0.2 0.246875
0 0.06640625 0.3921875 0.1328125 0.2
0 0.51171875 0.2484375 0.2265625 0.2078125
0 0.3984375 0.4296875 0.203125 0.203125
0 0.13671875 0.228125 0.2265625 0.215625
0 0.94140625 0.109375 0.1015625 0.1875
0 0.76171875 0.4515625 0.171875 0.1609375
0 0.88125 0.26171875 0.171875 0.15625
0 0.15393979062500002 0.351652275 0.076621 0.134135 0.038354 0.9328540000000001 0.15393979062500002 0.351652275
0 0.3546875 0.91640625 0.190625 0.1671875 0.15393979062500002 0.351652275 0.3546875 0.91640625