0 0.57421875 0.915625 0.1953125 0.1609375
0 0.353125 0.4859375 0.2234375 0.184375
0 0.8109375 0.29296875 0.2 0.1875
0 0.071875 0.48359375 0.14375 0.1640625
0 0.19140625 0.3296875 0.140625 0.1453125
0 0.9046875 0.13671875 0.16875 0.1640625
0 0.6234375 0.134375 0.215625 0.1765625
0 0.22265625 0.6421875 0.203125 0.2
0 0.259375 0.94140625 0.175 0.109375
0 0.9359375 0.4234375 0.1140625 0.1765625
0 0.69921875 0.75625 0.2109375 0.2078125
0 0.9609375 0.734375 0.0625 0.140625
0 0.4859375 0.3046875 0.184375 0.171875
0 0.3609375 0.81640625 0.184375 0.1953125
0 0.1625 0.07421875 0.2 0.1484375
0 0.3109375 0.1734375 0.184375 0.1921875
0 0.8609375 0.9046875 0.153125 0.153125
0 0.8359375 0.57421875 0.171875 0.15625
0 0.6546875 0.44921875 0.1765625 0.15625
0 0.0453125 0.2421875 0.090625 0.15625
0 0.509375 0.6171875 0.153125 0.16875
0 0.0640625 0.86328125 0.1171875 0.1640625
0 0.4404081390625 0.052086671875000004 0.1953125 0.1015625 0.73699 0.034379 0.4404081390625 0.052086671875000004