0 0.11640625 0.0875 0.2265625 0.175
0 0.228125 0.26171875 0.23125 0.2109375
0 0.8671875 0.4546875 0.2109375 0.16875
0 0.63671875 0.08203125 0.1953125 0.1640625
0 0.5484375 0.8296875 0.2 0.2
0 0.5234375 0.3609375 0.171875 0.1765625
0 0.71875 0.26171875 0.21875 0.1953125
0 0.4234375 0.1796875 0.1921875 0.1796875
0 0.8359375 0.921875 0.171875 0.1484375
0 0.31640625 0.4609375 0.15625 0.171875
0 0.9234375 0.66015625 0.1375 0.1796875
0 0.634375 0.57421875 0.16875 0.1484375
0 0.31640625 0.0375 0.1640625 0.075
0 0.828125 0.046875 0.234375 0.09375
0 0.134375 0.56875 0.184375 0.1765625
0 0.0640625 0.36328125 0.121875 0.2
0 0.4609375 0.6640625 0.1765625 0.16875
0 0.75 0.740625 0.1953125 0.2
0 0.921875 0.1859375 0.15625 0.203125
0 0.240625 0.7484375 0.1796875 0.153125
0 0.3453125 0.9296875 0.1921875 0.140625
0 0.0640625 0.8359375 0.128125 0.15625
0 0.1880174625 0.0961668625 0.6486620000000001 0.9757830000000001 0.189755 0.048354999999999995 0.1880174625 0.0961668625
0 0.1880174625 0.0961668625 0.16875 0.059375 0.15625 0.9703125 0.1880174625 0.0961668625
0 0.0203125 0.66015625 0.040625 0.175
0 0.97890625 0.36875 0.0421875 0.184375
0 0.98046875 0.84375 0.0390625 0.190625
0 0.98515625 0.3703125 0.0296875 0.1859375
0 0.98671875 0.8375 0.0265625 0.18125
0 0.01328125 0.65625 0.0265625 0.1796875
0 0.990625 0.8421875 0.01875 0.1859375