0 0.55859375 0.5296875 0.1484375 0.1328125
0 0.86328125 0.5140625 0.1609375 0.1296875
0 0.828125 0.2265625 0.1609375 0.1296875
0 0.24375 0.334375 0.1328125 0.15625
0 0.20703125 0.0703125 0.1484375 0.1328125
0 0.48828125 0.046875 0.1453125 0.09375
0 0.5390625 0.30078125 0.125 0.1296875
0 0.2953125 0.584375 0.1921875 0.2
0 0.30859375 0.828125 0.1640625 0.1640625
0 0.90625 0.76171875 0.140625 0.1453125
0 0.11693888125 0.16720433437499999 0.603425 0.7903800000000001 0.11954899999999999 0.140691 0.11693888125 0.16720433437499999
0 0.11693888125 0.16720433437499999 0.09375 0.1375 0.046875 0.87890625 0.11693888125 0.16720433437499999
0 0.91796875 0.95390625 0.1640625 0.0921875
0 0.75859375 0.03046875 0.159375 0.0609375
0 0.0234375 0.61875 0.046875 0.1328125
0 0.01640625 0.61640625 0.0328125 0.13125
0 0.75078125 0.01953125 0.1390625 0.0390625