0 0.09765625 0.8109375 0.1953125 0.2234375
0 0.7984375 0.196875 0.215625 0.2078125
0 0.3609375 0.7796875 0.23125 0.246875
0 0.6625 0.37890625 0.2078125 0.1953125
0 0.8921875 0.8921875 0.2 0.2078125
0 0.3109375 0.1421875 0.23125 0.2
0 0.31875 0.4546875 0.23125 0.23125
0 0.921875 0.0546875 0.1484375 0.109375
0 0.48046875 0.2734375 0.2109375 0.2421875
0 0.69140625 0.7359375 0.1796875 0.1765625
0 0.82421875 0.5296875 0.1796875 0.184375
0 0.06875 0.4859375 0.1375 0.1765625
0 0.5296875 0.94375 0.1453125 0.10625
0 0.50390625 0.6015625 0.1328125 0.1609375
0 0.14453125 0.32421875 0.10625 0.1296875
0 0.18359375 0.6390625 0.1375 0.1375
0 0.6421875 0.06875 0.153125 0.1375
0 0.95703125 0.3421875 0.0859375 0.15625
0 0.1907363921875 0.07176187187500001 0.259375 0.96484375 0.20766900000000002 0.082992 0.1907363921875 0.07176187187500001
0 0.040625 0.17421875 0.08125 0.209375
0 0.97109375 0.696875 0.0578125 0.2015625
0 0.46171875 0.015625 0.225 0.03125
0 0.02421875 0.93828125 0.0484375 0.1234375
0 0.75625 0.978125 0.209375 0.04375
0 0.01796875 0.94609375 0.0359375 0.1078125