0 0.0796875 0.88359375 0.159375 0.1921875
0 0.85546875 0.9203125 0.2421875 0.153125
0 0.446875 0.88671875 0.2625 0.21875
0 0.6796875 0.34765625 0.21875 0.1953125
0 0.2109375 0.696875 0.203125 0.2
0 0.5171875 0.1625 0.1609375 0.16875
0 0.8984375 0.5796875 0.1875 0.1765625
0 0.29296875 0.32421875 0.1796875 0.1640625
0 0.4671875 0.5171875 0.215625 0.2
0 0.06875 0.4671875 0.1375 0.2546875
0 0.1 0.0859375 0.2 0.171875
0 0.665625 0.7421875 0.2 0.203125
0 0.20030632656249997 0.1567004734375 0.9203125 0.1640625 0.1996 0.041582999999999995 0.20030632656249997 0.1567004734375
0 0.20030632656249997 0.1567004734375 0.15625 0.15625 0.20535299999999998 0.979209 0.20030632656249997 0.1567004734375