0 0.5546875 0.81640625 0.171875 0.1484375
0 0.5546875 0.53515625 0.1640625 0.1484375
0 0.2359375 0.82421875 0.153125 0.15625
0 0.3359375 0.0859375 0.171875 0.1484375
0 0.2109375 0.5375 0.1796875 0.1765625
0 0.7046875 0.3734375 0.1296875 0.1375
0 0.0546875 0.109375 0.109375 0.1640625
0 0.41015625 0.94140625 0.171875 0.1015625
0 0.521875 0.240625 0.1375 0.1171875
0 0.69140625 0.0609375 0.1328125 0.121875
0 0.8921875 0.19921875 0.1609375 0.1609375
0 0.36875 0.365625 0.15625 0.1453125
0 0.178125 0.23828125 0.1375 0.140625
0 0.046875 0.3890625 0.09375 0.1328125
0 0.0625 0.69140625 0.10625 0.1328125
0 0.728125 0.66796875 0.1375 0.1328125
0 0.8921875 0.8046875 0.121875 0.1328125
0 0.859375 0.5171875 0.1171875 0.125
0 0.3765625 0.671875 0.1140625 0.09375
0 0.7296875 0.94296875 0.190625 0.1140625
0 0.11609161718750001 0.1585883359375 0.9767020000000001 0.059075 0.046527 0.11777299999999999 0.11609161718750001 0.1585883359375
0 0.11609161718750001 0.1585883359375 0.06875 0.1640625 0.965625 0.65703125 0.11609161718750001 0.1585883359375
0 0.09375 0.96640625 0.1359375 0.0671875
0 0.97890625 0.93828125 0.0421875 0.1234375
0 0.17421875 0.01484375 0.1484375 0.0296875
0 0.984375 0.93515625 0.03125 0.125
0 0.175 0.01171875 0.1515625 0.0234375
0 0.17421875 0.00859375 0.153125 0.0171875