0 0.4671875 0.5796875 0.1921875 0.16875
0 0.6484375 0.359375 0.2109375 0.2109375
0 0.48046875 0.2359375 0.1953125 0.2078125
0 0.3109375 0.7984375 0.1921875 0.16875
0 0.6421875 0.7046875 0.184375 0.1921875
0 0.828125 0.48046875 0.1875 0.1796875
0 0.13125 0.69921875 0.2 0.1875
0 0.296875 0.1234375 0.234375 0.16875
0 0.65390625 0.0484375 0.1671875 0.096875
0 0.2984375 0.4921875 0.1984375 0.203125
0 0.478125 0.9234375 0.184375 0.1453125
0 0.9359375 0.25625 0.1140625 0.2078125
0 0.81640625 0.134375 0.203125 0.16875
0 0.09921875 0.0484375 0.1609375 0.096875
0 0.83203125 0.8296875 0.16875 0.16875
0 0.9609375 0.615625 0.078125 0.1765625
0 0.0875 0.3578125 0.175 0.165625
0 0.0328125 0.90390625 0.065625 0.1453125
0 0.96484375 0.93515625 0.0671875 0.1296875
0 0.13671875 0.9625 0.1866140671875 0.07685813124999999 0.167657 0.040583999999999995 0.13671875 0.9625
0 0.0125 0.58984375 0.025 0.15
0 0.93828125 0.01640625 0.1234375 0.0328125
0 0.01796875 0.58984375 0.0359375 0.153125
0 0.65390625 0.98671875 0.16875 0.0265625
0 0.009375 0.59140625 0.01875 0.15
0 0.9390625 0.01171875 0.121875 0.0234375