0 0.9140625 0.8046875 0.1640625 0.140625
0 0.5921875 0.05078125 0.184375 0.1015625
0 0.66015625 0.4359375 0.1953125 0.2078125
0 0.7734375 0.03125 0.2109375 0.0625
0 0.9234375 0.1546875 0.1453125 0.1765625
0 0.478125 0.3296875 0.2234375 0.16875
0 0.82421875 0.55625 0.121875 0.109375
0 0.7109375 0.94921875 0.203125 0.09375
0 0.359375 0.59765625 0.1640625 0.1640625
0 0.94609375 0.025 0.0984375 0.05
0 0.490625 0.69140625 0.125 0.171875
0 0.23828125 0.45703125 0.1328125 0.1796875
0 0.69921875 0.5953125 0.140625 0.153125
0 0.85546875 0.703125 0.1328125 0.121875
0 0.71484375 0.14453125 0.1765625 0.1640625
0 0.1171875 0.16875 0.8375 0.2796875 0.149557 0.12637 0.360387 0.20511400000000002 0.1171875 0.16875
0 0.9671875 0.4515625 0.065625 0.1890625