0 0.9046875 0.6796875 0.184375 0.1875
0 0.509375 0.2109375 0.1921875 0.1953125
0 0.946875 0.29296875 0.0984375 0.1484375
0 0.7046875 0.8421875 0.215625 0.184375
0 0.290625 0.3609375 0.2390625 0.1296875
0 0.4921875 0.5921875 0.1640625 0.1609375
0 0.36015625 0.0484375 0.1765625 0.096875
0 0.69921875 0.4125 0.140625 0.184375
0 0.2620812359375 0.135300903125 0.73984375 0.071875 0.204481 0.05767 0.2620812359375 0.135300903125
0 0.2620812359375 0.135300903125 0.1984375 0.14375 0.8822720000000001 0.9711650000000001 0.2620812359375 0.135300903125
0 0.1546875 0.4359375 0.146875 0.159375