0 0.52734375 0.05859375 0.1375 0.1171875
0 0.7984375 0.0390625 0.1015625 0.078125
0 0.84765625 0.271875 0.153125 0.153125
0 0.60546875 0.3140625 0.184375 0.1875
0 0.24609375 0.32421875 0.1453125 0.1484375
0 0.615625 0.55859375 0.1171875 0.121875
0 0.884375 0.5171875 0.1171875 0.1296875
0 0.1819908734375 0.18797305625 0.9296875 0.7890625 0.153271 0.15084599999999998 0.1819908734375 0.18797305625
0 0.1819908734375 0.18797305625 0.1328125 0.1484375 0.659368 0.805093 0.1819908734375 0.18797305625
0 0.115625 0.8921875 0.109375 0.109375
0 0.3515625 0.853125 0.1515625 0.15625
0 0.03828125 0.36171875 0.0765625 0.1484375
0 0.0234375 0.11640625 0.046875 0.1578125
0 0.015625 0.11640625 0.03125 0.1453125
0 0.95078125 0.99140625 0.0984375 0.0171875