0 0.9296875 0.13125 0.1328125 0.1375
0 0.446875 0.19921875 0.1609375 0.1484375
0 0.4984375 0.6796875 0.1375 0.140625
0 0.6421875 0.8421875 0.121875 0.1140625
0 0.0796875 0.4671875 0.1296875 0.1296875
0 0.5796875 0.38125 0.153125 0.1375
0 0.2671875 0.30625 0.121875 0.1171875
0 0.16015625 0.13125 0.10625 0.10625
0 0.33984375 0.046875 0.140625 0.09375
0 0.63125 0.0796875 0.1484375 0.121875
0 0.734375 0.26953125 0.15625 0.1375
0 0.8375 0.44375 0.153125 0.1453125
0 0.96640625 0.30390625 0.0671875 0.1609375
0 0.67578125 0.56640625 0.1484375 0.1296875
0 0.1859375 0.6390625 0.140625 0.1140625
0 0.115625 0.9546875 0.140625 0.090625
0 0.80625 0.7421875 0.1375 0.121875
0 0.9375 0.62890625 0.125 0.1484375
0 0.8984375 0.92578125 0.140625 0.1171875
0 0.1814552890625 0.1088018171875 0.800365 0.016871 0.171182 0.033676 0.1814552890625 0.1088018171875
0 0.1814552890625 0.1088018171875 0.125 0.1171875 0.2828125 0.85 0.1814552890625 0.1088018171875
0 0.01953125 0.2875 0.0390625 0.165625
0 0.028125 0.78046875 0.05625 0.13125
0 0.4265625 0.9734375 0.1390625 0.053125