0 0.265625 0.5375 0.1875 0.16875
0 0.25390625 0.759375 0.2109375 0.1765625
0 0.4671875 0.959375 0.184375 0.075
0 0.7046875 0.046875 0.1921875 0.09375
0 0.709375 0.7484375 0.1453125 0.121875
0 0.68359375 0.5296875 0.1375 0.1140625
0 0.6890625 0.2875 0.15625 0.15625
0 0.94921875 0.74375 0.1015625 0.1484375
0 0.0390625 0.4859375 0.078125 0.16875
0 0.18828125 0.071875 0.1203125 0.14375
0 0.115625 0.1390625 0.0046875 0.0046875
0 0.0546875 0.0625 0.109375 0.125
0 0.45546875 0.10390625 0.1921875 0.1640625