0 0.5546875 0.3671875 0.203125 0.1796875
0 0.5796875 0.75625 0.246875 0.2390625
0 0.0625 0.6421875 0.125 0.2
0 0.859375 0.3609375 0.25 0.215625
0 0.165625 0.1171875 0.2078125 0.203125
0 0.3359375 0.26171875 0.2109375 0.2109375
0 0.171875 0.4609375 0.234375 0.2109375
0 0.47265625 0.0625 0.1796875 0.125
0 0.7171875 0.5484375 0.23125 0.2234375
0 0.9296875 0.1546875 0.1328125 0.215625
0 0.7484375 0.91796875 0.2078125 0.1484375
0 0.88125 0.69921875 0.2 0.1875
0 0.2046875 0.7828125 0.1484375 0.16875
0 0.39453125 0.9 0.1796875 0.2
0 0.0875 0.9453125 0.1609375 0.109375
0 0.6703125 0.1953125 0.1765625 0.15625
0 0.11327772656249999 0.21266628125000003 0.800721 0.037043 0.195052 0.074086 0.11327772656249999 0.21266628125000003
0 0.0453125 0.03671875 0.090625 0.0734375
0 0.30546875 0.01875 0.1875 0.0375
0 0.98203125 0.534375 0.0359375 0.2015625
0 0.98671875 0.53359375 0.025 0.2046875
0 0.98984375 0.53125 0.0203125 0.2