0 0.5296875 0.6171875 0.23125 0.21875
0 0.31640625 0.81875 0.2109375 0.2
0 0.8421875 0.0859375 0.215625 0.171875
0 0.928125 0.7671875 0.1375 0.2
0 0.4984375 0.7984375 0.1765625 0.1609375
0 0.87890625 0.25390625 0.1875 0.1796875
0 0.06875 0.5234375 0.1375 0.203125
0 0.571875 0.1171875 0.1453125 0.1328125
0 0.66796875 0.29296875 0.21875 0.25
0 0.91796875 0.4984375 0.15625 0.184375
0 0.16015625 0.1109375 0.2265625 0.1921875
0 0.728125 0.540625 0.23125 0.1921875
0 0.7484375 0.7671875 0.171875 0.2109375
0 0.39453125 0.196875 0.2 0.1953125
0 0.13671875 0.2796875 0.1609375 0.1484375
0 0.37890625 0.3578125 0.140625 0.1328125
0 0.259375 0.665625 0.21875 0.1453125 0.365008 0.05237699999999999 0.20219700000000002 0.104666 0.259375 0.665625
0 0.96953125 0.1453125 0.0609375 0.1859375
0 0.0640625 0.02578125 0.128125 0.0515625
0 0.028125 0.77578125 0.05625 0.165625
0 0.97265625 0.028125 0.0546875 0.05625