0 0.603125 0.8921875 0.2078125 0.2078125
0 0.85 0.56640625 0.2 0.1796875
0 0.66796875 0.3296875 0.1796875 0.2078125
0 0.5375 0.51171875 0.2 0.1875
0 0.4046875 0.696875 0.1921875 0.1765625
0 0.7671875 0.16015625 0.215625 0.1953125
0 0.7046875 0.728125 0.1921875 0.16875
0 0.3734375 0.13671875 0.1609375 0.1640625
0 0.94140625 0.384375 0.109375 0.1765625
0 0.2796875 0.8734375 0.184375 0.1765625
0 0.07421875 0.4546875 0.1484375 0.16875
0 0.193119578125 0.14591760781250002 0.903361 0.048403 0.182874 0.096806 0.193119578125 0.14591760781250002
0 0.193119578125 0.14591760781250002 0.140625 0.153125 0.22265625 0.2875 0.193119578125 0.14591760781250002
0 0.04375 0.159375 0.0875 0.1328125
0 0.50390625 0.02734375 0.15 0.0546875
0 0.134375 0.9703125 0.1921875 0.059375
0 0.17578125 0.0296875 0.1359375 0.059375