0 0.234375 0.609375 0.2109375 0.171875
0 0.4359375 0.0625 0.215625 0.125
0 0.7484375 0.59375 0.1921875 0.1875
0 0.53515625 0.2046875 0.1953125 0.1921875
0 0.9359375 0.928125 0.121875 0.1375
0 0.0625 0.69140625 0.125 0.1953125
0 0.25390625 0.134375 0.2109375 0.2
0 0.66796875 0.8734375 0.2109375 0.1921875
0 0.8671875 0.31640625 0.203125 0.1953125
0 0.13671875 0.87890625 0.1796875 0.1796875
0 0.6421875 0.384375 0.2 0.1765625
0 0.3296875 0.7796875 0.1609375 0.1765625
0 0.44140625 0.9359375 0.21875 0.121875
0 0.05625 0.23359375 0.1125 0.1796875
0 0.5609375 0.6796875 0.2 0.1953125
0 0.7484375 0.1109375 0.215625 0.1765625
0 0.4546875 0.4921875 0.1921875 0.1796875
0 0.1234375 0.415625 0.1921875 0.1765625
0 0.85546875 0.78125 0.1875 0.1875
0 0.9359375 0.4984375 0.121875 0.184375
0 0.9296875 0.0546875 0.1328125 0.109375
0 0.23125 0.23125 0.334375 0.290625 0.202695 0.033968 0.227763 0.9830159999999999 0.23125 0.23125
0 0.6515625 0.01484375 0.196875 0.0296875
0 0.76484375 0.98203125 0.18125 0.0359375
0 0.1296875 0.01328125 0.1890625 0.0265625
0 0.98671875 0.20859375 0.0265625 0.175
0 0.98671875 0.68515625 0.0265625 0.178125
0 0.98125 0.21328125 0.0375 0.171875
0 0.13671875 0.00859375 0.1828125 0.0171875
0 0.2375 0.9875 0.215625 0.025
0 0.9921875 0.69140625 0.015625 0.1796875
0 0.99140625 0.209375 0.0171875 0.171875
0 0.98046875 0.68984375 0.0390625 0.1734375