0 0.946875 0.2046875 0.0984375 0.1296875
0 0.353125 0.3296875 0.1453125 0.1375
0 0.6796875 0.0859375 0.1484375 0.140625
0 0.4046875 0.0546875 0.1296875 0.109375
0 0.25 0.1484375 0.15625 0.1484375
0 0.884375 0.4609375 0.1375 0.140625
0 0.51171875 0.2046875 0.1484375 0.1453125
0 0.0796875 0.25390625 0.153125 0.1328125
0 0.59765625 0.6796875 0.1328125 0.1328125
0 0.4296875 0.759375 0.140625 0.1375
0 0.3109375 0.6421875 0.1296875 0.121875
0 0.6484375 0.415625 0.1375 0.109375
0 0.81640625 0.290625 0.1296875 0.1140625
0 0.7578125 0.578125 0.1453125 0.109375
0 0.87890625 0.76953125 0.125 0.125
0 0.7171875 0.88671875 0.1328125 0.1328125
0 0.4859375 0.52734375 0.121875 0.1015625
0 0.5625 0.95703125 0.109375 0.0859375
0 0.26171875 0.8921875 0.153125 0.121875
0 0.1859375 0.74375 0.121875 0.090625
0 0.05859375 0.8421875 0.1171875 0.1140625
0 0.08984375 0.95859375 0.1328125 0.0828125
0 0.2015625 0.446875 0.1375 0.109375
0 0.053125 0.5546875 0.104971484375 0.1429654125 0.083795 0.123749 0.053125 0.5546875
0 0.104971484375 0.1429654125 0.958103 0.917132 0.10625 0.1328125 0.104971484375 0.1429654125
0 0.8296875 0.025 0.15625 0.05
0 0.01796875 0.090625 0.0359375 0.1359375
0 0.98046875 0.6421875 0.0390625 0.134375
0 0.8015625 0.98046875 0.1375 0.0390625
0 0.984375 0.640625 0.03125 0.1390625
0 0.80078125 0.98671875 0.1375 0.0265625
0 0.01171875 0.08828125 0.0234375 0.1421875
0 0.9921875 0.33828125 0.015625 0.1375
0 0.009375 0.0890625 0.0171875 0.1375
0 0.13671875 0.0140625 0.15 0.028125