0 0.4609375 0.0765625 0.203125 0.153125
0 0.7734375 0.1234375 0.234375 0.2078125
0 0.7734375 0.603125 0.21875 0.184375
0 0.928125 0.51171875 0.1375 0.21875
0 0.353125 0.328125 0.23125 0.21875
0 0.6796875 0.8984375 0.203125 0.1875
0 0.4546875 0.5296875 0.1765625 0.1921875
0 0.56640625 0.7046875 0.2265625 0.2234375
0 0.1484375 0.4046875 0.1953125 0.16875
0 0.0765625 0.69140625 0.153125 0.1640625
0 0.353125 0.8109375 0.23125 0.2
0 0.6859375 0.3984375 0.2234375 0.21875
0 0.26171875 0.12890625 0.1953125 0.203125
0 0.9390625 0.9359375 0.1140625 0.121875
0 0.1546875 0.8921875 0.2390625 0.1921875
0 0.571875 0.228125 0.2390625 0.215625
0 0.25390625 0.6109375 0.2265625 0.184375
0 0.06875 0.25 0.1375 0.21875
0 0.8671875 0.3046875 0.203125 0.1875
0 0.84765625 0.7796875 0.1640625 0.1765625
0 0.20711232656249998 0.130146646875 0.9418200000000001 0.068859 0.1953125 0.09375 0.20711232656249998 0.130146646875
0 0.47265625 0.94921875 0.20711232656249998 0.130146646875 0.11635999999999999 0.137717 0.47265625 0.94921875
0 0.15546875 0.0265625 0.2109375 0.053125
0 0.02890625 0.0640625 0.0578125 0.1265625
0 0.028125 0.5078125 0.05625 0.1796875
0 0.97734375 0.69609375 0.0453125 0.159375
0 0.6515625 0.02109375 0.2046875 0.0421875
0 0.02578125 0.9515625 0.0515625 0.096875
0 0.99140625 0.21796875 0.0171875 0.1875
0 0.9875 0.21796875 0.025 0.2015625