0 0.22265625 0.4671875 0.15625 0.1453125
0 0.540625 0.1015625 0.140625 0.1171875
0 0.8578125 0.18125 0.090625 0.1171875
0 0.93359375 0.38125 0.1140625 0.1328125
0 0.625 0.2890625 0.109375 0.1171875
0 0.73828125 0.47265625 0.1375 0.1171875
0 0.5375 0.55625 0.1375 0.125
0 0.4140625 0.38125 0.1296875 0.1296875
0 0.31640625 0.2015625 0.0984375 0.10625
0 0.11328125 0.296875 0.1296875 0.1296875
0 0.2125 0.040625 0.125 0.08125
0 0.040625 0.1078125 0.08125 0.125
0 0.865625 0.671875 0.1375 0.1140625
0 0.66015625 0.7578125 0.1375 0.121875
0 0.334375 0.671875 0.1171875 0.125
0 0.1390625 0.7671875 0.1375 0.1328125
0 0.04296875 0.5640625 0.0859375 0.1140625
0 0.2359375 0.9296875 0.1484375 0.1171875
0 0.4515625 0.8453125 0.1328125 0.1296875
0 0.9609375 0.8515625 0.078125 0.09375
0 0.76171875 0.94140625 0.1140625 0.10625
0 0.15044071718750002 0.061601746874999995 0.74609375 0.03125 0.138743 0.035025 0.15044071718750002 0.061601746874999995
0 0.15044071718750002 0.061601746874999995 0.1328125 0.0625 0.555716 0.982371 0.15044071718750002 0.061601746874999995
0 0.9875 0.56484375 0.025 0.1484375
0 0.99140625 0.565625 0.0171875 0.146875
0 0.55625 0.98671875 0.1328125 0.0265625
0 0.0609375 0.99140625 0.121875 0.0171875