0 0.60546875 0.7109375 0.2265625 0.1875
0 0.234375 0.415625 0.21875 0.2234375
0 0.17265625 0.05625 0.2140625 0.1125
0 0.2484375 0.859375 0.2078125 0.2109375
0 0.0859375 0.2734375 0.171875 0.1953125
0 0.78125 0.16015625 0.1875 0.1953125
0 0.8921875 0.353125 0.153125 0.1765625
0 0.290625 0.1859375 0.2390625 0.2
0 0.571875 0.2875 0.1765625 0.16875
0 0.0921875 0.73046875 0.1609375 0.1640625
0 0.96484375 0.5484375 0.0625 0.1609375
0 0.3921875 0.5171875 0.1609375 0.1609375
0 0.44375 0.0875 0.171875 0.1640625
0 0.6734375 0.0390625 0.184375 0.078125
0 0.759375 0.83203125 0.1765625 0.1953125
0 0.796875 0.66015625 0.1328125 0.1375
0 0.4234375 0.946875 0.2 0.10625
0 0.22198175781249999 0.1349781890625 0.94392 0.072878 0.1875 0.09375 0.22198175781249999 0.1349781890625
0 0.90625 0.953125 0.22198175781249999 0.1349781890625 0.11215900000000001 0.144425 0.90625 0.953125
0 0.09765625 0.96875 0.1703125 0.0609375
0 0.41171875 0.36640625 0.1484375 0.1796875
0 0.0171875 0.56796875 0.034375 0.1796875
0 0.6890625 0.46953125 0.146875 0.128125