0 0.82421875 0.05078125 0.1640625 0.1015625
0 0.84375 0.50390625 0.1875 0.203125
0 0.5796875 0.91015625 0.184375 0.171875
0 0.834375 0.27734375 0.2078125 0.1953125
0 0.3765625 0.459375 0.1609375 0.1875
0 0.553125 0.475 0.1453125 0.1609375
0 0.55859375 0.271875 0.1484375 0.1609375
0 0.390625 0.23046875 0.1765625 0.1609375
0 0.375 0.7046875 0.1328125 0.1328125
0 0.3578125 0.0609375 0.171875 0.109375
0 0.5484375 0.053125 0.153125 0.10625 0.186774359375 0.1307086625 0.5484375 0.053125
0 0.186774359375 0.1307086625 0.039075 0.162393 0.980463 0.707616 0.186774359375 0.1307086625
0 0.55625 0.72578125 0.1703125 0.15
0 0.80859375 0.97890625 0.184375 0.0421875
0 0.98515625 0.703125 0.0296875 0.1640625
0 0.978125 0.92265625 0.04375 0.1546875
0 0.975 0.4875 0.05 0.1953125