0 0.7109375 0.134375 0.265625 0.2078125
0 0.5171875 0.7109375 0.2546875 0.203125
0 0.4046875 0.5296875 0.2390625 0.2078125
0 0.50390625 0.2484375 0.2421875 0.2234375
0 0.91015625 0.51171875 0.171875 0.1875
0 0.6171875 0.8984375 0.234375 0.1953125
0 0.94921875 0.25390625 0.0859375 0.1953125
0 0.7171875 0.6109375 0.2234375 0.2234375
0 0.82421875 0.8046875 0.2109375 0.203125
0 0.10546875 0.91015625 0.1953125 0.171875
0 0.6171875 0.4296875 0.2578125 0.203125
0 0.9546875 0.69375 0.075 0.2
0 0.27734375 0.3421875 0.2109375 0.1921875
0 0.81640625 0.3421875 0.184375 0.1796875
0 0.9140625 0.94140625 0.171875 0.1171875
0 0.18875328281249998 0.1763710453125 0.9024050000000001 0.076316 0.19471 0.152446 0.18875328281249998 0.1763710453125
0 0.18875328281249998 0.1763710453125 0.109375 0.1875 0.0546875 0.71484375 0.18875328281249998 0.1763710453125
0 0.0921875 0.0421875 0.184375 0.084375