0 0.91015625 0.87890625 0.171875 0.125
0 0.0703125 0.93515625 0.140625 0.1296875
0 0.34765625 0.94375 0.15625 0.10625
0 0.66015625 0.953125 0.1953125 0.0859375
0 0.63125 0.69375 0.1453125 0.16875
0 0.9234375 0.7046875 0.125 0.140625
0 0.634375 0.4609375 0.121875 0.1375
0 0.94140625 0.453125 0.109375 0.1484375
0 0.3421875 0.69375 0.140625 0.16875
0 0.0703125 0.68125 0.140625 0.1375
0 0.08984375 0.415625 0.1778323046875 0.1845594046875 0.140783 0.137781 0.08984375 0.415625
0 0.1778323046875 0.1845594046875 0.377037 0.43607500000000005 0.1796875 0.1796875 0.1778323046875 0.1845594046875
0 0.93203125 0.17109375 0.1359375 0.134375
0 0.065625 0.128125 0.128125 0.1171875