0 0.19921875 0.0546875 0.1796875 0.109375
0 0.225 0.4984375 0.16875 0.2
0 0.415625 0.3984375 0.1921875 0.1640625
0 0.6171875 0.2875 0.171875 0.1765625
0 0.51171875 0.109375 0.1640625 0.15625
0 0.3046875 0.16015625 0.1484375 0.1328125
0 0.0921875 0.2984375 0.121875 0.1609375
0 0.05078125 0.5859375 0.1015625 0.1953125
0 0.8359375 0.209375 0.1609375 0.153125
0 0.97265625 0.109375 0.0546875 0.1453125
0 0.73046875 0.046875 0.2078125 0.09375
0 0.84375 0.6796875 0.1609375 0.15625
0 0.6484375 0.7953125 0.171875 0.140625
0 0.93515625 0.8765625 0.1296875 0.125
0 0.759375 0.9453125 0.153125 0.109375
0 0.44375 0.86875 0.1453125 0.1453125
0 0.225 0.9453125 0.1921875 0.109375 0.04933 0.106975 0.098659 0.168823 0.225 0.9453125
0 0.98671875 0.5765625 0.0265625 0.146875
0 0.98046875 0.5765625 0.0390625 0.1484375
0 0.990625 0.57734375 0.01875 0.1453125
0 0.540625 0.9875 0.15625 0.025
0 0.53671875 0.9828125 0.153125 0.034375