0 0.5921875 0.9046875 0.2390625 0.184375
0 0.4921875 0.1421875 0.234375 0.23125
0 0.228125 0.4546875 0.2390625 0.215625
0 0.28515625 0.696875 0.2265625 0.215625
0 0.56875 0.66015625 0.2390625 0.2265625
0 0.759375 0.09765625 0.215625 0.1953125
0 0.79296875 0.328125 0.1875 0.1875
0 0.5296875 0.37890625 0.2390625 0.234375
0 0.0546875 0.7171875 0.109375 0.1921875
0 0.8609375 0.609375 0.1921875 0.1796875
0 0.321875 0.9046875 0.2859375 0.184375
0 0.1859375 0.165625 0.215625 0.1765625
0 0.03125 0.478125 0.0625 0.1765625
0 0.88671875 0.890625 0.2265625 0.21875
0 0.0875 0.93359375 0.175 0.1328125 0.971315 0.063223 0.057371000000000005 0.126127 0.0875 0.93359375
0 0.15859375 0.015625 0.2046875 0.03125
0 0.01484375 0.23671875 0.0296875 0.175
0 0.01171875 0.2328125 0.0234375 0.1703125
0 0.009375 0.23671875 0.01875 0.1703125
0 0.01171875 0.2390625 0.0234375 0.1765625