0 0.78515625 0.7171875 0.21875 0.1921875
0 0.1484375 0.08203125 0.234375 0.1640625
0 0.8734375 0.446875 0.2 0.215625
0 0.38671875 0.8984375 0.2265625 0.1953125
0 0.26171875 0.2484375 0.2265625 0.215625
0 0.1734375 0.540625 0.215625 0.2
0 0.66015625 0.071875 0.2421875 0.14375
0 0.7734375 0.2359375 0.203125 0.1921875
0 0.44921875 0.1546875 0.2265625 0.1921875
0 0.9359375 0.1484375 0.1140625 0.1640625
0 0.5609375 0.34375 0.2 0.21875
0 0.94921875 0.62890625 0.09375 0.1796875
0 0.26171875 0.725 0.2265625 0.1765625
0 0.4546875 0.62890625 0.2234375 0.1953125
0 0.665625 0.5546875 0.2 0.171875
0 0.3578125 0.4515625 0.1875 0.16875
0 0.0765625 0.353125 0.140625 0.2109375
0 0.025 0.6578125 0.05 0.15625
0 0.5796875 0.828125 0.171875 0.153125
0 0.66796875 0.959375 0.171875 0.075
0 0.16015625 0.97265625 0.1765625 0.0546875
0 0.071875 0.84296875 0.14375 0.1453125
0 0.865625 0.915625 0.1296875 0.125
0 0.865625 0.0328125 0.171875 0.065625 0.027110000000000002 0.15766 0.054221 0.190952 0.865625 0.0328125
0 0.346875 0.01875 0.19375 0.0375