0 0.6546875 0.384375 0.2 0.1609375
0 0.8984375 0.41015625 0.1796875 0.15625
0 0.1734375 0.57421875 0.1921875 0.171875
0 0.446875 0.1484375 0.2234375 0.1953125
0 0.6484375 0.9671875 0.21875 0.059375
0 0.87109375 0.58203125 0.1796875 0.1484375
0 0.6796875 0.1859375 0.2421875 0.184375
0 0.421875 0.3671875 0.15625 0.16875
0 0.6484375 0.553125 0.1796875 0.15625
0 0.140625 0.3140625 0.16437251875 0.17817392031249998 0.147094 0.162194 0.140625 0.3140625
0 0.16437251875 0.17817392031249998 0.876622 0.8368930000000001 0.16875 0.153125 0.16437251875 0.17817392031249998
0 0.8546875 0.0390625 0.171875 0.078125
0 0.04296875 0.94765625 0.0859375 0.1046875
0 0.8890625 0.02578125 0.1890625 0.0515625