0 0.25390625 0.7984375 0.1796875 0.1765625
0 0.109375 0.665625 0.1875 0.1921875
0 0.40390625 0.0796875 0.2078125 0.159375
0 0.7046875 0.06875 0.1765625 0.1375
0 0.41796875 0.9234375 0.1796875 0.1453125
0 0.0765625 0.384375 0.153125 0.153125
0 0.225 0.2171875 0.2 0.2078125
0 0.3734375 0.3609375 0.16875 0.1765625
0 0.0796875 0.07421875 0.153125 0.1484375
0 0.5546875 0.4984375 0.171875 0.184375
0 0.73046875 0.353125 0.1484375 0.1140625
0 0.4234375 0.66015625 0.1609375 0.1640625
0 0.0859375 0.9359375 0.171875 0.121875
0 0.8734375 0.50390625 0.1765625 0.1640625
0 0.8609375 0.196875 0.1609375 0.16875
0 0.96171875 0.0609375 0.071875 0.121875
0 0.2328125 0.521875 0.1921875 0.1453125
0 0.56640625 0.803125 0.1640625 0.10625
0 0.74609375 0.93359375 0.1765625 0.1328125
0 0.8828125 0.77734375 0.184375 0.1453125
0 0.73046875 0.6546875 0.1140625 0.1140625
0 0.30778768749999996 0.220508515625 0.9578125 0.32109375 0.160144 0.036541000000000004 0.30778768749999996 0.220508515625
0 0.30778768749999996 0.220508515625 0.084375 0.1859375 0.918677 0.981691 0.30778768749999996 0.220508515625
0 0.015625 0.809375 0.03125 0.171875
0 0.01640625 0.52578125 0.0328125 0.1625
0 0.98515625 0.6296875 0.0296875 0.1578125
0 0.01171875 0.80703125 0.0234375 0.171875
0 0.98046875 0.63046875 0.0390625 0.1578125
0 0.01171875 0.52578125 0.0234375 0.1640625
0 0.54921875 0.2078125 0.1234375 0.1328125
0 0.9203125 0.98671875 0.159375 0.0265625
0 0.009375 0.528125 0.01875 0.1609375