0 0.4046875 0.6421875 0.2078125 0.1921875
0 0.87890625 0.6734375 0.1796875 0.184375
0 0.446875 0.8921875 0.153125 0.153125
0 0.19375 0.4921875 0.1765625 0.1640625
0 0.5546875 0.4359375 0.1875 0.1765625
0 0.57421875 0.75390625 0.234375 0.1796875
0 0.31875 0.2828125 0.16875 0.1671875
0 0.73828125 0.5375 0.140625 0.1453125
0 0.2640625 0.78515625 0.1453125 0.1484375
0 0.0625 0.615625 0.125 0.1453125
0 0.1421875 0.915625 0.1765625 0.16875
0 0.7359375 0.86875 0.140625 0.153125
0 0.91015625 0.9609375 0.121875 0.078125
0 0.277338715625 0.32693086875 0.97835 0.814455 0.140625 0.0703125 0.277338715625 0.32693086875
0 0.6171875 0.96484375 0.277338715625 0.32693086875 0.043299 0.16416599999999998 0.6171875 0.96484375
0 0.98515625 0.815625 0.0296875 0.1640625