0 0.4921875 0.69921875 0.234375 0.2421875
0 0.25390625 0.8671875 0.25 0.2421875
0 0.84765625 0.7671875 0.25 0.2390625
0 0.66796875 0.5296875 0.2421875 0.23125
0 0.8609375 0.40625 0.2 0.1875
0 0.69921875 0.240625 0.1796875 0.1640625
0 0.88125 0.0765625 0.1609375 0.153125
0 0.96484375 0.2484375 0.0703125 0.153125
0 0.96640625 0.6078125 0.0671875 0.171875
0 0.33203125 0.171875 0.1640625 0.1484375
0 0.14453125 0.3515625 0.2078125 0.1875
0 0.15625 0.05859375 0.184375 0.1171875 0.6949270000000001 0.962833 0.213219 0.074335 0.15625 0.05859375
0 0.08125 0.96796875 0.159375 0.0640625
0 0.0265625 0.1859375 0.053125 0.2
0 0.02734375 0.503125 0.0546875 0.1890625
0 0.31484375 0.53671875 0.1453125 0.1390625
0 0.96796875 0.96171875 0.0640625 0.075