0 0.87890625 0.8921875 0.21875 0.2
0 0.8921875 0.3734375 0.2078125 0.246875
0 0.88671875 0.6734375 0.1875 0.1609375
0 0.0796875 0.11015625 0.159375 0.1765625
0 0.38125 0.134375 0.1765625 0.1453125
0 0.9140625 0.1 0.1640625 0.16875
0 0.32421875 0.6734375 0.2109375 0.1609375
0 0.6171875 0.13671875 0.140625 0.1484375
0 0.60546875 0.4125 0.1953125 0.1453125
0 0.31640625 0.915625 0.1953125 0.1609375
0 0.56875 0.6484375 0.16875 0.1640625
0 0.56875 0.90234375 0.1609375 0.1296875
0 0.0453125 0.3453125 0.073275840625 0.265279490625 0.07864600000000001 0.162485 0.0453125 0.3453125
0 0.073275840625 0.265279490625 0.039363999999999996 0.914413 0.090625 0.215625 0.073275840625 0.265279490625