0 0.9234375 0.665625 0.1375 0.153125
0 0.56875 0.8984375 0.1375 0.1171875
0 0.7890625 0.49375 0.1375 0.1296875
0 0.95078125 0.35703125 0.0984375 0.1296875
0 0.584375 0.615625 0.1171875 0.1328125
0 0.76171875 0.7640625 0.15625 0.153125
0 0.9046875 0.93359375 0.1453125 0.1328125
0 0.415625 0.734375 0.140625 0.121875
0 0.1953125 0.85 0.140625 0.1328125 0.1088224171875 0.367803053125 0.1953125 0.85
0 0.1088224171875 0.367803053125 0.057123 0.07957 0.028648 0.960215 0.1088224171875 0.367803053125
0 0.3734375 0.978125 0.1296875 0.0421875