0 0.09765625 0.046875 0.1640625 0.09375
0 0.44140625 0.31640625 0.2265625 0.203125
0 0.70703125 0.2828125 0.171875 0.203125
0 0.921875 0.48828125 0.15625 0.1921875
0 0.67578125 0.6859375 0.203125 0.184375
0 0.34765625 0.61328125 0.234375 0.21875
0 0.25 0.43125 0.1640625 0.1375
0 0.08984375 0.31640625 0.171875 0.2109375
0 0.23623095 0.1499495578125 0.515625 0.0953125 0.140654 0.150561 0.23623095 0.1499495578125
0 0.23623095 0.1499495578125 0.1640625 0.1640625 0.29540500000000003 0.149571 0.23623095 0.1499495578125
0 0.04453125 0.74375 0.0890625 0.2078125
0 0.28828125 0.81484375 0.1609375 0.1546875
0 0.103125 0.93203125 0.18125 0.1359375
0 0.56171875 0.47734375 0.125 0.140625
0 0.9390625 0.225 0.121875 0.1578125
0 0.978125 0.0609375 0.04375 0.1203125
0 0.1984375 0.9703125 0.1984375 0.059375
0 0.98515625 0.0640625 0.028125 0.128125
0 0.38828125 0.03828125 0.140625 0.0765625