0 0.665625 0.88671875 0.2078125 0.171875
0 0.94921875 0.62890625 0.09375 0.1640625
0 0.9296875 0.4609375 0.1328125 0.1640625
0 0.42578125 0.44296875 0.1609375 0.1328125
0 0.78125 0.1859375 0.1875 0.153125
0 0.509375 0.5796875 0.1921875 0.1296875
0 0.7109375 0.5484375 0.1796875 0.1609375
0 0.959375 0.94921875 0.075 0.0859375
0 0.584375 0.73828125 0.1375 0.125
0 0.80859375 0.646875 0.1296875 0.090625
0 0.890625 0.7796875 0.1296875 0.1453125
0 0.865625 0.30859375 0.171875 0.121875
0 0.5875 0.2046875 0.1375 0.1140625
0 0.6484375 0.3828125 0.1296875 0.140625
0 0.55078125 0.0765625 0.1296875 0.10625
0 0.70390625 0.0484375 0.1640625 0.096875
0 0.3046875 0.146875 0.1875 0.121875
0 0.25377255625 0.0458661671875 0.153125 0.078125 0.9344530000000001 0.024877 0.25377255625 0.0458661671875
0 0.7265625 0.9921875 0.1484375 0.015625
0 0.3671875 0.3234375 0.1125 0.0984375
0 0.72734375 0.98828125 0.15 0.0234375