0 0.16015625 0.1859375 0.1953125 0.1609375
0 0.446875 0.7796875 0.1765625 0.1609375
0 0.915625 0.6234375 0.1609375 0.2234375
0 0.7359375 0.51171875 0.2078125 0.1796875
0 0.09765625 0.665625 0.1796875 0.1765625
0 0.7359375 0.7671875 0.1765625 0.1609375
0 0.44375 0.5234375 0.2 0.1640625
0 0.51640625 0.025 0.1515625 0.05
0 0.4625 0.1625 0.1640625 0.1609375
0 0.7359375 0.19375 0.125 0.153125
0 0.9453125 0.1484375 0.109375 0.16875 0.16563263749999999 0.20645572343750002 0.9453125 0.1484375
0 0.16563263749999999 0.20645572343750002 0.091166 0.211997 0.954417 0.735125 0.16563263749999999 0.20645572343750002
0 0.75859375 0.021875 0.175 0.04375