0 0.32421875 0.93359375 0.21875 0.125
0 0.1171875 0.78515625 0.2265625 0.2109375
0 0.53515625 0.82421875 0.2109375 0.1953125
0 0.9453125 0.446875 0.1015625 0.1453125
0 0.8421875 0.2421875 0.2078125 0.1796875
0 0.3453125 0.6171875 0.1765625 0.1796875
0 0.67578125 0.0625 0.2 0.1015625
0 0.1484375 0.40390625 0.25 0.1921875 0.06917841875 0.21336484375000003 0.1484375 0.40390625
0 0.08359375 0.0328125 0.165625 0.065625
0 0.73828125 0.97265625 0.2140625 0.0546875
0 0.28671875 0.0859375 0.1953125 0.171875
0 0.496875 0.0171875 0.178125 0.034375
0 0.0140625 0.5796875 0.028125 0.1921875