0 0.1859375 0.8046875 0.16875 0.15625
0 0.6421875 0.6234375 0.1609375 0.1453125
0 0.953125 0.6171875 0.0859375 0.171875
0 0.3296875 0.0625 0.1921875 0.125
0 0.93515625 0.04296875 0.1296875 0.0859375
0 0.1703125 0.5 0.153125 0.153125
0 0.8265625 0.7578125 0.153125 0.15625
0 0.8125 0.475 0.1484375 0.153125
0 0.4859375 0.7828125 0.16875 0.1609375
0 0.3515625 0.6328125 0.1765625 0.1609375
0 0.328125 0.35 0.16875 0.1796875
0 0.634375 0.05078125 0.171875 0.1015625
0 0.8046875 0.17578125 0.1609375 0.153125
0 0.0453125 0.646875 0.090625 0.1609375
0 0.68125 0.92578125 0.16875 0.140625
0 0.48046875 0.49375 0.1484375 0.1453125
0 0.0546875 0.359375 0.10625 0.1765625
0 0.15625 0.2109375 0.153125 0.15625
0 0.34765625 0.9234375 0.1765625 0.140625
0 0.65234375 0.3359375 0.1765625 0.1640625
0 0.9609375 0.91015625 0.078125 0.1484375
0 0.0546875 0.9390625 0.10625 0.1171875