0 0.365625 0.25390625 0.2265625 0.1609375
0 0.071875 0.83515625 0.14375 0.1953125
0 0.634375 0.8421875 0.1765625 0.1296875
0 0.0625 0.290625 0.125 0.1140625
0 0.321875 0.8671875 0.2 0.171875
0 0.6578125 0.228125 0.153125 0.153125
0 0.3609375 0.50390625 0.153125 0.1765625
0 0.66015625 0.515625 0.153125 0.1328125
0 0.9390625 0.521875 0.121875 0.1375
0 0.06640625 0.521875 0.125 0.1484375
0 0.9125 0.9625 0.1453125 0.075
0 0.1934483203125 0.14870928125 0.325812 0.054393000000000004 0.1484 0.10878600000000001 0.1934483203125 0.14870928125
0 0.1934483203125 0.14870928125 0.1609375 0.171875 0.91953125 0.7921875 0.1934483203125 0.14870928125
0 0.6796875 0.034375 0.1609375 0.06875
0 0.9125 0.0359375 0.165625 0.071875