0 0.259375 0.790625 0.2546875 0.2234375
0 0.16015625 0.59765625 0.2421875 0.21875
0 0.0921875 0.4046875 0.1765625 0.1921875
0 0.9359375 0.6796875 0.121875 0.2109375
0 0.759375 0.7734375 0.1765625 0.2109375
0 0.63671875 0.13125 0.1953125 0.2
0 0.87890625 0.06640625 0.2109375 0.1328125
0 0.78515625 0.2984375 0.2265625 0.215625
0 0.5609375 0.4125 0.2234375 0.2
0 0.26171875 0.3109375 0.2109375 0.1921875
0 0.35546875 0.50390625 0.2109375 0.2109375
0 0.87890625 0.4859375 0.2109375 0.184375
0 0.94140625 0.2171875 0.109375 0.1921875
0 0.4609375 0.7046875 0.1953125 0.215625
0 0.44921875 0.19375 0.1953125 0.1765625
0 0.6734375 0.5859375 0.1953125 0.1796875
0 0.584375 0.884375 0.1921875 0.1609375
0 0.884375 0.93125 0.2109375 0.1375
0 0.25549491875 0.2051073515625 0.677141 0.972634 0.229753 0.054733 0.25549491875 0.2051073515625
0 0.25549491875 0.2051073515625 0.2140625 0.1296875 0.38046875 0.93515625 0.25549491875 0.2051073515625
0 0.0796875 0.01953125 0.159375 0.0390625
0 0.9859375 0.3859375 0.028125 0.171875
0 0.98125 0.390625 0.0375 0.1765625