0 0.50390625 0.7984375 0.140625 0.1609375
0 0.07421875 0.0609375 0.1484375 0.121875
0 0.4125 0.2796875 0.1375 0.121875
0 0.6875 0.22265625 0.1296875 0.125
0 0.7328125 0.5140625 0.1375 0.1484375
0 0.7515625 0.765625 0.1640625 0.1609375
0 0.4515625 0.546875 0.1609375 0.15625
0 0.96484375 0.1953125 0.0703125 0.1453125
0 0.1234375 0.3046875 0.1328125 0.1484375
0 0.353125 0.05078125 0.1171875 0.1015625
0 0.16015625 0.58984375 0.1328125 0.10625
0 0.2109375 0.8609375 0.16875 0.1375 0.637502 0.029702 0.135681 0.059403 0.2109375 0.8609375
0 0.82578125 0.98203125 0.1546875 0.0359375
0 0.52890625 0.97734375 0.1640625 0.0453125
0 0.82109375 0.98671875 0.1546875 0.0265625
0 0.97890625 0.45390625 0.0421875 0.1515625
0 0.01171875 0.8765625 0.0234375 0.1390625
0 0.00859375 0.8765625 0.0171875 0.134375
0 0.01640625 0.8765625 0.0328125 0.14375
0 0.52890625 0.984375 0.1734375 0.03125
0 0.984375 0.45390625 0.03125 0.1421875