0 0.728125 0.7109375 0.23125 0.1953125
0 0.37890625 0.165625 0.2109375 0.2078125
0 0.915625 0.6109375 0.1609375 0.184375
0 0.09921875 0.0796875 0.1765625 0.159375
0 0.4046875 0.6234375 0.215625 0.215625
0 0.6171875 0.5296875 0.203125 0.184375
0 0.59140625 0.0796875 0.1921875 0.159375
0 0.51171875 0.8046875 0.2109375 0.1796875
0 0.1859375 0.2421875 0.2078125 0.1640625
0 0.8296875 0.88671875 0.1921875 0.1875
0 0.8109375 0.4359375 0.1921875 0.184375
0 0.3046875 0.9046875 0.21875 0.184375
0 0.8984375 0.1484375 0.1875 0.1796875
0 0.509375 0.3609375 0.2 0.1765625
0 0.19921875 0.7171875 0.203125 0.184375
0 0.0921875 0.5296875 0.184375 0.153125
0 0.959375 0.7984375 0.075 0.1765625
0 0.29296875 0.43359375 0.1953125 0.16875
0 0.709375 0.25625 0.1796875 0.1875
0 0.040625 0.82109375 0.08125 0.1765625
0 0.6234375 0.953125 0.2 0.09375
0 0.1847701703125 0.21528000781249998 0.95859375 0.33125 0.197831 0.09221599999999999 0.1847701703125 0.21528000781249998
0 0.1847701703125 0.21528000781249998 0.0828125 0.2 0.10638099999999999 0.953892 0.1847701703125 0.21528000781249998
0 0.80625 0.03359375 0.2 0.0671875
0 0.0296875 0.3515625 0.059375 0.1578125
0 0.2671875 0.02578125 0.190625 0.0515625
0 0.91328125 0.98203125 0.1734375 0.0359375
0 0.915625 0.98671875 0.16875 0.0265625
0 0.9046875 0.9875 0.190625 0.025