0 0.12890625 0.2109375 0.171875 0.1640625
0 0.5234375 0.4984375 0.1640625 0.1765625
0 0.6421875 0.69375 0.2 0.1765625
0 0.3296875 0.0859375 0.2 0.15625
0 0.44140625 0.7734375 0.1796875 0.171875
0 0.1171875 0.66015625 0.1640625 0.1640625
0 0.540625 0.94140625 0.2 0.109375
0 0.4296875 0.3046875 0.171875 0.1640625
0 0.2421875 0.884375 0.1953125 0.1296875
0 0.23046875 0.390625 0.15625 0.1484375
0 0.3421875 0.584375 0.16875 0.15625
0 0.7671875 0.865625 0.16875 0.140625
0 0.10600222031249999 0.19145818750000002 0.059275 0.9379099999999999 0.11854899999999999 0.124179 0.10600222031249999 0.19145818750000002
0 0.0421875 0.04140625 0.084375 0.0828125
0 0.86328125 0.9828125 0.15625 0.0328125
0 0.34453125 0.98203125 0.190625 0.0359375
0 0.8625 0.9875 0.1546875 0.025