0 0.84765625 0.6546875 0.2109375 0.1921875
0 0.2046875 0.7984375 0.23125 0.184375
0 0.671875 0.4984375 0.21875 0.2390625
0 0.0375 0.9359375 0.075 0.121875
0 0.4359375 0.634375 0.1921875 0.1453125
0 0.634375 0.78515625 0.2546875 0.34375
0 0.9703125 0.4359375 0.0515625 0.153125
0 0.4128872109375 0.44578868437499997 0.967217 0.8864219999999999 0.1796875 0.140625 0.4128872109375 0.44578868437499997
0 0.7796875 0.92578125 0.4128872109375 0.44578868437499997 0.065567 0.169706 0.7796875 0.92578125
0 0.8109375 0.97265625 0.203125 0.0546875
0 0.81640625 0.98125 0.19375 0.0375