0 0.5796875 0.5484375 0.215625 0.2
0 0.928125 0.296875 0.1375 0.1875
0 0.7359375 0.72265625 0.184375 0.1875
0 0.953125 0.7796875 0.0859375 0.1921875
0 0.0921875 0.3359375 0.1765625 0.2109375
0 0.28515625 0.23046875 0.171875 0.1953125
0 0.228125 0.5 0.1375 0.15625
0 0.5953125 0.24609375 0.1171875 0.1015625
0 0.80078125 0.13125 0.153125 0.1171875
0 0.453125 0.0875 0.153125 0.125
0 0.1328125 0.046875 0.1765625 0.09375
0 0.73046875 0.4359375 0.1328125 0.1171875
0 0.884375 0.609375 0.121875 0.1171875
0 0.5078125 0.86328125 0.1609375 0.1375
0 0.640625 0.9671875 0.153125 0.059375
0 0.3375 0.9609375 0.2 0.078125
0 0.196875 0.82421875 0.1796875 0.171875
0 0.0375 0.62109375 0.0703125 0.1609375
0 0.04296875 0.93125 0.0859375 0.1296875
0 0.36328125 0.7046875 0.1171875 0.1015625
0 0.834375 0.9 0.16875 0.171875 0.9456110000000001 0.055672 0.108778 0.111317 0.834375 0.9
0 0.6671875 0.025 0.1765625 0.05
0 0.33515625 0.00859375 0.1703125 0.0171875
0 0.33984375 0.0125 0.1890625 0.025
0 0.021875 0.15234375 0.04375 0.1625
0 0.44375 0.37734375 0.1265625 0.1140625
0 0.01484375 0.1546875 0.0296875 0.1625