0 0.5234375 0.475 0.21875 0.2
0 0.859375 0.9234375 0.2421875 0.1375
0 0.5484375 0.7171875 0.2234375 0.2234375
0 0.29296875 0.7734375 0.2578125 0.234375
0 0.2421875 0.515625 0.1953125 0.1875
0 0.0546875 0.821875 0.109375 0.2078125
0 0.82421875 0.6796875 0.2265625 0.2265625
0 0.2984375 0.97265625 0.1921875 0.046875
0 0.040625 0.54765625 0.08125 0.1921875
0 0.7734375 0.43125 0.2109375 0.2109375
0 0.55859375 0.94375 0.1953125 0.1015625
0 0.0578125 0.203125 0.97109375 0.39375 0.162178 0.064584 0.145127 0.032292 0.0578125 0.203125
0 0.0734375 0.97578125 0.146875 0.0484375
0 0.46171875 0.0078125 0.18125 0.015625
0 0.075 0.98359375 0.15 0.0328125