0 0.1796875 0.60546875 0.171875 0.1640625
0 0.94921875 0.19921875 0.09375 0.171875
0 0.4125 0.7671875 0.1765625 0.184375
0 0.38671875 0.04296875 0.1484375 0.0859375
0 0.1546875 0.228125 0.1609375 0.1609375
0 0.603125 0.2171875 0.153125 0.1609375
0 0.3734375 0.3984375 0.1609375 0.1484375
0 0.790625 0.4046875 0.153125 0.16875
0 0.959375 0.928125 0.075 0.1375
0 0.03125 0.4234375 0.0625 0.1609375
0 0.78125 0.0484375 0.171875 0.096875
0 0.1640625 0.953125 0.1796875 0.09375 0.024453 0.050888 0.048820999999999996 0.101285 0.1640625 0.953125
0 0.01640625 0.053125 0.0328125 0.10625