0 0.484375 0.5296875 0.15625 0.1296875
0 0.96484375 0.19140625 0.0625 0.1953125
0 0.7046875 0.8046875 0.184375 0.125
0 0.2796875 0.228125 0.2078125 0.2078125
0 0.25 0.78515625 0.21875 0.1171875
0 0.4921875 0.2671875 0.140625 0.1359375
0 0.03515625 0.26953125 0.0703125 0.171875
0 0.734375 0.54296875 0.1875 0.1640625
0 0.73046875 0.2328125 0.1609375 0.1796875
0 0.2515625 0.509375 0.171875 0.16875
0 0.475 0.7734375 0.140625 0.153125
0 0.6640625 0.96484375 0.140625 0.0703125
0 0.93515625 0.96484375 0.1296875 0.0703125
0 0.95859375 0.78984375 0.0828125 0.1484375
0 0.978125 0.51171875 0.04375 0.1640625
0 0.03515625 0.521875 0.0703125 0.184375
0 0.2015625 0.95703125 0.1171875 0.0859375
0 0.111553546875 0.3297839953125 0.032692 0.157226 0.016346 0.786084 0.111553546875 0.3297839953125
0 0.4 0.9609375 0.1640625 0.078125 0.111553546875 0.3297839953125 0.4 0.9609375
0 0.01328125 0.7875 0.0265625 0.153125
0 0.009375 0.78984375 0.01875 0.1484375