0 0.5234375 0.91015625 0.203125 0.171875
0 0.4296875 0.7484375 0.21875 0.1921875
0 0.5546875 0.31875 0.2265625 0.2
0 0.8609375 0.41796875 0.215625 0.1875
0 0.13671875 0.06875 0.2109375 0.1375
0 0.8921875 0.9234375 0.1921875 0.1375
0 0.66796875 0.0625 0.1796875 0.125
0 0.2734375 0.2359375 0.1796875 0.184375
0 0.75390625 0.2171875 0.1953125 0.1921875
0 0.91796875 0.103125 0.15625 0.1921875
0 0.0859375 0.7421875 0.1640625 0.171875
0 0.165625 0.8921875 0.1765625 0.1765625
0 0.43125 0.1328125 0.1453125 0.1328125 0.1379556234375 0.1611159 0.43125 0.1328125
0 0.1379556234375 0.1611159 0.06790399999999999 0.167876 0.033951999999999996 0.561239 0.1379556234375 0.1611159
0 0.34375 0.01875 0.1625 0.0375
0 0.2984375 0.96640625 0.1828125 0.0671875
0 0.846875 0.01484375 0.1984375 0.0296875
0 0.98203125 0.30625 0.0359375 0.1890625
0 0.98671875 0.3078125 0.0265625 0.196875
0 0.02109375 0.153125 0.0421875 0.2
0 0.009375 0.1453125 0.01875 0.1828125
0 0.0125 0.1484375 0.025 0.1890625
0 0.990625 0.3109375 0.01875 0.1828125