0 0.7796875 0.9453125 0.1375 0.1015625
0 0.34375 0.19140625 0.1171875 0.0984375
0 0.55625 0.0765625 0.10625 0.078125
0 0.14453125 0.2875 0.1140625 0.1296875
0 0.05078125 0.0859375 0.1015625 0.109375
0 0.3359375 0.634375 0.1140625 0.121875
0 0.5328125 0.55625 0.125 0.10625
0 0.9609375 0.34375 0.078125 0.1140625
0 0.78515625 0.6484375 0.0828125 0.0859375
0 0.62890625 0.8125 0.1328125 0.121875
0 0.765625 0.4375 0.09375 0.078125
0 0.46875 0.9625 0.078125 0.075
0 0.303125 0.821875 0.09375 0.09375
0 0.12890625 0.7265625 0.1484375 0.10625 0.23957799999999999 0.028305000000000004 0.11150199999999999 0.056587 0.12890625 0.7265625
0 0.13203125 0.97265625 0.125 0.0546875
0 0.765625 0.02109375 0.121875 0.0421875
0 0.76484375 0.015625 0.128125 0.03125
0 0.953125 0.7921875 0.09375 0.1046875