0 0.47265625 0.81640625 0.1796875 0.1640625
0 0.6734375 0.2359375 0.109375 0.1375
0 0.87890625 0.1484375 0.1375 0.10625
0 0.96484375 0.33984375 0.0703125 0.109375
0 0.75625 0.42578125 0.121875 0.10625
0 0.8734375 0.59765625 0.1609375 0.1375
0 0.55625 0.5453125 0.125 0.153125
0 0.66796875 0.71484375 0.1140625 0.1015625
0 0.95078125 0.82890625 0.0984375 0.1484375
0 0.7890625 0.9 0.1328125 0.1140625
0 0.5703125 0.96875 0.1015625 0.0625
0 0.27734375 0.9125 0.121875 0.09375
0 0.36328125 0.62890625 0.125 0.125
0 0.1484375 0.7203125 0.1296875 0.10625
0 0.271875 0.4375 0.1375 0.109375
0 0.0609375 0.546875 0.121875 0.121875
0 0.1578125 0.259375 0.1296875 0.1171875
0 0.375 0.165625 0.15625 0.1296875
0 0.55859375 0.0625 0.125 0.125
0 0.0546875 0.071875 0.109375 0.14375
0 0.05625 0.9515625 0.109375 0.0625
0 0.2359375 0.02421875 0.1609375 0.0484375
0 0.1105005359375 0.150748596875 0.478327 0.336185 0.11630700000000001 0.101172 0.1105005359375 0.150748596875
0 0.1105005359375 0.150748596875 0.065625 0.128125 0.0328125 0.8140625 0.1105005359375 0.150748596875
0 0.76171875 0.01484375 0.13125 0.0296875
0 0.0078125 0.34765625 0.015625 0.1359375
0 0.7625 0.0078125 0.1390625 0.015625
0 0.76171875 0.0109375 0.140625 0.021875