0 0.69140625 0.453125 0.1453125 0.1375
0 0.92578125 0.27734375 0.121875 0.153125
0 0.7734375 0.103125 0.1640625 0.1609375
0 0.55078125 0.2671875 0.2234375 0.1796875
0 0.421875 0.0953125 0.21875 0.1609375
0 0.1109375 0.22734375 0.221875 0.1796875
0 0.08203125 0.4625 0.1640625 0.1796875
0 0.26875 0.4234375 0.1875 0.1609375
0 0.40625 0.578125 0.1640625 0.1640625
0 0.196875 0.678125 0.2 0.1765625
0 0.02734375 0.84375 0.0546875 0.2109375
0 0.04609375 0.078125 0.0921875 0.15625
0 0.93828125 0.0390625 0.1234375 0.078125