0 0.12890625 0.81640625 0.2265625 0.21875
0 0.8046875 0.7796875 0.2421875 0.215625
0 0.34765625 0.9234375 0.2109375 0.1453125
0 0.8109375 0.2875 0.2 0.2390625
0 0.6109375 0.1734375 0.2859375 0.23125
0 0.5796875 0.6484375 0.246875 0.234375
0 0.2671875 0.19140625 0.2625 0.203125
0 0.359375 0.53125 0.2421875 0.1875
0 0.928125 0.1171875 0.1375 0.203125
0 0.9546875 0.4359375 0.0828125 0.1765625
0 0.36015625 0.0484375 0.2234375 0.096875
0 0.7046875 0.9359375 0.16875 0.121875
0 0.49375 0.35 0.16875 0.153125
0 0.70703125 0.4921875 0.153125 0.1453125
0 0.9234375 0.6 0.153125 0.140625
0 0.0609375 0.084375 0.121875 0.16875
0 0.09375 0.3453125 0.140625 0.1296875
0 0.259375 0.67578125 0.159375 0.15625
0 0.10986044375 0.1997498328125 0.10268 0.186909 0.05134 0.502956 0.10986044375 0.1997498328125
0 0.4546875 0.81640625 0.121875 0.1375 0.10986044375 0.1997498328125 0.4546875 0.81640625
0 0.734375 0.05546875 0.2140625 0.1109375
0 0.9734375 0.94765625 0.053125 0.1046875
0 0.02734375 0.9515625 0.053125 0.096875
0 0.984375 0.94140625 0.03125 0.115625