0 0.90234375 0.3671875 0.1875 0.1953125
0 0.2484375 0.2984375 0.1921875 0.2078125
0 0.446875 0.1734375 0.1921875 0.184375
0 0.4609375 0.915625 0.1875 0.1609375
0 0.8609375 0.66015625 0.2 0.1953125
0 0.3421875 0.7671875 0.184375 0.2
0 0.2171875 0.603125 0.2 0.2078125
0 0.6859375 0.7984375 0.2234375 0.2078125
0 0.7359375 0.50390625 0.1921875 0.203125
0 0.384375 0.4609375 0.1765625 0.1953125
0 0.5296875 0.634375 0.1765625 0.184375
0 0.5859375 0.34765625 0.1875 0.203125
0 0.6109375 0.07421875 0.2 0.1484375
0 0.10546875 0.1171875 0.1953125 0.171875
0 0.959375 0.8359375 0.075 0.1796875
0 0.071875 0.41484375 0.14375 0.1640625
0 0.05859375 0.7203125 0.1171875 0.2265625
0 0.14453125 0.8734375 0.1375 0.15625
0 0.81640625 0.9453125 0.1953125 0.109375
0 0.91796875 0.0796875 0.1640625 0.140625
0 0.75 0.2125 0.140625 0.121875
0 0.21875 0.121875 0.31640625 0.0609375 0.049556 0.199132 0.9752219999999999 0.53216 0.21875 0.121875
0 0.0203125 0.240625 0.040625 0.196875
0 0.28515625 0.98125 0.165625 0.0375
0 0.0234375 0.94921875 0.046875 0.1015625
0 0.28359375 0.98671875 0.1703125 0.0265625
0 0.0140625 0.240625 0.028125 0.203125