0 0.4234375 0.26171875 0.125 0.1375
0 0.6234375 0.16015625 0.140625 0.140625
0 0.84375 0.05078125 0.1375 0.09375
0 0.9453125 0.2109375 0.109375 0.125
0 0.7265625 0.3265625 0.1609375 0.1375
0 0.51953125 0.43125 0.1453125 0.1328125
0 0.321875 0.5328125 0.1375 0.121875
0 0.22265625 0.353125 0.1375 0.1375
0 0.10546875 0.65 0.1140625 0.1015625
0 0.11328125 0.178125 0.125 0.1015625
0 0.30799343437500004 0.0725230921875 0.533303 0.021484 0.139727 0.042928 0.30799343437500004 0.0725230921875
0 0.30799343437500004 0.0725230921875 0.1453125 0.109375 0.33984375 0.078125 0.30799343437500004 0.0725230921875
0 0.02578125 0.47109375 0.0515625 0.1203125
0 0.03671875 0.02734375 0.0734375 0.0546875