0 0.2359375 0.3609375 0.184375 0.184375
0 0.25390625 0.0796875 0.1640625 0.159375
0 0.9359375 0.91796875 0.121875 0.15625
0 0.41015625 0.2484375 0.1640625 0.184375
0 0.8046875 0.7484375 0.1953125 0.1609375
0 0.1796875 0.66015625 0.203125 0.1796875
0 0.6234375 0.88671875 0.1609375 0.1953125
0 0.09765625 0.19140625 0.1875 0.2109375
0 0.34765625 0.5546875 0.1484375 0.15625
0 0.5859375 0.12890625 0.171875 0.1953125
0 0.6859375 0.5859375 0.1609375 0.1875
0 0.953125 0.63125 0.0859375 0.2
0 0.8984375 0.1421875 0.1640625 0.184375
0 0.5234375 0.4046875 0.171875 0.16875
0 0.7796875 0.03125 0.153125 0.0625
0 0.6890625 0.2640625 0.1015625 0.1328125
0 0.86328125 0.4625 0.1484375 0.1796875
0 0.50390625 0.7203125 0.1953125 0.1640625
0 0.30859375 0.828125 0.234375 0.153125
0 0.43359375 0.9703125 0.1796875 0.059375
0 0.11484375 0.94296875 0.1828125 0.1140625
0 0.046875 0.7984375 0.09375 0.171875
0 0.122798453125 0.256626675 0.7710359999999999 0.968799 0.18177700000000002 0.062401 0.122798453125 0.256626675
0 0.415625 0.01484375 0.1765625 0.0296875
0 0.01640625 0.33359375 0.0328125 0.1734375
0 0.021875 0.05 0.04375 0.1
0 0.0125 0.33203125 0.025 0.178125