0 0.8421875 0.4984375 0.1921875 0.2078125
0 0.9234375 0.796875 0.1453125 0.1796875
0 0.19921875 0.1421875 0.1484375 0.1453125
0 0.5296875 0.7421875 0.16875 0.171875
0 0.171875 0.3359375 0.203125 0.2109375
0 0.5859375 0.1859375 0.234375 0.1921875
0 0.3359375 0.5546875 0.203125 0.171875
0 0.72265625 0.9234375 0.15625 0.1453125
0 0.5234375 0.9234375 0.1796875 0.1453125
0 0.1421875 0.7046875 0.2 0.1765625
0 0.0625 0.928125 0.125 0.1375
0 0.134375 0.078125 0.0859375 0.15625
0 0.921875 0.0625 0.1484375 0.125
0 0.1421875 0.5296875 0.2 0.184375
0 0.509375 0.4296875 0.1765625 0.1796875
0 0.3046875 0.91015625 0.2109375 0.1484375
0 0.359375 0.16015625 0.15625 0.140625
0 0.91015625 0.959375 0.171875 0.075
0 0.3296875 0.3421875 0.1453125 0.1640625
0 0.53515625 0.046875 0.1171875 0.09375
0 0.36875 0.0453125 0.171875 0.090625
0 0.6703125 0.6953125 0.1140625 0.1921875
0 0.1775260703125 0.1447275859375 0.116296 0.100857 0.305973 0.691615 0.1775260703125 0.1447275859375
0 0.040625 0.134375 0.08125 0.184375
0 0.703125 0.29375 0.1359375 0.146875
0 0.203125 0.0265625 0.190625 0.053125
0 0.97265625 0.21640625 0.0546875 0.178125
0 0.840625 0.028125 0.1578125 0.05625