0 0.8609375 0.35546875 0.1765625 0.1484375
0 0.59765625 0.1421875 0.1875 0.153125
0 0.0796875 0.0375 0.153125 0.075
0 0.87890625 0.0625 0.234375 0.125
0 0.8671875 0.6734375 0.1484375 0.1140625
0 0.9765625 0.8421875 0.0390625 0.16875
0 0.93359375 0.4828125 0.1328125 0.153125
0 0.765625 0.546875 0.153125 0.1296875
0 0.81875 0.18125 0.121875 0.121875
0 0.71875 0.0640625 0.125 0.0984375
0 0.38671875 0.06640625 0.125 0.121875
0 0.1859375 0.12890625 0.1796875 0.1171875
0 0.9609375 0.2046875 0.078125 0.1375
0 0.54765625 0.0328125 0.1921875 0.065625 0.229622425 0.08945275 0.54765625 0.0328125
0 0.229622425 0.08945275 0.104261 0.111779 0.7104250000000001 0.395489 0.229622425 0.08945275
0 0.95234375 0.14375 0.0953125 0.15
0 0.9640625 0.63515625 0.071875 0.1109375