0 0.6421875 0.1109375 0.2 0.1765625
0 0.44140625 0.22265625 0.1796875 0.1796875
0 0.8359375 0.665625 0.171875 0.184375
0 0.60546875 0.8421875 0.1796875 0.16875
0 0.321875 0.0796875 0.1796875 0.1453125
0 0.12890625 0.1953125 0.15625 0.140625
0 0.2484375 0.3359375 0.140625 0.140625
0 0.07421875 0.4546875 0.1484375 0.171875
0 0.365625 0.9359375 0.2265625 0.125
0 0.828125 0.05859375 0.184375 0.1140625
0 0.725 0.96484375 0.1765625 0.0703125
0 0.14736636875 0.18976763125 0.030307 0.054936 0.060603 0.10939399999999999 0.14736636875 0.18976763125
0 0.14736636875 0.18976763125 0.15625 0.2 0.9140625 0.9 0.14736636875 0.18976763125
0 0.5125 0.01953125 0.16875 0.0390625