0 0.5484375 0.6109375 0.2234375 0.2234375
0 0.609375 0.2484375 0.2265625 0.2
0 0.19140625 0.1734375 0.21875 0.1921875
0 0.91796875 0.6421875 0.15625 0.215625
0 0.759375 0.4296875 0.1921875 0.171875
0 0.8359375 0.09765625 0.21875 0.1875
0 0.31640625 0.7671875 0.25 0.2234375
0 0.72265625 0.8109375 0.2265625 0.2234375
0 0.43515625 0.0484375 0.2140625 0.096875
0 0.88671875 0.94921875 0.2109375 0.0859375
0 0.0375 0.3296875 0.075 0.184375
0 0.38125 0.41796875 0.2 0.1875
0 0.9609375 0.2796875 0.0703125 0.184375
0 0.4859375 0.9296875 0.246875 0.125
0 0.1546875 0.571875 0.184375 0.184375
0 0.06640625 0.0484375 0.1328125 0.096875