0 0.6796875 0.790625 0.2265625 0.2234375
0 0.7421875 0.51171875 0.2265625 0.21875
0 0.8671875 0.7109375 0.203125 0.203125
0 0.54296875 0.12890625 0.21875 0.2109375
0 0.9234375 0.415625 0.1375 0.2
0 0.928125 0.8921875 0.1375 0.2078125
0 0.134375 0.3296875 0.2078125 0.215625
0 0.4359375 0.41015625 0.1921875 0.1953125
0 0.25625 0.50390625 0.2078125 0.21875
0 0.3359375 0.228125 0.2265625 0.2
0 0.140625 0.790625 0.1875 0.2
0 0.85 0.2171875 0.2 0.1765625
0 0.6546875 0.3296875 0.2078125 0.1921875
0 0.3609375 0.7046875 0.2078125 0.184375
0 0.546875 0.6109375 0.2109375 0.1921875
0 0.7421875 0.0625 0.1796875 0.125
0 0.4546875 0.884375 0.2 0.2078125
0 0.234375 0.07421875 0.1953125 0.1484375
0 0.25390625 0.9296875 0.203125 0.1328125
0 0.06875 0.1484375 0.1375 0.203125
0 0.0796875 0.603125 0.140625 0.1953125
0 0.1745581703125 0.09258116875 0.9251340000000001 0.028172000000000003 0.149733 0.056342 0.1745581703125 0.09258116875
0 0.1745581703125 0.09258116875 0.1609375 0.09375 0.7640625 0.953125 0.1745581703125 0.09258116875
0 0.4390625 0.02421875 0.2078125 0.0484375
0 0.03125 0.89296875 0.0625 0.1953125
0 0.0765625 0.97421875 0.1515625 0.0515625
0 0.97734375 0.62421875 0.0453125 0.1828125
0 0.0171875 0.41796875 0.034375 0.18125
0 0.98671875 0.153125 0.0265625 0.1421875
0 0.525 0.98828125 0.1953125 0.0234375
0 0.99140625 0.15390625 0.0171875 0.1390625
0 0.0125 0.41796875 0.025 0.18125
0 0.07578125 0.98359375 0.1484375 0.0328125