0 0.6734375 0.7984375 0.1765625 0.184375
0 0.09375 0.60546875 0.15625 0.1640625
0 0.578125 0.26953125 0.1140625 0.1140625
0 0.875 0.228125 0.1453125 0.1296875
0 0.94140625 0.47265625 0.0984375 0.121875
0 0.9625 0.728125 0.075 0.15625
0 0.6421875 0.54296875 0.171875 0.1484375
0 0.3609375 0.56875 0.1484375 0.1453125
0 0.4234375 0.8140625 0.1609375 0.1640625
0 0.125 0.875 0.153125 0.140625
0 0.31640625 0.30625 0.109375 0.1015625
0 0.0453125 0.353125 0.090625 0.1140625
0 0.2421875 0.06640625 0.15625 0.125
0 0.1875 0.109375 0.55859375 0.0546875 0.058192 0.073438 0.9709030000000001 0.963133 0.1875 0.109375
0 0.82578125 0.0203125 0.1578125 0.040625
0 0.021875 0.10078125 0.04375 0.11875
0 0.015625 0.10078125 0.03125 0.115625
0 0.82578125 0.01484375 0.1546875 0.0296875
0 0.7421875 0.978125 0.15625 0.04375