0 0.384375 0.12890625 0.1765625 0.15625
0 0.7359375 0.15234375 0.121875 0.109375
0 0.31640625 0.396875 0.10625 0.121875
0 0.5140625 0.6171875 0.1328125 0.140625
0 0.69921875 0.478125 0.171875 0.1765625
0 0.8609375 0.3453125 0.1609375 0.1296875
0 0.96484375 0.52734375 0.0703125 0.10625
0 0.84375 0.6640625 0.15625 0.1453125
0 0.6640625 0.790625 0.1015625 0.1015625
0 0.765625 0.9296875 0.109375 0.09375
0 0.4765625 0.9140625 0.090625 0.15625
0 0.3203125 0.7359375 0.121875 0.1171875
0 0.2015625 0.265625 0.0984375 0.1015625
0 0.0703125 0.075 0.1078125 0.13125 0.137895 0.08025299999999999 0.889953 0.040127 0.0703125 0.075