0 0.571875 0.5546875 0.23125 0.21875
0 0.28515625 0.8984375 0.2421875 0.1953125
0 0.08203125 0.0796875 0.1640625 0.159375
0 0.7796875 0.4546875 0.215625 0.215625
0 0.5484375 0.0796875 0.1765625 0.153125
0 0.4859375 0.3609375 0.246875 0.2078125
0 0.7796875 0.9046875 0.2234375 0.184375
0 0.9296875 0.82421875 0.125 0.21875
0 0.0921875 0.5609375 0.184375 0.2234375
0 0.6796875 0.25625 0.234375 0.2
0 0.88671875 0.62890625 0.1953125 0.1953125
0 0.671875 0.7421875 0.1953125 0.171875
0 0.05078125 0.8046875 0.1015625 0.1953125
0 0.34765625 0.13671875 0.2265625 0.1953125
0 0.4859375 0.81640625 0.215625 0.203125
0 0.265625 0.4671875 0.21875 0.1765625
0 0.1625 0.259375 0.23125 0.2078125
0 0.35546875 0.6546875 0.1953125 0.1921875
0 0.946875 0.3609375 0.0984375 0.184375
0 0.57421875 0.9546875 0.171875 0.0828125
0 0.8765625 0.1734375 0.1453125 0.1375
0 0.18359375 0.7484375 0.1921875 0.153125
0 0.212406453125 0.0707092015625 0.203125 0.078125 0.775 0.0390625 0.212406453125 0.0707092015625
0 0.08984375 0.95078125 0.1796875 0.0984375
0 0.03828125 0.35078125 0.0765625 0.203125
0 0.9796875 0.09609375 0.040625 0.1890625
0 0.98671875 0.096875 0.0265625 0.19375
0 0.990625 0.0953125 0.01875 0.190625