0 0.603125 0.91015625 0.2078125 0.1640625
0 0.3046875 0.390625 0.171875 0.1875
0 0.19375 0.2109375 0.2 0.1640625
0 0.3921875 0.134375 0.1921875 0.16875
0 0.6171875 0.4921875 0.1953125 0.171875
0 0.09765625 0.05625 0.1953125 0.1125
0 0.8109375 0.85 0.2 0.1765625
0 0.9609375 0.759375 0.0703125 0.153125
0 0.4984375 0.759375 0.2 0.1609375
0 0.72265625 0.1859375 0.1796875 0.16875
0 0.82421875 0.3984375 0.1875 0.15625
0 0.3046875 0.853125 0.1796875 0.1765625
0 0.9046875 0.9671875 0.1765625 0.059375
0 0.609375 0.040625 0.15625 0.08125
0 0.7046875 0.6734375 0.215625 0.1765625
0 0.0875 0.4921875 0.175 0.171875
0 0.05078125 0.3109375 0.1015625 0.1796875
0 0.52734375 0.2984375 0.1453125 0.1609375
0 0.4 0.5859375 0.215625 0.16875
0 0.19140625 0.68125 0.1875 0.1765625
0 0.0859375 0.9390625 0.171875 0.121875
0 0.90234375 0.08984375 0.1765625 0.1796875
0 0.9234375 0.57421875 0.153125 0.171875 0.14682983593750001 0.20253693281250001 0.9234375 0.57421875
0 0.14682983593750001 0.20253693281250001 0.063923 0.162858 0.031961 0.76203 0.14682983593750001 0.20253693281250001
0 0.9765625 0.2984375 0.046875 0.1359375
0 0.40078125 0.97734375 0.1890625 0.0453125
0 0.271875 0.0125 0.171875 0.025
0 0.4015625 0.984375 0.1921875 0.03125
0 0.27265625 0.00859375 0.1734375 0.0171875