0 0.12890625 0.9234375 0.1484375 0.1375
0 0.2734375 0.29296875 0.1953125 0.1875
0 0.946875 0.603125 0.0984375 0.153125
0 0.6796875 0.540625 0.1796875 0.16875
0 0.0859375 0.4296875 0.1484375 0.1484375
0 0.4921875 0.6796875 0.171875 0.171875
0 0.4359375 0.1625 0.184375 0.1765625
0 0.38671875 0.4921875 0.1953125 0.203125
0 0.6109375 0.84765625 0.2 0.1484375
0 0.57421875 0.3734375 0.1640625 0.1296875
0 0.296875 0.8109375 0.15625 0.1375
0 0.759375 0.2484375 0.1765625 0.1609375
0 0.61640625 0.0484375 0.1328125 0.096875
0 0.20703125 0.6171875 0.109375 0.140625
0 0.78125 0.7328125 0.140625 0.1296875
0 0.1328125 0.109375 0.1328125 0.1328125
0 0.0390625 0.74609375 0.078125 0.1453125
0 0.02734375 0.26015625 0.0546875 0.15625
0 0.1820347171875 0.0784306296875 0.14280299999999999 0.09317800000000001 0.42012400000000005 0.9534039999999999 0.1820347171875 0.0784306296875
0 0.7046875 0.971875 0.184375 0.05625