0 0.2734375 0.0921875 0.2265625 0.184375
0 0.7984375 0.08203125 0.246875 0.1640625
0 0.0546875 0.88671875 0.109375 0.1796875
0 0.88671875 0.2484375 0.203125 0.23125
0 0.4859375 0.8984375 0.2078125 0.1953125
0 0.078125 0.16015625 0.15625 0.1484375
0 0.79296875 0.50390625 0.2109375 0.1953125
0 0.50625 0.4296875 0.2390625 0.2265625
0 0.1796875 0.3359375 0.234375 0.1875
0 0.2875 0.540625 0.23125 0.215625
0 0.1734375 0.81640625 0.184375 0.1796875
0 0.8921875 0.6875 0.1921875 0.1875
0 0.59765625 0.60546875 0.2109375 0.1796875
0 0.5859375 0.1421875 0.21875 0.1765625
0 0.69921875 0.7734375 0.1875 0.1796875
0 0.69921875 0.34765625 0.1796875 0.1796875
0 0.8046875 0.9296875 0.2109375 0.125
0 0.3734375 0.25390625 0.2 0.1765625
0 0.47265625 0.04296875 0.15625 0.0859375
0 0.0765625 0.640625 0.140625 0.140625
0 0.0453125 0.4453125 0.090625 0.1796875
0 0.40234375 0.728125 0.171875 0.171875
0 0.27734375 0.9390625 0.1953125 0.121875
0 0.94921875 0.9 0.1015625 0.2
0 0.090625 0.21875 0.9546875 0.4359375 0.073195 0.08551600000000001 0.036598000000000006 0.042758000000000004 0.090625 0.21875
0 0.95234375 0.03125 0.0953125 0.0625
0 0.61640625 0.984375 0.1953125 0.03125
0 0.615625 0.9875 0.2046875 0.025
0 0.6265625 0.9875 0.2 0.025
0 0.99140625 0.59609375 0.0171875 0.1703125