0 0.7984375 0.546875 0.184375 0.140625
0 0.578125 0.4546875 0.1875 0.1453125
0 0.165625 0.2796875 0.215625 0.1765625
0 0.6625 0.28515625 0.1453125 0.1328125
0 0.2796875 0.5609375 0.184375 0.1375
0 0.4046875 0.8359375 0.16875 0.1328125
0 0.259375 0.084375 0.171875 0.1375
0 0.75625 0.0859375 0.184375 0.1484375
0 0.90625 0.35 0.171875 0.1765625
0 0.90234375 0.8046875 0.1953125 0.1484375
0 0.59375 0.921875 0.1609375 0.1375
0 0.7734375 0.9546875 0.16875 0.090625
0 0.196875 0.7640625 0.15625 0.153125
0 0.14062323906250002 0.1440805984375 0.558405 0.032934000000000005 0.159971 0.06586800000000001 0.14062323906250002 0.1440805984375
0 0.14062323906250002 0.1440805984375 0.1125 0.1515625 0.05625 0.48515625 0.14062323906250002 0.1440805984375
0 0.053125 0.040625 0.10625 0.08125