0 0.20390625 0.0796875 0.1609375 0.159375
0 0.4046875 0.171875 0.2078125 0.171875
0 0.5609375 0.75390625 0.1921875 0.1953125
0 0.1734375 0.5484375 0.184375 0.16875
0 0.4921875 0.48046875 0.1875 0.1953125
0 0.603125 0.290625 0.16875 0.1828125
0 0.259375 0.8296875 0.2078125 0.1921875
0 0.2671875 0.3671875 0.190625 0.203125
0 0.91015625 0.2109375 0.171875 0.171875
0 0.8734375 0.6734375 0.1765625 0.153125
0 0.725 0.1109375 0.2078125 0.184375
0 0.69140625 0.571875 0.1796875 0.16875
0 0.5296875 0.04296875 0.16875 0.0859375
0 0.75390625 0.859375 0.1953125 0.1875
0 0.44921875 0.928125 0.15625 0.1375
0 0.7984375 0.38671875 0.2 0.2109375
0 0.0234375 0.415625 0.046875 0.153125
0 0.353125 0.6734375 0.15625 0.15625
0 0.0625 0.7578125 0.125 0.16875
0 0.0796875 0.275 0.1328125 0.1484375
0 0.11328125 0.96953125 0.2109375 0.0609375
0 0.3020503578125 0.252984190625 0.958405 0.5126280000000001 0.2109375 0.06015625 0.3020503578125 0.252984190625
0 0.640625 0.96953125 0.3020503578125 0.252984190625 0.083189 0.166406 0.640625 0.96953125
0 0.05078125 0.021875 0.1015625 0.04375
0 0.01796875 0.91171875 0.0359375 0.1703125
0 0.97890625 0.81328125 0.0421875 0.1890625
0 0.99140625 0.80703125 0.0171875 0.178125
0 0.0125 0.90859375 0.025 0.1734375
0 0.0484375 0.015625 0.096875 0.03125