0 0.26171875 0.571875 0.1953125 0.2
0 0.6796875 0.37890625 0.2265625 0.203125
0 0.171875 0.3734375 0.2265625 0.16875
0 0.2671875 0.103125 0.2078125 0.2
0 0.09375 0.19140625 0.1875 0.1875
0 0.7796875 0.0921875 0.2078125 0.1765625
0 0.87890625 0.2796875 0.1640625 0.184375
0 0.4484375 0.0484375 0.15625 0.096875
0 0.475 0.48046875 0.2078125 0.1953125
0 0.571875 0.1796875 0.2078125 0.1875
0 0.14973468437499998 0.11218187187499999 0.947846 0.037311 0.104307 0.074621 0.14973468437499998 0.11218187187499999
0 0.14973468437499998 0.11218187187499999 0.1296875 0.1140625 0.375 0.2984375 0.14973468437499998 0.11218187187499999
0 0.03125 0.0453125 0.0625 0.090625