0 0.2671875 0.4359375 0.1671875 0.1765625
0 0.7984375 0.07421875 0.2 0.1484375
0 0.3984375 0.6109375 0.1953125 0.2
0 0.44140625 0.321875 0.1875 0.184375
0 0.69140625 0.6484375 0.140625 0.140625
0 0.9453125 0.2421875 0.1015625 0.1484375
0 0.0703125 0.55625 0.140625 0.153125
0 0.625 0.19140625 0.15625 0.1453125
0 0.5609375 0.4546875 0.140625 0.1296875
0 0.76171875 0.3671875 0.1484375 0.1375
0 0.853125 0.8125 0.1453125 0.125
0 0.978125 0.709375 0.04375 0.1640625
0 0.665625 0.90625 0.1640625 0.1875
0 0.328125 0.890625 0.1609375 0.171875
0 0.21484375 0.7203125 0.1640625 0.1453125
0 0.04296875 0.8609375 0.0859375 0.153125
0 0.0453125 0.09375 0.090625 0.1875 0.957056 0.958539 0.08588799999999999 0.082922 0.0453125 0.09375
0 0.17578125 0.028125 0.16875 0.05625
0 0.14375 0.978125 0.1375 0.04375
0 0.1390625 0.984375 0.15625 0.03125
0 0.453125 0.978125 0.15 0.04375