0 0.8734375 0.32421875 0.2078125 0.1875
0 0.5859375 0.22265625 0.21875 0.2109375
0 0.2421875 0.1234375 0.1953125 0.1921875
0 0.1796875 0.87890625 0.1953125 0.1875
0 0.8734375 0.7671875 0.2234375 0.1765625
0 0.2734375 0.6109375 0.2265625 0.1921875
0 0.3609375 0.7875 0.1921875 0.2
0 0.94140625 0.4921875 0.109375 0.1953125
0 0.78515625 0.5859375 0.203125 0.203125
0 0.94140625 0.0625 0.109375 0.125
0 0.6734375 0.4046875 0.1921875 0.184375
0 0.93359375 0.9359375 0.125 0.121875
0 0.57421875 0.6796875 0.2109375 0.1875
0 0.46015625 0.0484375 0.1796875 0.096875
0 0.478125 0.50390625 0.2 0.171875
0 0.7671875 0.1171875 0.2 0.1796875
0 0.35546875 0.3203125 0.1921875 0.1921875
0 0.1484375 0.4125 0.203125 0.2109375
0 0.07421875 0.23828125 0.1296875 0.2109375
0 0.0375 0.51171875 0.075 0.1609375
0 0.08203125 0.7171875 0.140625 0.2078125
0 0.671875 0.88671875 0.2234375 0.1875
0 0.4625 0.9453125 0.203125 0.109375 0.1594332796875 0.32001476093750003 0.4625 0.9453125
0 0.1594332796875 0.32001476093750003 0.060829 0.11657100000000001 0.030477999999999998 0.9417139999999999 0.1594332796875 0.32001476093750003
0 0.1515625 0.0140625 0.203125 0.028125
0 0.77421875 0.98125 0.19375 0.0375
0 0.01875 0.05390625 0.0359375 0.10625
0 0.0140625 0.0484375 0.028125 0.0953125
0 0.259375 0.98828125 0.2078125 0.0234375
0 0.99140625 0.68046875 0.0171875 0.1984375
0 0.98125 0.2265625 0.0375 0.1921875
0 0.9921875 0.234375 0.015625 0.1703125