0 0.2671875 0.5859375 0.215625 0.171875
0 0.6734375 0.5609375 0.1609375 0.2078125
0 0.9234375 0.3609375 0.1375 0.1453125
0 0.165625 0.359375 0.2390625 0.21875
0 0.6859375 0.134375 0.1765625 0.1375
0 0.3671875 0.8109375 0.1875 0.1765625
0 0.06640625 0.7359375 0.1328125 0.1921875
0 0.540625 0.69140625 0.2 0.2109375
0 0.37890625 0.25390625 0.1640625 0.1640625
0 0.94921875 0.1421875 0.09375 0.153125
0 0.8296875 0.4984375 0.1453125 0.1375
0 0.7671875 0.921875 0.153125 0.1484375
0 0.828125 0.19140625 0.125 0.1953125
0 0.69921875 0.28515625 0.15625 0.1640625
0 0.1859375 0.94921875 0.2 0.0859375
0 0.4859375 0.4046875 0.184375 0.153125
0 0.8984375 0.7875 0.2 0.234375
0 0.5640625 0.03828125 0.178125 0.0765625
0 0.853125 0.0421875 0.153125 0.084375
0 0.19375 0.03046875 0.2265625 0.0609375
0 0.0765625 0.140625 0.03828125 0.1046875 0.110326 0.201386 0.944837 0.757375 0.0765625 0.140625
0 0.1859375 0.15 0.175 0.1375