0 0.9296875 0.72265625 0.125 0.1484375
0 0.2734375 0.3046875 0.1140625 0.1296875
0 0.2515625 0.06640625 0.125 0.1328125
0 0.08203125 0.10546875 0.1640625 0.2109375
0 0.59765625 0.265625 0.125 0.1171875
0 0.8359375 0.203125 0.1328125 0.1328125
0 0.89453125 0.4515625 0.1140625 0.153125
0 0.65625 0.5234375 0.125 0.1375
0 0.7015625 0.76953125 0.1453125 0.1453125
0 0.93359375 0.946875 0.1328125 0.10625
0 0.35546875 0.8359375 0.16875 0.1453125
0 0.32421875 0.55859375 0.153125 0.140625
0 0.0859375 0.6328125 0.140625 0.1140625
0 0.078125 0.365625 0.15625 0.1796875
0 0.1525462453125 0.13970816875 0.558275 0.032937 0.153609 0.065874 0.1525462453125 0.13970816875
0 0.1525462453125 0.13970816875 0.1015625 0.153125 0.1421875 0.859375 0.1525462453125 0.13970816875
0 0.73203125 0.9796875 0.1359375 0.040625
0 0.8296875 0.0234375 0.1375 0.046875
0 0.90078125 0.0265625 0.16875 0.053125
0 0.7296875 0.9859375 0.146875 0.028125