0 0.85546875 0.071875 0.1484375 0.14375
0 0.421875 0.84765625 0.15625 0.1328125
0 0.87890625 0.3921875 0.1640625 0.1453125
0 0.5453125 0.396875 0.1484375 0.140625
0 0.7203125 0.5375 0.10625 0.1375
0 0.91015625 0.6734375 0.1296875 0.1609375
0 0.5609375 0.678125 0.125 0.125
0 0.225 0.69140625 0.1140625 0.109375
0 0.06640625 0.8578125 0.0984375 0.109375
0 0.071875 0.5484375 0.1171875 0.1328125
0 0.22265625 0.38125 0.1171875 0.1453125
0 0.3921875 0.2515625 0.1453125 0.140625
0 0.0546875 0.259375 0.109375 0.140625
0 0.24375 0.9609375 0.134375 0.078125
0 0.89375 0.95234375 0.1359375 0.0953125
0 0.1421875 0.134375 0.1734375 0.090625 0.017615 0.142632 0.991193 0.824088 0.1421875 0.134375
0 0.98828125 0.82265625 0.0234375 0.146875
0 0.99140625 0.5234375 0.0171875 0.128125
0 0.9875 0.52421875 0.025 0.128125
0 0.04921875 0.01875 0.0984375 0.0375
0 0.0515625 0.0140625 0.1015625 0.028125