0 0.6234375 0.2421875 0.1921875 0.171875
0 0.38125 0.6234375 0.2 0.215625
0 0.9359375 0.921875 0.1140625 0.1484375
0 0.7359375 0.5484375 0.23125 0.2
0 0.82421875 0.353125 0.1953125 0.2
0 0.1 0.228125 0.2 0.184375
0 0.76171875 0.0859375 0.2265625 0.1640625
0 0.4671875 0.8984375 0.2625 0.1953125
0 0.5 0.4296875 0.21875 0.171875
0 0.5859375 0.725 0.1953125 0.2
0 0.9359375 0.1734375 0.121875 0.1453125
0 0.7796875 0.82421875 0.184375 0.1953125
0 0.2421875 0.05078125 0.1640625 0.1015625
0 0.9609375 0.47265625 0.0703125 0.15625
0 0.26171875 0.821875 0.1640625 0.1953125
0 0.13671875 0.953125 0.140625 0.09375
0 0.90625 0.65625 0.1765625 0.1921875
0 0.046875 0.43515625 0.09375 0.203125
0 0.66328125 0.9625 0.19296875 0.075 0.119946146875 0.0439586265625 0.66328125 0.9625