0 0.5296875 0.1015625 0.125 0.0984375
0 0.828125 0.06640625 0.1328125 0.109375
0 0.8671875 0.3125 0.125 0.109375
0 0.57421875 0.3515625 0.1375 0.10625
0 0.634375 0.6109375 0.1484375 0.1609375
0 0.94296875 0.8375 0.1140625 0.140625
0 0.33203125 0.6328125 0.1328125 0.125
0 0.2640625 0.390625 0.171875 0.15625
0 0.25 0.140625 0.184375 0.1296875
0 0.02734375 0.4453125 0.0546875 0.1453125
0 0.05625 0.69140625 0.0859375 0.1453125
0 0.109375 0.92578125 0.1171875 0.1171875
0 0.37890625 0.9375 0.1484375 0.125 0.018305 0.17069399999999998 0.03661 0.17969 0.37890625 0.9375
0 0.0125 0.175 0.025 0.178125