0 0.9359375 0.8421875 0.121875 0.1921875
0 0.13671875 0.2796875 0.1953125 0.184375
0 0.6484375 0.7671875 0.2265625 0.2234375
0 0.75390625 0.484375 0.2109375 0.203125
0 0.734375 0.0484375 0.15625 0.096875
0 0.1546875 0.7734375 0.2078125 0.1796875
0 0.5546875 0.5796875 0.2265625 0.1921875
0 0.53515625 0.103125 0.1640625 0.1765625
0 0.853125 0.6796875 0.2 0.1796875
0 0.3359375 0.19140625 0.1953125 0.2109375
0 0.32421875 0.6796875 0.1640625 0.1484375
0 0.9234375 0.38125 0.1453125 0.2
0 0.75625 0.9234375 0.2390625 0.1375
0 0.2328125 0.046875 0.184375 0.09375
0 0.0640625 0.08984375 0.128125 0.1796875
0 0.44140625 0.853125 0.1953125 0.1921875
0 0.2015625 0.93125 0.2390625 0.1296875 0.12981726875 0.529721271875 0.2015625 0.93125
0 0.12981726875 0.529721271875 0.07014000000000001 0.195732 0.035113 0.8765090000000001 0.12981726875 0.529721271875
0 0.55 0.98359375 0.1953125 0.0328125
0 0.98046875 0.590625 0.0390625 0.2
0 0.9859375 0.59453125 0.028125 0.196875
0 0.06015625 0.98203125 0.1203125 0.0359375
0 0.01171875 0.37421875 0.0234375 0.190625
0 0.01640625 0.378125 0.0328125 0.1828125
0 0.44140625 0.0078125 0.18125 0.015625
0 0.07109375 0.98515625 0.1390625 0.0296875