0 0.6875 0.0796875 0.21875 0.159375
0 0.5859375 0.81875 0.21875 0.2078125
0 0.4125 0.6171875 0.2 0.1953125
0 0.1796875 0.76171875 0.2109375 0.21875
0 0.85 0.2671875 0.2078125 0.175
0 0.62890625 0.44921875 0.2265625 0.21875
0 0.071875 0.2109375 0.14375 0.203125
0 0.1484375 0.93359375 0.1953125 0.125
0 0.0546875 0.571875 0.109375 0.1765625
0 0.4546875 0.22265625 0.2390625 0.2109375
0 0.8359375 0.6859375 0.2109375 0.1765625
0 0.3734375 0.946875 0.2234375 0.0984375
0 0.946875 0.8609375 0.0984375 0.2078125
0 0.2171875 0.4125 0.184375 0.1765625
0 0.25390625 0.0625 0.1953125 0.125
0 0.3921875 0.7984375 0.2078125 0.2
0 0.7671875 0.97265625 0.1765625 0.046875
0 0.0234375 0.91015625 0.046875 0.171875
0 0.56640625 0.9609375 0.1796875 0.0703125
0 0.2578125 0.23046875 0.1484375 0.153125
0 0.4453125 0.4453125 0.1875 0.203125
0 0.8046875 0.45703125 0.15625 0.1296875
0 0.6484375 0.24609375 0.1453125 0.1765625
0 0.20211671875 0.12214498124999999 0.05094 0.16539500000000001 0.02547 0.760482 0.20211671875 0.12214498124999999
0 0.9703125 0.46328125 0.059375 0.225
0 0.053125 0.03984375 0.10625 0.0796875
0 0.97890625 0.4921875 0.0421875 0.1796875