0 0.91015625 0.228125 0.171875 0.1921875
0 0.9046875 0.66015625 0.1765625 0.1875
0 0.1234375 0.609375 0.2 0.1875
0 0.8609375 0.9296875 0.2 0.1328125
0 0.415625 0.696875 0.2078125 0.2
0 0.5234375 0.8734375 0.203125 0.1765625
0 0.62890625 0.5921875 0.2421875 0.215625
0 0.7421875 0.7796875 0.2265625 0.1921875
0 0.5234375 0.41015625 0.2109375 0.1875
0 0.228125 0.7984375 0.2 0.1609375
0 0.3359375 0.509375 0.1875 0.1765625
0 0.82421875 0.4984375 0.1875 0.2
0 0.953125 0.4046875 0.0859375 0.2078125
0 0.1875 0.33984375 0.1296875 0.1453125
0 0.3921875 0.2359375 0.1328125 0.125
0 0.70703125 0.321875 0.171875 0.1640625
0 0.6015625 0.15 0.1484375 0.125
0 0.8078125 0.0640625 0.1375 0.128125
0 0.2890625 0.0625 0.1296875 0.125
0 0.084375 0.1625 0.153125 0.1140625
0 0.046875 0.88671875 0.09375 0.1953125
0 0.3125 0.9453125 0.1875 0.109375
0 0.15856246875 0.2765581625 0.9609375 0.884375 0.171885 0.029441000000000002 0.15856246875 0.2765581625
0 0.15856246875 0.2765581625 0.078125 0.215625 0.120354 0.98528 0.15856246875 0.2765581625
0 0.02421875 0.43203125 0.0484375 0.1234375
0 0.48203125 0.01328125 0.134375 0.0265625
0 0.12109375 0.9875 0.165625 0.025