0 0.53125 0.6484375 0.25 0.234375
0 0.9234375 0.5546875 0.1453125 0.2109375
0 0.3734375 0.8296875 0.246875 0.2390625
0 0.875 0.19921875 0.21875 0.1953125
0 0.7109375 0.38671875 0.265625 0.2578125
0 0.321875 0.134375 0.2 0.16875
0 0.13671875 0.3609375 0.1953125 0.1765625
0 0.7796875 0.7734375 0.23125 0.21875
0 0.14140625 0.0484375 0.1765625 0.096875
0 0.94921875 0.91796875 0.09375 0.15625
0 0.4984375 0.26171875 0.184375 0.1640625
0 0.66796875 0.0484375 0.1640625 0.096875
0 0.32421875 0.5 0.140625 0.1765625
0 0.15 0.6953125 0.15625 0.153125
0 0.603125 0.9546875 0.203125 0.090625
0 0.06943645781249999 0.2008958265625 0.07050999999999999 0.177448 0.035254999999999995 0.5903889999999999 0.06943645781249999 0.2008958265625
0 0.0375 0.8984375 0.075 0.1375 0.06943645781249999 0.2008958265625 0.0375 0.8984375
0 0.23203125 0.96875 0.203125 0.0625
0 0.0265625 0.259375 0.053125 0.175
0 0.4640625 0.0140625 0.203125 0.028125
0 0.959375 0.03515625 0.08125 0.0703125
0 0.46328125 0.00859375 0.19375 0.0171875