0 0.696875 0.6109375 0.184375 0.1921875
0 0.4984375 0.1859375 0.1609375 0.1453125
0 0.94609375 0.0484375 0.0984375 0.096875
0 0.8421875 0.4546875 0.16875 0.153125
0 0.1546875 0.2046875 0.1296875 0.153125
0 0.34765625 0.3578125 0.121875 0.1328125
0 0.51171875 0.48046875 0.121875 0.1375
0 0.678125 0.3421875 0.1796875 0.171875
0 0.8203125 0.1703125 0.109375 0.1171875
0 0.66484375 0.0484375 0.1484375 0.096875
0 0.30078125 0.05859375 0.1328125 0.1171875
0 0.18125 0.49375 0.15625 0.1375
0 0.0390625 0.3578125 0.078125 0.125
0 0.3609375 0.640625 0.153125 0.125
0 0.19375 0.7890625 0.1171875 0.15625
0 0.51953125 0.78125 0.1328125 0.125
0 0.38125 0.9390625 0.153125 0.121875
0 0.05625 0.95078125 0.1125 0.0984375
0 0.0640625 0.659375 0.128125 0.121875
0 0.85546875 0.75390625 0.121875 0.1296875
0 0.7046875 0.915625 0.1453125 0.1171875
0 0.078125 0.1609375 0.9609375 0.5953125 0.068787 0.12893 0.034434 0.066018 0.078125 0.1609375
0 0.971875 0.2953125 0.05625 0.134375
0 0.97890625 0.9140625 0.0421875 0.146875
0 0.984375 0.90859375 0.03125 0.1421875