0 0.8609375 0.4671875 0.1296875 0.1453125
0 0.44375 0.19375 0.1296875 0.125
0 0.6578125 0.0875 0.109375 0.10625
0 0.9609375 0.16015625 0.078125 0.121875
0 0.76171875 0.2828125 0.121875 0.1375
0 0.55078125 0.3609375 0.125 0.109375
0 0.65 0.5453125 0.1171875 0.121875
0 0.76171875 0.759375 0.1375 0.140625
0 0.95859375 0.64140625 0.0828125 0.1296875
0 0.8765625 0.9390625 0.1453125 0.121875
0 0.57421875 0.83203125 0.1171875 0.121875
0 0.4546875 0.6640625 0.1171875 0.140625
0 0.35546875 0.478125 0.125 0.1328125
0 0.12109375 0.5765625 0.109375 0.125
0 0.2578125 0.7421875 0.1453125 0.125
0 0.33671875 0.95078125 0.1046875 0.0984375
0 0.2578125 0.2875 0.121875 0.1171875
0 0.0453125 0.3765625 0.090625 0.1296875
0 0.1390625 0.0859375 0.1328125 0.10625
0 0.34375 0.0390625 0.1375 0.078125 0.859608 0.022412 0.150436 0.044781 0.34375 0.0390625
0 0.06015625 0.86328125 0.096875 0.0890625
0 0.0078125 0.6703125 0.015625 0.1171875
0 0.67421875 0.978125 0.14375 0.04375
0 0.16171875 0.98671875 0.13125 0.0265625
0 0.16015625 0.98125 0.13125 0.0375