0 0.51171875 0.8984375 0.1953125 0.1953125
0 0.3609375 0.7421875 0.184375 0.1796875
0 0.7359375 0.50625 0.2078125 0.1765625
0 0.9234375 0.0859375 0.1375 0.171875
0 0.8671875 0.6484375 0.234375 0.203125
0 0.06875 0.7109375 0.1375 0.1328125
0 0.140625 0.1109375 0.1875 0.1609375
0 0.6421875 0.0609375 0.1609375 0.121875
0 0.4609375 0.1484375 0.1484375 0.171875
0 0.3921875 0.4609375 0.153125 0.1953125
0 0.2984375 0.2671875 0.1609375 0.1671875
0 0.61328125 0.3609375 0.1484375 0.140625
0 0.7796875 0.196875 0.1953125 0.203125
0 0.296875 0.04296875 0.1328125 0.0859375
0 0.08984375 0.415625 0.1171875 0.1328125
0 0.19375 0.5640625 0.1796875 0.1640625
0 0.5484375 0.63125 0.184375 0.153125
0 0.66015625 0.775 0.2 0.171875
0 0.796875 0.9234375 0.171875 0.1453125
0 0.9296875 0.828125 0.140625 0.23125
0 0.1458380125 0.21267339999999998 0.9803200000000001 0.5377449999999999 0.140625 0.125 0.1458380125 0.21267339999999998
0 0.18359375 0.84765625 0.1458380125 0.21267339999999998 0.03936 0.171195 0.18359375 0.84765625
0 0.01640625 0.2578125 0.0328125 0.1734375
0 0.9046875 0.38046875 0.121875 0.1078125
0 0.03515625 0.95234375 0.0703125 0.0953125
0 0.63125 0.98359375 0.190625 0.0328125
0 0.30625 0.9765625 0.16875 0.046875
0 0.62421875 0.9875 0.1953125 0.025
0 0.3015625 0.98359375 0.16875 0.0328125
0 0.6359375 0.9875 0.1859375 0.025