0 0.3140625 0.2421875 0.125 0.1171875
0 0.61875 0.209375 0.1328125 0.1171875
0 0.8921875 0.196875 0.1609375 0.1484375
0 0.9390625 0.45703125 0.121875 0.121875
0 0.3515625 0.5453125 0.125 0.1609375
0 0.0875 0.57421875 0.175 0.1640625
0 0.275 0.053125 0.1796875 0.10625
0 0.15625 0.8359375 0.153125 0.15625
0 0.43125 0.80078125 0.1796875 0.1796875
0 0.6890625 0.7421875 0.1640625 0.15625
0 0.2627845828125 0.2230290015625 0.634375 0.4609375 0.162826 0.07696 0.2627845828125 0.2230290015625
0 0.2627845828125 0.2230290015625 0.121875 0.1328125 0.768152 0.9615199999999999 0.2627845828125 0.2230290015625
0 0.03359375 0.059375 0.0671875 0.11875
0 0.96484375 0.70234375 0.0703125 0.1140625
0 0.56796875 0.0234375 0.1328125 0.046875
0 0.98046875 0.94921875 0.0390625 0.1015625
0 0.984375 0.95078125 0.03125 0.0984375
0 0.98984375 0.95078125 0.0203125 0.0984375
0 0.565625 0.0140625 0.1359375 0.028125