0 0.22265625 0.1796875 0.1953125 0.2109375
0 0.546875 0.1421875 0.153125 0.153125
0 0.8375 0.0953125 0.1875 0.1640625
0 0.87109375 0.3453125 0.1453125 0.15625
0 0.92578125 0.61875 0.1328125 0.1453125
0 0.5703125 0.37890625 0.1609375 0.171875
0 0.6265625 0.665625 0.1296875 0.15625
0 0.34375 0.6953125 0.1328125 0.1328125
0 0.271875 0.42578125 0.1484375 0.1796875
0 0.046875 0.4765625 0.09375 0.121875
0 0.07421875 0.7171875 0.1171875 0.1609375 0.053305940625000006 0.19201850468749998 0.07421875 0.7171875
0 0.0140625 0.20234375 0.028125 0.15