0 0.47265625 0.35546875 0.1484375 0.1171875
0 0.27734375 0.4625 0.10625 0.109375
0 0.05625 0.54609375 0.1125 0.1296875
0 0.165625 0.7359375 0.1140625 0.1140625
0 0.46875 0.8265625 0.1484375 0.1171875
0 0.803125 0.90625 0.1171875 0.1015625
0 0.9546875 0.81875 0.090625 0.1453125
0 0.8890625 0.1578125 0.125 0.1328125
0 0.6890625 0.271875 0.1453125 0.1296875
0 0.57421875 0.08984375 0.125 0.109375
0 0.3609375 0.1734375 0.140625 0.1484375
0 0.1260055 0.1380329 0.579624 0.969233 0.11066100000000001 0.061329 0.1260055 0.1380329
0 0.1260055 0.1380329 0.1171875 0.121875 0.28515625 0.93359375 0.1260055 0.1380329
0 0.2609375 0.021875 0.1328125 0.04375
0 0.07734375 0.9796875 0.1375 0.0390625
0 0.02109375 0.375 0.0421875 0.1375
0 0.76484375 0.01875 0.11875 0.0375
0 0.7625 0.0125 0.1265625 0.025
0 0.01328125 0.37578125 0.0265625 0.1359375
0 0.0234375 0.83046875 0.046875 0.1328125
0 0.26171875 0.01328125 0.1296875 0.0265625
0 0.0765625 0.9859375 0.1421875 0.028125