0 0.4515625 0.29296875 0.1171875 0.140625
0 0.61328125 0.1328125 0.1375 0.1140625
0 0.80859375 0.296875 0.109375 0.1484375
0 0.94140625 0.115625 0.109375 0.125
0 0.953125 0.4375 0.090625 0.1609375
0 0.6265625 0.459375 0.1375 0.1453125
0 0.796875 0.56875 0.125 0.153125
0 0.2671875 0.1484375 0.140625 0.109375
0 0.10234375 0.0484375 0.1359375 0.096875 0.444565 0.033957 0.153291 0.067913 0.10234375 0.0484375
0 0.7671875 0.034375 0.1546875 0.06875
0 0.95078125 0.7390625 0.0984375 0.165625
0 0.95078125 0.7390625 0.0984375 0.1640625