0 0.134375 0.6484375 0.184375 0.1953125
0 0.9234375 0.7671875 0.1453125 0.1609375
0 0.50859375 0.0484375 0.1671875 0.096875
0 0.321875 0.0859375 0.2 0.171875
0 0.421875 0.2796875 0.1875 0.184375
0 0.4359375 0.7421875 0.2078125 0.1796875
0 0.75390625 0.8421875 0.203125 0.1765625
0 0.6234375 0.19140625 0.2 0.15625
0 0.821875 0.0859375 0.1609375 0.1484375
0 0.109375 0.19140625 0.1640625 0.1796875
0 0.6546875 0.66796875 0.184375 0.1484375
0 0.3046875 0.5609375 0.2109375 0.2078125
0 0.5609375 0.9296875 0.1921875 0.1328125
0 0.234375 0.821875 0.1953125 0.1453125
0 0.2171875 0.3671875 0.1765625 0.1875
0 0.5234375 0.46484375 0.1484375 0.1453125
0 0.71484375 0.390625 0.184375 0.2
0 0.9078125 0.2828125 0.184375 0.1484375
0 0.8359375 0.578125 0.2078125 0.1765625
0 0.3734375 0.9609375 0.125 0.078125
0 0.06015625 0.93515625 0.1203125 0.1296875
0 0.10503089843749999 0.13558390468749998 0.10996600000000001 0.101007 0.054983000000000004 0.050503 0.10503089843749999 0.13558390468749998
0 0.05859375 0.4609375 0.1171875 0.15625 0.10503089843749999 0.13558390468749998 0.05859375 0.4609375
0 0.97109375 0.92109375 0.0578125 0.153125
0 0.85 0.96875 0.2046875 0.0625
0 0.96171875 0.0484375 0.0765625 0.0953125
0 0.975 0.4671875 0.05 0.1796875
0 0.70546875 0.00703125 0.178125 0.0140625
0 0.01171875 0.75390625 0.0234375 0.190625