0 0.9125 0.6484375 0.16875 0.203125
0 0.09765625 0.5609375 0.1796875 0.2
0 0.2046875 0.759375 0.2390625 0.23125
0 0.3046875 0.446875 0.234375 0.2078125
0 0.3984375 0.1734375 0.2109375 0.2078125
0 0.19921875 0.2484375 0.25 0.215625
0 0.7171875 0.7484375 0.2390625 0.2
0 0.50390625 0.85546875 0.2265625 0.2109375
0 0.82421875 0.4609375 0.2265625 0.21875
0 0.50390625 0.3609375 0.2109375 0.2234375
0 0.6171875 0.0859375 0.265625 0.171875
0 0.290625 0.04296875 0.1765625 0.0859375
0 0.6171875 0.5546875 0.2109375 0.2109375
0 0.7875 0.91015625 0.1765625 0.1640625
0 0.103125 0.0796875 0.2 0.153125
0 0.884375 0.16796875 0.1765625 0.2109375
0 0.7171875 0.2671875 0.1921875 0.1828125
0 0.4125 0.6421875 0.1796875 0.1640625
0 0.32421875 0.94140625 0.1609375 0.1171875
0 0.171701240625 0.174185553125 0.817789 0.03073 0.192219 0.061431 0.171701240625 0.174185553125
0 0.171701240625 0.174185553125 0.090625 0.1921875 0.0453125 0.86875 0.171701240625 0.174185553125
0 0.96328125 0.8296875 0.0734375 0.2078125
0 0.95390625 0.36484375 0.0921875 0.209375
0 0.11171875 0.9640625 0.21875 0.071875
0 0.0390625 0.38046875 0.078125 0.1890625
0 0.62421875 0.96875 0.20625 0.0625