0 0.47265625 0.0859375 0.2109375 0.1640625
0 0.484375 0.5546875 0.203125 0.1796875
0 0.1734375 0.91015625 0.215625 0.1640625
0 0.384375 0.82421875 0.2078125 0.1796875
0 0.16015625 0.4609375 0.2109375 0.1796875
0 0.79296875 0.634375 0.1875 0.1921875
0 0.79296875 0.1546875 0.1953125 0.1765625
0 0.7109375 0.9234375 0.203125 0.1453125
0 0.7109375 0.4671875 0.1953125 0.1765625
0 0.9046875 0.34765625 0.184375 0.1953125
0 0.91796875 0.8125 0.1484375 0.15625
0 0.07421875 0.25625 0.1484375 0.2
0 0.57421875 0.240625 0.184375 0.1609375
0 0.3828125 0.36328125 0.1484375 0.1484375
0 0.26953125 0.1703125 0.1765625 0.1453125
0 0.271875 0.646875 0.1609375 0.15625
0 0.56875 0.7265625 0.1609375 0.140625
0 0.953125 0.5546875 0.09375 0.16875
0 0.459375 0.9546875 0.203125 0.090625
0 0.07421875 0.740625 0.1484375 0.153125
0 0.10625 0.1640625 0.946875 0.08203125 0.191444 0.07647699999999999 0.157105 0.038241000000000004 0.10625 0.1640625
0 0.68984375 0.03046875 0.1859375 0.0609375
0 0.034375 0.5421875 0.06875 0.1875
0 0.02890625 0.96015625 0.0578125 0.0796875
0 0.025 0.078125 0.05 0.1546875
0 0.015625 0.07734375 0.03125 0.1515625