0 0.1171875 0.5375 0.234375 0.2390625
0 0.44140625 0.484375 0.2109375 0.2265625
0 0.1171875 0.1546875 0.234375 0.246875
0 0.56640625 0.2671875 0.2109375 0.215625
0 0.9359375 0.3109375 0.121875 0.184375
0 0.6484375 0.4921875 0.2109375 0.1640625
0 0.415625 0.796875 0.2 0.1875
0 0.1234375 0.35 0.16875 0.1453125
0 0.8109375 0.3296875 0.153125 0.1765625
0 0.76171875 0.1484375 0.1875 0.1484375
0 0.7109375 0.6796875 0.171875 0.171875
0 0.34765625 0.08203125 0.234375 0.1640625
0 0.9359375 0.1109375 0.1140625 0.16875
0 0.3453125 0.2875 0.16875 0.16875
0 0.20546875 0.740625 0.1328125 0.140625
0 0.85546875 0.6875 0.109375 0.16875
0 0.546875 0.7015625 0.15625 0.1453125
0 0.5296875 0.0640625 0.15625 0.121875
0 0.1683846625 0.1335433046875 0.7489 0.030724 0.180281 0.061448 0.1683846625 0.1335433046875
0 0.1683846625 0.1335433046875 0.1328125 0.13984375 0.06640625 0.7515625 0.1683846625 0.1335433046875
0 0.06171875 0.01953125 0.1234375 0.0390625
0 0.80703125 0.46640625 0.134375 0.1140625
0 0.97890625 0.7796875 0.0421875 0.1984375
0 0.9796875 0.4765625 0.040625 0.153125
0 0.984375 0.4671875 0.03125 0.1609375