0 0.09765625 0.1546875 0.1875 0.184375
0 0.603125 0.6171875 0.16875 0.15625
0 0.81640625 0.509375 0.15625 0.1453125
0 0.31875 0.5234375 0.16875 0.171875
0 0.821875 0.0609375 0.1921875 0.121875
0 0.3046875 0.06640625 0.203125 0.1328125
0 0.1859375 0.796875 0.1765625 0.171875
0 0.209375 0.35 0.15625 0.153125
0 0.40625 0.240625 0.125 0.1171875
0 0.6078125 0.146875 0.153125 0.1484375
0 0.69921875 0.328125 0.109375 0.125
0 0.92578125 0.2125 0.1484375 0.1640625
0 0.5015625 0.41796875 0.1484375 0.1296875
0 0.92734375 0.70859375 0.1453125 0.1453125
0 0.7203125 0.80859375 0.184375 0.153125
0 0.85546875 0.953125 0.1875 0.09375
0 0.51171875 0.8734375 0.171875 0.121875
0 0.296875 0.9609375 0.153125 0.078125
0 0.09375 0.61875 0.1609375 0.1375
0 0.040625 0.41484375 0.08125 0.1453125
0 0.0998502390625 0.2043177109375 0.9756410000000001 0.88568 0.1015625 0.1796875 0.0998502390625 0.2043177109375
0 0.05078125 0.91015625 0.0998502390625 0.2043177109375 0.048718 0.164537 0.05078125 0.91015625
0 0.5015625 0.02265625 0.19375 0.0453125
0 0.97734375 0.42734375 0.0453125 0.1421875
0 0.984375 0.42578125 0.03125 0.1375
0 0.96796875 0.0234375 0.0640625 0.046875
0 0.1125 0.98671875 0.1546875 0.0265625
0 0.03984375 0.028125 0.0796875 0.05625