0 0.94140625 0.6796875 0.109375 0.171875
0 0.25390625 0.34765625 0.2109375 0.2109375
0 0.47265625 0.7046875 0.2109375 0.2078125
0 0.69140625 0.609375 0.2109375 0.2109375
0 0.4671875 0.2484375 0.2 0.2
0 0.928125 0.2421875 0.1375 0.2265625
0 0.1546875 0.6109375 0.215625 0.1921875
0 0.7671875 0.790625 0.2234375 0.2078125
0 0.63671875 0.1625 0.1875 0.2
0 0.8734375 0.07421875 0.184375 0.1484375
0 0.7796875 0.3296875 0.2 0.1921875
0 0.57421875 0.44375 0.1953125 0.2
0 0.8984375 0.9296875 0.1875 0.125
0 0.8671875 0.4984375 0.1796875 0.184375
0 0.26171875 0.7734375 0.2265625 0.1953125
0 0.384375 0.94375 0.215625 0.10625
0 0.35 0.5234375 0.2109375 0.2
0 0.071875 0.43359375 0.14375 0.1953125
0 0.0234375 0.740625 0.046875 0.2
0 0.12660857812499998 0.12979320625 0.129533 0.076461 0.06476699999999999 0.038231 0.12660857812499998 0.12979320625
0 0.084375 0.9 0.16875 0.1921875 0.12660857812499998 0.12979320625 0.084375 0.9
0 0.6796875 0.9875 0.196875 0.025
0 0.98046875 0.42109375 0.0390625 0.1796875
0 0.684375 0.98828125 0.20625 0.0234375
0 0.16953125 0.98828125 0.190625 0.0234375
0 0.990625 0.4234375 0.01875 0.171875
0 0.6796875 0.99140625 0.19375 0.0171875