0 0.2875 0.9046875 0.2390625 0.1765625
0 0.921875 0.9359375 0.1484375 0.121875
0 0.5796875 0.94140625 0.2078125 0.109375
0 0.31875 0.4609375 0.2078125 0.1796875
0 0.3046875 0.26171875 0.203125 0.1796875
0 0.92734375 0.040625 0.1359375 0.08125
0 0.94375 0.734375 0.10625 0.1953125
0 0.28515625 0.6796875 0.2109375 0.203125
0 0.6109375 0.4921875 0.2078125 0.1796875
0 0.0796875 0.23515625 0.159375 0.2140625
0 0.6234375 0.2359375 0.1921875 0.184375
0 0.5796875 0.7046875 0.2078125 0.1453125
0 0.0375 0.884375 0.075 0.16875
0 0.93125 0.415625 0.1375 0.2109375
0 0.94296875 0.1890625 0.1140625 0.15625 0.1794615109375 0.1820425859375 0.94296875 0.1890625
0 0.1794615109375 0.1820425859375 0.088907 0.18121 0.955546 0.488121 0.1794615109375 0.1820425859375
0 0.95234375 0.4640625 0.0953125 0.2125
0 0.3046875 0.025 0.175 0.05