0 0.509375 0.8359375 0.184375 0.1796875
0 0.5796875 0.0859375 0.1921875 0.1640625
0 0.703125 0.759375 0.1875 0.16875
0 0.1859375 0.76171875 0.1921875 0.1640625
0 0.959375 0.359375 0.075 0.1875
0 0.69921875 0.2796875 0.1640625 0.1765625
0 0.38671875 0.65625 0.203125 0.1875
0 0.9046875 0.66015625 0.1765625 0.140625
0 0.5921875 0.5609375 0.2 0.1765625
0 0.490625 0.375 0.2078125 0.1640625
0 0.7984375 0.478125 0.184375 0.140625
0 0.3828125 0.1953125 0.16875 0.171875
0 0.803125 0.05078125 0.1796875 0.1015625
0 0.9046875 0.178125 0.121875 0.1171875
0 0.8140625 0.9234375 0.1796875 0.153125
0 0.61328125 0.96484375 0.171875 0.0703125
0 0.28125 0.478125 0.1484375 0.109375
0 0.17578125 0.29296875 0.1796875 0.16875
0 0.0703125 0.1 0.1328125 0.1953125
0 0.27265625 0.0484375 0.2109375 0.096875
0 0.0796875 0.57578125 0.159375 0.1671875
0 0.27265625 0.92734375 0.1796875 0.1453125
0 0.069287925 0.15072950624999998 0.048354999999999995 0.135042 0.024177999999999998 0.389229 0.069287925 0.15072950624999998
0 0.96484375 0.821875 0.0703125 0.1453125 0.069287925 0.15072950624999998 0.96484375 0.821875
0 0.0296875 0.85546875 0.059375 0.1546875
0 0.0828125 0.978125 0.159375 0.04375
0 0.08125 0.98515625 0.15625 0.0296875