0 0.4984375 0.56640625 0.1609375 0.140625
0 0.8734375 0.5546875 0.1609375 0.140625
0 0.0796875 0.5609375 0.153125 0.153125
0 0.8734375 0.16796875 0.153125 0.1640625
0 0.6796875 0.7484375 0.15625 0.1375
0 0.259375 0.7484375 0.1671875 0.1609375
0 0.66015625 0.025 0.1328125 0.05
0 0.475 0.1859375 0.1375 0.1375
0 0.27734375 0.3890625 0.1484375 0.153125
0 0.05625 0.17734375 0.1125 0.1453125
0 0.471875 0.91953125 0.159375 0.1609375
0 0.90234375 0.9296875 0.184375 0.140625
0 0.25234375 0.04609375 0.1390625 0.0921875 0.1640700390625 0.10595869218750001 0.25234375 0.04609375
0 0.1640700390625 0.10595869218750001 0.128735 0.129922 0.66996 0.38454299999999997 0.1640700390625 0.10595869218750001
0 0.99140625 0.7359375 0.0171875 0.1453125
0 0.98671875 0.353125 0.0265625 0.1625
0 0.99140625 0.35390625 0.0171875 0.1578125