0 0.56640625 0.5375 0.28125 0.2625
0 0.8296875 0.4921875 0.246875 0.2421875
0 0.5921875 0.79296875 0.2546875 0.2421875
0 0.2046875 0.0859375 0.23125 0.171875
0 0.2484375 0.32421875 0.246875 0.25
0 0.2796875 0.57421875 0.2234375 0.2578125
0 0.3109375 0.821875 0.23125 0.23125
0 0.8421875 0.75390625 0.2 0.1953125
0 0.478125 0.0625 0.23125 0.125
0 0.7421875 0.05625 0.21875 0.1125
0 0.62890625 0.9671875 0.203125 0.0515625
0 0.0546875 0.63671875 0.109375 0.2109375
0 0.9046875 0.946875 0.184375 0.0984375
0 0.05859375 0.8921875 0.1171875 0.215625 0.05678711875 0.3173725796875 0.05859375 0.8921875
0 0.02578125 0.1109375 0.0515625 0.190625
0 0.975 0.21171875 0.05 0.2125
0 0.9625 0.02890625 0.075 0.0578125