0 0.759375 0.4984375 0.1921875 0.1765625
0 0.28515625 0.81640625 0.21875 0.2109375
0 0.134375 0.4234375 0.184375 0.1765625
0 0.8984375 0.8609375 0.1640625 0.1765625
0 0.35546875 0.44140625 0.25 0.2265625
0 0.91015625 0.6796875 0.171875 0.1796875
0 0.6859375 0.853125 0.215625 0.1765625
0 0.57421875 0.2875 0.1953125 0.1765625
0 0.7421875 0.66015625 0.140625 0.1640625
0 0.06875 0.9359375 0.1375 0.121875
0 0.2171875 0.06640625 0.1765625 0.1328125
0 0.928125 0.13125 0.1375 0.1296875
0 0.2359375 0.959375 0.2390625 0.075
0 0.70546875 0.03125 0.184375 0.0625
0 0.4671875 0.97265625 0.1453125 0.046875
0 0.3921875 0.07421875 0.1921875 0.1484375
0 0.0921875 0.7984375 0.1765625 0.1140625
0 0.29296875 0.25 0.140625 0.140625
0 0.725 0.34765625 0.1375 0.109375
0 0.9390625 0.4828125 0.1171875 0.15625
0 0.08984375 0.5640625 0.1796875 0.1296875
0 0.5375 0.453125 0.0984375 0.121875
0 0.71875 0.2109375 0.1296875 0.140625
0 0.5296875 0.6546875 0.2390625 0.2234375 0.776858 0.10821700000000001 0.174702 0.184671 0.5296875 0.6546875
0 0.58359375 0.06875 0.178125 0.1375
0 0.0171875 0.39765625 0.034375 0.1921875
0 0.03515625 0.05 0.0703125 0.1
0 0.02890625 0.2296875 0.0578125 0.1734375
0 0.83046875 0.97109375 0.1828125 0.0578125
0 0.97578125 0.26875 0.0484375 0.15625
0 0.75390625 0.3 0.2078125 0.1671875
0 0.0125 0.4 0.025 0.20625