0 0.796875 0.31875 0.234375 0.2390625
0 0.4984375 0.7171875 0.215625 0.2234375
0 0.3046875 0.571875 0.2109375 0.23125
0 0.73046875 0.88671875 0.25 0.21875
0 0.0546875 0.9078125 0.109375 0.1765625
0 0.6734375 0.509375 0.1921875 0.1765625
0 0.6171875 0.1734375 0.1953125 0.2078125
0 0.9046875 0.1234375 0.1765625 0.2
0 0.4609375 0.3609375 0.234375 0.2
0 0.06875 0.3296875 0.1375 0.2546875
0 0.1546875 0.75625 0.2390625 0.2
0 0.88671875 0.6796875 0.2109375 0.203125
0 0.34375 0.9046875 0.1640625 0.171875
0 0.0375 0.05546875 0.075 0.1109375
0 0.16015625 0.1609375 0.1578125 0.1546875
0 0.28515625 0.03359375 0.2203125 0.0671875
0 0.7328125 0.0546875 0.253125 0.109375
0 0.28075170156249996 0.2390393140625 0.953125 0.49140625 0.118391 0.05914199999999999 0.28075170156249996 0.2390393140625
0 0.28075170156249996 0.2390393140625 0.08515625 0.165625 0.940804 0.9703839999999999 0.28075170156249996 0.2390393140625
0 0.58671875 0.98828125 0.234375 0.0234375