0 0.5296875 0.14453125 0.140625 0.1296875
0 0.828125 0.1171875 0.171875 0.121875
0 0.84375 0.3578125 0.1296875 0.10625
0 0.896875 0.65625 0.1171875 0.125
0 0.56640625 0.428125 0.15625 0.1140625
0 0.6109375 0.68359375 0.1328125 0.1171875
0 0.63359375 0.93515625 0.1015625 0.1296875
0 0.9375 0.896875 0.121875 0.121875
0 0.2734375 0.7328125 0.10625 0.1171875
0 0.2515625 0.484375 0.1359375 0.140625
0 0.2125 0.2109375 0.153125 0.109375
0 0.2109375 0.0375 0.109375 0.075
0 0.0453125 0.7671875 0.090625 0.1015625
0 0.1430083359375 0.11370158906250001 0.34375 0.9546875 0.14832700000000001 0.042749999999999996 0.1430083359375 0.11370158906250001
0 0.1430083359375 0.11370158906250001 0.1375 0.090625 0.078183 0.9784789999999999 0.1430083359375 0.11370158906250001
0 0.0203125 0.5078125 0.040625 0.1296875
0 0.0796875 0.984375 0.1515625 0.03125
0 0.0125 0.50625 0.025 0.1296875