0 0.2796875 0.3734375 0.1921875 0.1609375
0 0.790625 0.8421875 0.1609375 0.153125
0 0.8296875 0.5546875 0.2078125 0.1640625
0 0.84765625 0.1484375 0.1953125 0.171875
0 0.53515625 0.35546875 0.1796875 0.1328125
0 0.4984375 0.796875 0.1765625 0.1953125
0 0.0296875 0.1734375 0.059375 0.1453125
0 0.4984375 0.54296875 0.153125 0.1796875
0 0.7484375 0.9828125 0.1375 0.028125
0 0.5609375 0.15 0.184375 0.184375
0 0.834375 0.34765625 0.1609375 0.15625
0 0.28125 0.146875 0.1171875 0.1296875
0 0.2640625 0.5640625 0.140625 0.1453125
0 0.0882700296875 0.31392643124999997 0.038486 0.147281 0.019243 0.570383 0.0882700296875 0.31392643124999997
0 0.24375 0.834375 0.1328125 0.1484375 0.0882700296875 0.31392643124999997 0.24375 0.834375
0 0.02578125 0.35390625 0.0515625 0.1515625
0 0.01328125 0.5671875 0.0265625 0.146875
0 0.015625 0.35 0.03125 0.146875
0 0.27421875 0.009375 0.1640625 0.01875