0 0.69375 0.7671875 0.2 0.1921875
0 0.48046875 0.446875 0.2265625 0.2
0 0.32421875 0.725 0.2265625 0.2
0 0.31640625 0.1625 0.2109375 0.2
0 0.0859375 0.2984375 0.171875 0.1984375
0 0.16015625 0.8609375 0.1875 0.184375
0 0.915625 0.6421875 0.1609375 0.153125
0 0.7359375 0.2875 0.1921875 0.16875
0 0.22265625 0.5484375 0.21875 0.1921875
0 0.44140625 0.9046875 0.1953125 0.1765625
0 0.22734375 0.040625 0.1921875 0.08125
0 0.6078125 0.6 0.15625 0.140625
0 0.83203125 0.4671875 0.2 0.171875
0 0.40328693125 0.4050425171875 0.9740740000000001 0.79074 0.2078125 0.1328125 0.40328693125 0.4050425171875
0 0.7828125 0.93359375 0.40328693125 0.4050425171875 0.051851 0.167567 0.7828125 0.93359375
0 0.03984375 0.13046875 0.0796875 0.140625
0 0.03125 0.66171875 0.0625 0.1703125
0 0.2125 0.975 0.1796875 0.05
0 0.53359375 0.98203125 0.2046875 0.0359375
0 0.98671875 0.33515625 0.0265625 0.1703125
0 0.53671875 0.9875 0.2109375 0.025
0 0.97890625 0.3359375 0.0421875 0.1640625
0 0.209375 0.984375 0.1765625 0.03125