0 0.63671875 0.7109375 0.1640625 0.140625
0 0.7671875 0.0796875 0.1609375 0.153125
0 0.734375 0.88671875 0.140625 0.1328125
0 0.04296875 0.5921875 0.0859375 0.1609375
0 0.2875 0.18359375 0.1375 0.140625
0 0.09375 0.2890625 0.1328125 0.125
0 0.2109375 0.44921875 0.1171875 0.1328125
0 0.3890625 0.32421875 0.1453125 0.125
0 0.58984375 0.22265625 0.15625 0.1375
0 0.890625 0.271875 0.1453125 0.125
0 0.69375 0.3921875 0.1328125 0.1296875
0 0.80078125 0.5546875 0.125 0.10625
0 0.928125 0.78125 0.1375 0.1453125
0 0.5171875 0.5171875 0.1453125 0.1140625
0 0.3515625 0.634375 0.15625 0.125
0 0.4625 0.8265625 0.1453125 0.1453125
0 0.25390625 0.94921875 0.15625 0.1015625
0 0.14453125 0.78515625 0.1640625 0.125
0 0.478125 0.046875 0.10625 0.09375
0 0.075 0.115625 0.0375 0.128125 0.060887000000000004 0.152932 0.030442999999999998 0.888158 0.075 0.115625
0 0.9859375 0.92578125 0.028125 0.140625
0 0.56953125 0.9703125 0.115625 0.059375
0 0.971875 0.4453125 0.05625 0.1390625
0 0.17109375 0.0234375 0.13125 0.046875
0 0.16953125 0.015625 0.1265625 0.03125
0 0.98046875 0.928125 0.0390625 0.1390625
0 0.99140625 0.92578125 0.0171875 0.1390625