0 0.63125 0.72265625 0.1375 0.1328125
0 0.44140625 0.8609375 0.1328125 0.121875
0 0.57421875 0.0375 0.15625 0.075
0 0.69140625 0.453125 0.140625 0.125
0 0.5234375 0.2796875 0.109375 0.140625
0 0.7015625 0.16796875 0.1296875 0.1328125
0 0.90390625 0.05625 0.1515625 0.1125
0 0.87109375 0.3359375 0.1328125 0.1171875
0 0.8359375 0.58984375 0.1140625 0.1140625
0 0.95703125 0.775 0.0859375 0.1375
0 0.48828125 0.5625 0.153125 0.140625
0 0.33984375 0.4 0.1375 0.1171875
0 0.115625 0.5234375 0.1171875 0.1296875
0 0.30625 0.703125 0.1328125 0.1375
0 0.0765625 0.8203125 0.1375 0.1140625
0 0.23828125 0.9546875 0.15625 0.090625
0 0.1625 0.25 0.1328125 0.1015625
0 0.199032334375 0.1398651859375 0.365625 0.11328125 0.15982400000000002 0.059733 0.199032334375 0.1398651859375
0 0.199032334375 0.1398651859375 0.1453125 0.1484375 0.605224 0.970021 0.199032334375 0.1398651859375
0 0.01171875 0.37421875 0.0234375 0.1375
0 0.00859375 0.37109375 0.0171875 0.1328125