0 0.19765625 0.7359375 0.1765625 0.1609375
0 0.1796875 0.265625 0.1640625 0.15625
0 0.603125 0.5609375 0.1765625 0.16875
0 0.40234375 0.1734375 0.1609375 0.140625
0 0.59375 0.08984375 0.16875 0.1640625
0 0.70703125 0.2578125 0.15625 0.153125
0 0.80859375 0.4609375 0.15625 0.153125
0 0.9140625 0.6328125 0.171875 0.16875
0 0.725 0.74375 0.1796875 0.140625
0 0.83203125 0.921875 0.184375 0.15625
0 0.5015625 0.8359375 0.1609375 0.1453125
0 0.39453125 0.66796875 0.16875 0.1609375
0 0.2796875 0.46484375 0.1796875 0.171875
0 0.0796875 0.55859375 0.159375 0.1640625
0 0.28515625 0.93125 0.171875 0.1375
0 0.5859375 0.9625 0.1375 0.075
0 0.08203125 0.08203125 0.1640625 0.1640625
0 0.97265625 0.8296875 0.0546875 0.16875
0 0.0375 0.3671875 0.075 0.16875
0 0.0328125 0.8484375 0.065625 0.184375
0 0.08359375 0.96875 0.1671875 0.0625
0 0.278125 0.03046875 0.16875 0.0609375 0.1839946125 0.060229854687499994 0.278125 0.03046875
0 0.1839946125 0.060229854687499994 0.174689 0.06317199999999999 0.800544 0.03161 0.1839946125 0.060229854687499994
0 0.971875 0.365625 0.05625 0.1484375
0 0.89453125 0.1703125 0.109375 0.11875