0 0.34765625 0.6796875 0.2109375 0.1953125
0 0.915625 0.3609375 0.1609375 0.2078125
0 0.91796875 0.82421875 0.15625 0.1953125
0 0.821875 0.16015625 0.2 0.1796875
0 0.6234375 0.28515625 0.1765625 0.1953125
0 0.84765625 0.625 0.2109375 0.1875
0 0.5296875 0.5609375 0.215625 0.2078125
0 0.509375 0.109375 0.2078125 0.1875
0 0.22265625 0.0546875 0.203125 0.109375
0 0.09765625 0.2734375 0.1640625 0.140625
0 0.31640625 0.19140625 0.203125 0.1875
0 0.2109375 0.4859375 0.2109375 0.1921875
0 0.6234375 0.7484375 0.1765625 0.16875
0 0.2109375 0.9296875 0.1796875 0.1328125
0 0.415625 0.37890625 0.1484375 0.1171875
0 0.725 0.4625 0.1921875 0.1453125
0 0.05859375 0.58203125 0.1171875 0.1609375
0 0.1421875 0.7640625 0.2109375 0.1765625
0 0.52734375 0.96640625 0.1640625 0.0671875
0 0.75625 0.9296875 0.2078125 0.140625
0 0.4234375 0.85 0.121875 0.1015625
0 0.7328125 0.046875 0.184375 0.09375
0 0.1015625 0.171875 0.05078125 0.115625 0.06265899999999999 0.19673400000000002 0.968671 0.098675 0.1015625 0.171875
0 0.9703125 0.5609375 0.059375 0.2109375
0 0.96953125 0.95859375 0.0609375 0.08125
0 0.01640625 0.85703125 0.0328125 0.196875
0 0.01171875 0.853125 0.0234375 0.2
0 0.97734375 0.9578125 0.0453125 0.084375