0 0.44921875 0.2046875 0.234375 0.2390625
0 0.6109375 0.0609375 0.184375 0.121875
0 0.8296875 0.5171875 0.2 0.2078125
0 0.9234375 0.34765625 0.1453125 0.1640625
0 0.7796875 0.1796875 0.1921875 0.1796875
0 0.6421875 0.359375 0.184375 0.1796875
0 0.28515625 0.0703125 0.171875 0.1296875
0 0.277272603125 0.162338565625 0.8978780000000001 0.054023 0.204245 0.108046 0.277272603125 0.162338565625
0 0.277272603125 0.162338565625 0.10625 0.1921875 0.946875 0.66015625 0.277272603125 0.162338565625
0 0.10546875 0.02265625 0.1921875 0.0453125
0 0.44609375 0.0140625 0.1921875 0.028125