0 0.6484375 0.415625 0.1953125 0.1765625
0 0.8671875 0.6 0.1953125 0.1765625
0 0.2984375 0.446875 0.1984375 0.16875
0 0.8671875 0.22265625 0.203125 0.1640625
0 0.453125 0.59765625 0.15625 0.1640625
0 0.06875 0.609375 0.1375 0.1796875
0 0.06640625 0.946875 0.125 0.10625
0 0.86875 0.9390625 0.1953125 0.121875
0 0.6703125 0.7890625 0.16875 0.1484375
0 0.2515625 0.790625 0.190625 0.171875
0 0.4671875 0.94140625 0.203125 0.1140625 0.032957 0.049354999999999996 0.065826 0.098395 0.4671875 0.94140625
0 0.9765625 0.0765625 0.046875 0.153125
0 0.97890625 0.4171875 0.0421875 0.1578125
0 0.97890625 0.78828125 0.0421875 0.1640625
0 0.98515625 0.4140625 0.0296875 0.15625
0 0.9859375 0.78984375 0.028125 0.165625
0 0.984375 0.0796875 0.03125 0.159375