0 0.63671875 0.47265625 0.1953125 0.1640625
0 0.44921875 0.28515625 0.1953125 0.1875
0 0.4375 0.66015625 0.1875 0.1640625
0 0.2359375 0.8421875 0.1921875 0.16875
0 0.84765625 0.28515625 0.1953125 0.1875
0 0.6421875 0.07421875 0.2234375 0.1484375
0 0.6375 0.828125 0.1640625 0.16875
0 0.22265625 0.10546875 0.1640625 0.1484375
0 0.85 0.63671875 0.16875 0.171875
0 0.24609375 0.47265625 0.1796875 0.184375
0 0.05625 0.2734375 0.1125 0.203125
0 0.06640625 0.6578125 0.1140625 0.1765625
0 0.97265625 0.103125 0.0546875 0.171875
0 0.959375 0.846875 0.08125 0.20625
0 0.1750734046875 0.20248686093749999 0.128058 0.062584 0.06405 0.968708 0.1750734046875 0.20248686093749999
0 0.42890625 0.9578125 0.1921875 0.084375 0.1750734046875 0.20248686093749999 0.42890625 0.9578125
0 0.9859375 0.475 0.028125 0.165625
0 0.97890625 0.4734375 0.0421875 0.1640625