0 0.09375 0.2421875 0.1875 0.1875
0 0.5125 0.06875 0.1875 0.1375
0 0.109375 0.728125 0.1875 0.1609375
0 0.72265625 0.4125 0.1953125 0.1765625
0 0.603125 0.2359375 0.16875 0.1609375
0 0.3046875 0.6234375 0.1953125 0.16875
0 0.93359375 0.7671875 0.125 0.1453125
0 0.84765625 0.59765625 0.203125 0.15625
0 0.296875 0.134375 0.1796875 0.184375
0 0.04296875 0.51171875 0.0859375 0.171875
0 0.91796875 0.3109375 0.1484375 0.1765625
0 0.5 0.5078125 0.1640625 0.1921875
0 0.6078125 0.70703125 0.140625 0.121875
0 0.72265625 0.896875 0.15625 0.1765625
0 0.52890625 0.95078125 0.1453125 0.0984375
0 0.415625 0.80625 0.16875 0.1640625
0 0.2015625 0.8984375 0.1921875 0.1640625
0 0.1890625 0.421875 0.1171875 0.125
0 0.40625 0.31640625 0.109375 0.1015625
0 0.828125 0.134375 0.1484375 0.1375
0 0.7203125 0.0265625 0.1953125 0.05234375 0.23488876093750002 0.09781004374999999 0.7203125 0.0265625
0 0.23488876093750002 0.09781004374999999 0.066276 0.12255799999999999 0.9668620000000001 0.9387209999999999 0.23488876093750002 0.09781004374999999
0 0.0375 0.0734375 0.075 0.146875
0 0.046875 0.95390625 0.09375 0.0921875
0 0.97890625 0.5171875 0.0421875 0.165625
0 0.9734375 0.04765625 0.053125 0.0953125
0 0.98515625 0.51796875 0.0296875 0.1640625
0 0.98046875 0.0421875 0.0390625 0.084375
0 0.190625 0.00859375 0.171875 0.0171875