0 0.4203125 0.23046875 0.1296875 0.121875
0 0.2359375 0.0921875 0.109375 0.0984375
0 0.5796875 0.053125 0.1453125 0.10625
0 0.7484375 0.19921875 0.1375 0.1375
0 0.9203125 0.328125 0.109375 0.1296875
0 0.89609375 0.05625 0.1453125 0.1125
0 0.5796875 0.3515625 0.1375 0.1296875
0 0.74609375 0.484375 0.153125 0.1296875
0 0.19359935781249998 0.1607290515625 0.9857400000000001 0.18495699999999998 0.1453125 0.1296875 0.19359935781249998 0.1607290515625
0 0.921875 0.62890625 0.19359935781249998 0.1607290515625 0.028519 0.15567999999999999 0.921875 0.62890625
0 0.9859375 0.4609375 0.028125 0.121875
0 0.99140625 0.4609375 0.0171875 0.121875
0 0.98046875 0.1796875 0.0390625 0.1515625