0 0.75390625 0.13671875 0.2265625 0.2109375
0 0.2421875 0.13671875 0.2265625 0.2109375
0 0.6546875 0.4046875 0.2078125 0.2
0 0.446875 0.06640625 0.1921875 0.1328125
0 0.5609375 0.696875 0.2 0.2
0 0.7734375 0.5921875 0.234375 0.1921875
0 0.9296875 0.0609375 0.125 0.121875
0 0.8609375 0.790625 0.1765625 0.1609375
0 0.546875 0.2359375 0.21875 0.2
0 0.2421875 0.60546875 0.2109375 0.1953125
0 0.9296875 0.509375 0.125 0.2234375
0 0.6625 0.88671875 0.2 0.2109375
0 0.34765625 0.31875 0.1875 0.1765625
0 0.44140625 0.49609375 0.2109375 0.215625
0 0.95859375 0.23515625 0.0828125 0.1953125
0 0.33984375 0.80625 0.2390625 0.2109375
0 0.446875 0.946875 0.2265625 0.0984375
0 0.9453125 0.953125 0.109375 0.09375
0 0.1421875 0.90625 0.2 0.1765625
0 0.06875 0.7203125 0.121875 0.2
0 0.146875 0.44140625 0.2 0.171875
0 0.1260106703125 0.1595682046875 0.2063 0.048277 0.13091 0.024166 0.1260106703125 0.1595682046875
0 0.06640625 0.2421875 0.125 0.1875 0.1260106703125 0.1595682046875 0.06640625 0.2421875
0 0.02421875 0.51953125 0.0484375 0.1921875
0 0.64609375 0.0203125 0.2171875 0.040625
0 0.01875 0.065625 0.0375 0.13125
0 0.98046875 0.6953125 0.0390625 0.1796875
0 0.9859375 0.696875 0.028125 0.184375
0 0.7625 0.984375 0.228125 0.03125
0 0.7625 0.98828125 0.2421875 0.0234375
0 0.01484375 0.5234375 0.0296875 0.18125