0 0.384375 0.5484375 0.246875 0.2390625
0 0.4671875 0.91015625 0.2234375 0.1640625
0 0.7109375 0.1484375 0.2421875 0.2265625
0 0.3296875 0.1734375 0.215625 0.2234375
0 0.8109375 0.50390625 0.246875 0.21875
0 0.9296875 0.296875 0.1328125 0.21875
0 0.5546875 0.3296875 0.234375 0.246875
0 0.8734375 0.8609375 0.215625 0.215625
0 0.23046875 0.7671875 0.2265625 0.2234375
0 0.134375 0.4125 0.23125 0.2078125
0 0.0921875 0.07421875 0.184375 0.1484375
0 0.634375 0.7359375 0.2390625 0.2234375
0 0.4859375 0.04296875 0.215625 0.0859375
0 0.0484375 0.63046875 0.096875 0.2296875
0 0.0796875 0.9453125 0.159375 0.109375
0 0.3043186828125 0.1391800421875 0.8935420000000001 0.018449 0.18085800000000002 0.036784 0.3043186828125 0.1391800421875
0 0.3043186828125 0.1391800421875 0.121875 0.1765625 0.9390625 0.665625 0.3043186828125 0.1391800421875
0 0.01640625 0.25 0.0328125 0.1953125
0 0.69765625 0.98359375 0.2265625 0.0328125
0 0.0125 0.25078125 0.025 0.2015625
0 0.68828125 0.98671875 0.2234375 0.0265625