0 0.2640625 0.05859375 0.1640625 0.1171875
0 0.30625 0.30078125 0.1640625 0.1609375
0 0.58203125 0.25 0.1296875 0.153125
0 0.8734375 0.225 0.140625 0.15625
0 0.9234375 0.4828125 0.1453125 0.15625
0 0.609375 0.5140625 0.1375 0.121875
0 0.68125 0.7796875 0.1453125 0.1375
0 0.95078125 0.73984375 0.0984375 0.1609375
0 0.3921875 0.85 0.1609375 0.1484375
0 0.33203125 0.5796875 0.171875 0.1609375
0 0.071875 0.60078125 0.14375 0.1765625
0 0.07421875 0.8828125 0.1484375 0.1453125 0.545936 0.033826 0.12590099999999999 0.067652 0.07421875 0.8828125
0 0.03515625 0.34921875 0.0703125 0.15625
0 0.94765625 0.9734375 0.1046875 0.053125
0 0.43984375 0.97109375 0.134375 0.05625
0 0.0203125 0.08515625 0.040625 0.1625
0 0.01328125 0.08984375 0.0265625 0.159375
0 0.95078125 0.98125 0.0984375 0.0375