0 0.2890625 0.06640625 0.1921875 0.1296875
0 0.478125 0.1484375 0.171875 0.1640625
0 0.6578125 0.2953125 0.171875 0.1765625
0 0.83203125 0.384375 0.1609375 0.15625
0 0.81640625 0.11875 0.1296875 0.1484375
0 0.94921875 0.2109375 0.1015625 0.1765625
0 0.5390625 0.4453125 0.140625 0.1453125
0 0.69921875 0.5703125 0.125 0.140625
0 0.89453125 0.58203125 0.1765625 0.1953125
0 0.7484375 0.740625 0.184375 0.1453125
0 0.9453125 0.859375 0.109375 0.1796875
0 0.615625 0.90625 0.184375 0.1609375
0 0.5328125 0.740625 0.153125 0.121875
0 0.38671875 0.6265625 0.1765625 0.140625
0 0.25390625 0.8359375 0.1328125 0.171875
0 0.4125 0.921875 0.140625 0.140625
0 0.078125 0.6953125 0.1375 0.1796875
0 0.209375 0.515625 0.16875 0.1796875
0 0.3421875 0.3375 0.1953125 0.16875
0 0.1484375 0.19921875 0.1765625 0.1765625
0 0.10779895937499999 0.21464029375 0.8285640000000001 0.965743 0.156662 0.068482 0.10779895937499999 0.21464029375
0 0.02265625 0.1 0.0453125 0.184375
0 0.15078125 0.97890625 0.15625 0.040625
0 0.61953125 0.0265625 0.178125 0.053125
0 0.01953125 0.88828125 0.0390625 0.1625
0 0.93984375 0.02109375 0.1203125 0.0421875
0 0.9765625 0.403125 0.046875 0.184375
0 0.0140625 0.0984375 0.028125 0.1765625
0 0.0140625 0.8875 0.028125 0.1609375
0 0.153125 0.98515625 0.153125 0.0296875
0 0.9828125 0.39921875 0.034375 0.184375