0 0.1796875 0.17578125 0.121875 0.140625
0 0.4859375 0.0796875 0.1328125 0.1296875
0 0.0765625 0.3734375 0.153125 0.1375
0 0.1796875 0.615625 0.153125 0.1484375
0 0.4125 0.7578125 0.1765625 0.1796875
0 0.61328125 0.8453125 0.15625 0.1609375
0 0.821875 0.90625 0.1609375 0.171875
0 0.93125 0.725 0.1375 0.15625
0 0.71484375 0.63671875 0.1765625 0.1484375
0 0.26675624062500003 0.40791215625 0.545358 0.9638669999999999 0.15536 0.072267 0.26675624062500003 0.40791215625
0 0.09296875 0.815625 0.11875 0.1203125
0 0.021875 0.5390625 0.04375 0.1515625
0 0.6921875 0.0265625 0.175 0.053125