0 0.9234375 0.259375 0.1453125 0.175
0 0.853125 0.07421875 0.1765625 0.1484375
0 0.94375 0.71875 0.10625 0.15625
0 0.63671875 0.165625 0.1875 0.1765625
0 0.7484375 0.3421875 0.16875 0.1609375
0 0.35 0.5234375 0.1765625 0.15625
0 0.3421875 0.0859375 0.1765625 0.140625
0 0.4515625 0.2734375 0.1484375 0.121875
0 0.54296875 0.4546875 0.153125 0.140625
0 0.8671875 0.553125 0.1375 0.1375
0 0.6640625 0.6390625 0.1296875 0.121875
0 0.4703125 0.73828125 0.16875 0.16875
0 0.78515625 0.83203125 0.1609375 0.153125
0 0.546875 0.915625 0.16875 0.125
0 0.240625 0.834375 0.1640625 0.16875
0 0.125 0.640625 0.171875 0.140625
0 0.0640625 0.45625 0.128125 0.1375
0 0.23828125 0.3515625 0.171875 0.153125
0 0.13671875 0.1625 0.1640625 0.1375
0 0.0991016953125 0.1118468734375 0.10154 0.057885 0.050778000000000004 0.028995 0.0991016953125 0.1118468734375
0 0.0625 0.921875 0.125 0.15625 0.0991016953125 0.1118468734375 0.0625 0.921875
0 0.8703125 0.96875 0.1453125 0.0625
0 0.53828125 0.0265625 0.171875 0.053125
0 0.34921875 0.971875 0.153125 0.05625