0 0.18359375 0.7109375 0.1796875 0.2078125
0 0.2421875 0.1796875 0.203125 0.1875
0 0.415625 0.57421875 0.2234375 0.1796875
0 0.78515625 0.6109375 0.21875 0.2
0 0.3734375 0.76171875 0.215625 0.1796875
0 0.2171875 0.3609375 0.184375 0.184375
0 0.8359375 0.44921875 0.203125 0.1640625
0 0.62890625 0.4234375 0.21875 0.2390625
0 0.9453125 0.821875 0.1015625 0.1453125
0 0.0796875 0.03671875 0.159375 0.0734375
0 0.69921875 0.8125 0.1640625 0.171875
0 0.05625 0.16484375 0.1125 0.1671875
0 0.80859375 0.2046875 0.2078125 0.1609375
0 0.44140625 0.19921875 0.203125 0.15625
0 0.2671875 0.03125 0.159375 0.0625
0 0.9203125 0.9609375 0.153125 0.0703125
0 0.4859375 0.0609375 0.2 0.121875
0 0.6265625 0.209375 0.16875 0.153125
0 0.96484375 0.2015625 0.0703125 0.1640625
0 0.9625 0.365625 0.075 0.1375
0 0.5390625 0.9234375 0.153125 0.1328125
0 0.546875 0.75 0.1296875 0.1921875
0 0.0765625 0.821875 0.153125 0.215625
0 0.1390625 0.53515625 0.184375 0.1953125
0 0.1292239875 0.1970809 0.770807 0.9403409999999999 0.16556900000000002 0.119317 0.1292239875 0.1970809
0 0.6109375 0.5921875 0.125 0.146875
0 0.9734375 0.4359375 0.053125 0.1828125
0 0.84609375 0.06328125 0.178125 0.1265625
0 0.95078125 0.5859375 0.0984375 0.153125
0 0.87421875 0.07109375 0.2140625 0.1421875