0 0.35546875 0.9234375 0.21875 0.1453125
0 0.9234375 0.734375 0.1453125 0.1484375
0 0.9390625 0.9453125 0.1140625 0.1015625
0 0.9046875 0.2046875 0.1765625 0.1921875
0 0.62890625 0.9453125 0.140625 0.1015625
0 0.35546875 0.7046875 0.1796875 0.246875
0 0.071875 0.5234375 0.14375 0.140625
0 0.3421875 0.41796875 0.1296875 0.1015625
0 0.915625 0.01171875 0.1453125 0.0234375
0 0.9078125 0.4359375 0.1640625 0.1875
0 0.65625 0.18359375 0.140625 0.15625
0 0.384375 0.1734375 0.1296875 0.1296875
0 0.1078125 0.18125 0.1796875 0.1328125
0 0.06875 0.7203125 0.1375 0.1296875
0 0.1912844359375 0.1885918828125 0.593581 0.843891 0.197399 0.150799 0.1912844359375 0.1885918828125
0 0.1912844359375 0.1885918828125 0.1359375 0.0984375 0.06796875 0.95078125 0.1912844359375 0.1885918828125
0 0.04453125 0.09375 0.0890625 0.1765625