0 0.4609375 0.2046875 0.203125 0.2
0 0.75390625 0.7796875 0.1875 0.2
0 0.6546875 0.12890625 0.1609375 0.1796875
0 0.3671875 0.484375 0.203125 0.1875
0 0.6734375 0.603125 0.1921875 0.1765625
0 0.2359375 0.790625 0.1609375 0.153125
0 0.9296875 0.665625 0.1328125 0.1765625
0 0.8984375 0.9234375 0.1796875 0.1375
0 0.875 0.4984375 0.1875 0.1765625
0 0.9359375 0.1796875 0.121875 0.1640625
0 0.071875 0.421875 0.14375 0.1875
0 0.2484375 0.3046875 0.184375 0.1953125
0 0.546875 0.396875 0.171875 0.1953125
0 0.7515625 0.3125 0.2265625 0.215625
0 0.853125 0.06640625 0.2078125 0.1328125
0 0.33984375 0.05859375 0.203125 0.1171875
0 0.13671875 0.1421875 0.215625 0.1609375
0 0.1328125 0.58984375 0.1875 0.1640625
0 0.43359375 0.68125 0.234375 0.2078125
0 0.5484375 0.85546875 0.1953125 0.1640625
0 0.3375 0.94140625 0.234375 0.109375
0 0.182923040625 0.24235629687500002 0.6711820000000001 0.965761 0.213496 0.068477 0.182923040625 0.24235629687500002
0 0.182923040625 0.24235629687500002 0.140625 0.1796875 0.0703125 0.8828125 0.182923040625 0.24235629687500002
0 0.0203125 0.69609375 0.0390625 0.1953125
0 0.06328125 0.0234375 0.1265625 0.046875
0 0.54140625 0.02265625 0.196875 0.0453125
0 0.15703125 0.98203125 0.1984375 0.0359375
0 0.1625 0.98671875 0.2109375 0.0265625
0 0.009375 0.25390625 0.01875 0.178125
0 0.01796875 0.25 0.0359375 0.1875
0 0.0125 0.25546875 0.025 0.175
0 0.0609375 0.015625 0.11875 0.03125
0 0.9921875 0.39296875 0.015625 0.1671875