0 0.8921875 0.5921875 0.2078125 0.1921875
0 0.65625 0.834375 0.1609375 0.2078125
0 0.071875 0.30390625 0.14375 0.1640625
0 0.8671875 0.2109375 0.1875 0.1796875
0 0.609375 0.540625 0.171875 0.1484375
0 0.33203125 0.7796875 0.140625 0.1328125
0 0.3609375 0.2734375 0.15625 0.15625
0 0.625 0.3578125 0.1453125 0.1796875
0 0.6265625 0.0703125 0.1796875 0.1296875
0 0.34453125 0.0640625 0.1796875 0.128125
0 0.10625 0.1453125 0.053125 0.8109375 0.17175400000000002 0.18032600000000001 0.9131560000000001 0.278901 0.10625 0.1453125
0 0.8609375 0.02734375 0.1828125 0.0546875
0 0.2984375 0.50859375 0.18125 0.1765625
0 0.56796875 0.96015625 0.190625 0.0796875
0 0.0734375 0.03828125 0.146875 0.075