0 0.8046875 0.44921875 0.1484375 0.1328125
0 0.41015625 0.8421875 0.1484375 0.1453125
0 0.37890625 0.0921875 0.1484375 0.1296875
0 0.040625 0.8359375 0.08125 0.140625
0 0.1890625 0.6421875 0.1453125 0.140625
0 0.38671875 0.4609375 0.153125 0.153125
0 0.609375 0.2671875 0.1765625 0.1359375
0 0.9625 0.2484375 0.075 0.153125
0 0.03125 0.4671875 0.0625 0.1375
0 0.8265625 0.8453125 0.1375 0.1484375 0.034395999999999996 0.096726 0.06872500000000001 0.13589 0.8265625 0.8453125
0 0.62578125 0.63828125 0.115625 0.128125
0 0.62890625 0.97890625 0.146875 0.0421875
0 0.97109375 0.625 0.0578125 0.128125