0 0.34765625 0.2171875 0.1796875 0.16875
0 0.134375 0.321875 0.215625 0.2
0 0.3359375 0.7046875 0.171875 0.1296875
0 0.9359375 0.05078125 0.121875 0.1015625
0 0.54296875 0.56640625 0.125 0.1328125
0 0.9546875 0.4921875 0.075 0.1796875
0 0.41015625 0.4046875 0.2265625 0.1765625
0 0.6234375 0.2421875 0.215625 0.203125
0 0.21484375 0.5453125 0.140625 0.1484375
0 0.6890625 0.446875 0.140625 0.140625
0 0.91015625 0.3140625 0.1796875 0.184375
0 0.7890625 0.1484375 0.121875 0.121875
0 0.475 0.07421875 0.215625 0.1453125
0 0.1640625 0.0546875 0.1796875 0.109375
0 0.8140625 0.62109375 0.184375 0.1640625
0 0.93515625 0.815625 0.1296875 0.125
0 0.6421875 0.76953125 0.153125 0.121875
0 0.7578125 0.94296875 0.140625 0.1140625
0 0.484375 0.91953125 0.1875 0.1609375
0 0.140625 0.853125 0.1765625 0.140625
0 0.0640625 0.665625 0.125 0.1640625 0.9530390000000001 0.949304 0.093921 0.10125500000000001 0.0640625 0.665625
0 0.6796875 0.02109375 0.1953125 0.0421875
0 0.02734375 0.94609375 0.0546875 0.1078125
0 0.04296875 0.1546875 0.0859375 0.1515625
0 0.04296875 0.1546875 0.0859375 0.1515625
0 0.015625 0.45859375 0.03125 0.184375
0 0.01171875 0.4546875 0.0234375 0.1828125
0 0.01875 0.94921875 0.0375 0.1015625
0 0.009375 0.459375 0.01875 0.1828125