0 0.8421875 0.91015625 0.246875 0.171875
0 0.7421875 0.7171875 0.203125 0.1921875
0 0.62890625 0.09375 0.2265625 0.1875
0 0.22265625 0.25390625 0.21875 0.203125
0 0.8421875 0.4609375 0.2 0.2109375
0 0.07421875 0.8421875 0.1484375 0.215625
0 0.5296875 0.3734375 0.23125 0.23125
0 0.63671875 0.5484375 0.234375 0.2
0 0.3984375 0.1734375 0.1640625 0.2
0 0.3359375 0.4609375 0.203125 0.1953125
0 0.1171875 0.53515625 0.21875 0.203125
0 0.5234375 0.7984375 0.2109375 0.2
0 0.4046875 0.62890625 0.16875 0.15625
0 0.915625 0.16015625 0.1609375 0.2109375
0 0.23046875 0.7484375 0.1796875 0.2078125
0 0.7359375 0.259375 0.2390625 0.1984375
0 0.134375 0.08203125 0.2234375 0.1640625
0 0.8421875 0.03515625 0.1765625 0.0703125
0 0.3296875 0.91015625 0.16875 0.1640625
0 0.9234375 0.64453125 0.153125 0.1765625
0 0.96640625 0.83359375 0.0671875 0.1671875
0 0.13906249843750002 0.20739300156249998 0.633794 0.956228 0.20753400000000002 0.087544 0.13906249843750002 0.20739300156249998
0 0.97109375 0.34375 0.0578125 0.1875
0 0.3125 0.0359375 0.1859375 0.071875
0 0.1390625 0.9671875 0.2203125 0.065625
0 0.0171875 0.640625 0.034375 0.1765625
0 0.01171875 0.1578125 0.0234375 0.1875