0 0.1796875 0.07421875 0.1484375 0.1015625
0 0.728125 0.3109375 0.1296875 0.075
0 0.15 0.3125 0.109375 0.1921875
0 0.16015625 0.58984375 0.140625 0.109375
0 0.1859375 0.85 0.0984375 0.090625
0 0.4984375 0.8140625 0.153125 0.125
0 0.2705633640625 0.29557316718750004 0.9642200000000001 0.81579 0.1171875 0.121875 0.2705633640625 0.29557316718750004
0 0.7421875 0.8296875 0.2705633640625 0.29557316718750004 0.07156 0.14632799999999999 0.7421875 0.8296875
0 0.9640625 0.33125 0.071875 0.1484375
0 0.1765625 0.98125 0.1578125 0.0375
0 0.72265625 0.06015625 0.1453125 0.11875
0 0.1796875 0.98671875 0.15625 0.0265625
0 0.72578125 0.05859375 0.14375 0.115625