0 0.2421875 0.5 0.1484375 0.1296875
0 0.5453125 0.4609375 0.171875 0.15625
0 0.828125 0.43125 0.1609375 0.15625
0 0.91015625 0.6796875 0.15625 0.140625
0 0.6421875 0.734375 0.16875 0.1640625
0 0.93515625 0.93046875 0.1296875 0.1359375
0 0.303125 0.771875 0.1140625 0.109375
0 0.122398696875 0.20028928281249997 0.096875 0.1640625 0.0484375 0.79609375 0.122398696875 0.20028928281249997
0 0.122398696875 0.20028928281249997 0.656874 0.958891 0.137099 0.081869 0.122398696875 0.20028928281249997
0 0.17890625 0.0359375 0.1453125 0.071875
0 0.31328125 0.978125 0.13125 0.0421875
0 0.0296875 0.55 0.059375 0.1515625
0 0.3125 0.9859375 0.1359375 0.028125