0 0.38671875 0.8109375 0.1484375 0.1375
0 0.31875 0.52734375 0.1140625 0.090625
0 0.61328125 0.49375 0.125 0.1171875
0 0.8765625 0.446875 0.1171875 0.1140625
0 0.95078125 0.7109375 0.0984375 0.15625
0 0.6265625 0.740625 0.09375 0.1375
0 0.88125 0.20703125 0.1328125 0.1375
0 0.5453125 0.24375 0.1328125 0.1375
0 0.3046875 0.3125 0.1609375 0.153125
0 0.0640625 0.31171875 0.128125 0.1921875
0 0.2984375 0.0546875 0.1984375 0.109375
0 0.053125 0.58203125 0.10625 0.1375
0 0.09765625 0.84765625 0.1706058421875 0.1867762859375 0.079202 0.098352 0.09765625 0.84765625
0 0.1706058421875 0.1867762859375 0.960399 0.9508240000000001 0.1765625 0.1328125 0.1706058421875 0.1867762859375
0 0.23828125 0.03984375 0.1421875 0.0796875
0 0.7328125 0.975 0.209375 0.05
0 0.834375 0.021875 0.14375 0.04375