0 0.6734375 0.34765625 0.246875 0.234375
0 0.4359375 0.5296875 0.215625 0.2
0 0.103125 0.11015625 0.20625 0.1921875
0 0.8609375 0.5484375 0.2390625 0.2234375
0 0.228125 0.72265625 0.2 0.1875
0 0.6484375 0.72265625 0.21875 0.2109375
0 0.85 0.91796875 0.2 0.1484375
0 0.5 0.1484375 0.21875 0.2109375
0 0.08203125 0.4984375 0.1640625 0.215625
0 0.88671875 0.171875 0.2109375 0.2109375
0 0.228125 0.9609375 0.2 0.0703125
0 0.70390625 0.0484375 0.2234375 0.096875
0 0.0625 0.8609375 0.125 0.1375
0 0.28125 0.33203125 0.140625 0.125
0 0.2202963328125 0.09714428124999999 0.044467 0.24596800000000002 0.9777659999999999 0.371865 0.2202963328125 0.09714428124999999
0 0.98671875 0.36796875 0.0265625 0.234375