0 0.9671875 0.59765625 0.059375 0.1328125
0 0.48046875 0.290625 0.1640625 0.1765625
0 0.7484375 0.3109375 0.1765625 0.153125
0 0.16796875 0.23046875 0.2421875 0.1796875
0 0.1796875 0.0609375 0.171875 0.121875
0 0.703125 0.5484375 0.1875 0.153125
0 0.44140625 0.53515625 0.15625 0.16875
0 0.16015625 0.4984375 0.184375 0.184375
0 0.953125 0.31640625 0.09375 0.153125
0 0.95703125 0.07421875 0.0859375 0.1484375
0 0.7484375 0.07421875 0.2234375 0.1484375
0 0.203125 0.1328125 0.49375 0.06640625 0.023549999999999998 0.148537 0.01187 0.24466899999999997 0.203125 0.1328125
0 0.015625 0.240625 0.03125 0.14375