0 0.09296875 0.3578125 0.1859375 0.1875
0 0.340625 0.6171875 0.1828125 0.1875
0 0.6453125 0.5828125 0.1828125 0.175
0 0.9203125 0.06953125 0.15 0.1390625
0 0.83671875 0.6953125 0.190625 0.165625
0 0.33203125 0.84765625 0.209375 0.1921875
0 0.78671875 0.2109375 0.1953125 0.2140625
0 0.29296875 0.38671875 0.178125 0.165625
0 0.84765625 0.93671875 0.2140625 0.1171875
0 0.61328125 0.1 0.1640625 0.2
0 0.68203125 0.83671875 0.159375 0.1921875
0 0.92734375 0.3 0.1453125 0.13125
0 0.61796875 0.31953125 0.159375 0.153125
0 0.19765625 0.20859375 0.1953125 0.1390625
0 0.17265625 0.5109375 0.1546875 0.1609375
0 0.51796875 0.93671875 0.1453125 0.1171875
0 0.491909090625 0.778630434375 0.513990909375 0.772469565625 0.52595 0.7689521734375 0.537909090625 0.760156521875 0.559990909375 0.7452043484375 0.5645863640625 0.7399260875 0.5728681812499999 0.7249739125 0.5710272734374999 0.7012260875 0.5618272734375 0.678356521875 0.5434272734375 0.639656521875 0.513990909375 0.6352608703125 0.491909090625 0.6405391296875 0.46983181875 0.6422956515625 0.4441863640625 0.6405043484374999 0.4348727265625 0.656369565625 0.4321136359375 0.6678043484375 0.43027272656250004 0.6959478265625 0.43027272656250004 0.721456521875 0.43027272656250004 0.7293739125 0.43027272656250004 0.752243478125 0.4348727265625 0.7759913046875 0.44683181875000005 0.7812652171875001 0.46523181874999997 0.7821478265625 0.491909090625 0.778630434375
0 0.246740909375 0.92698695625 0.2200045453125 0.9108434781250001 0.19326818125 0.9054608703125 0.1672363640625 0.9061347828124999 0.1405 0.9128608703125 0.1348727265625 0.9162260874999999 0.122909090625 0.9370782609375 0.1179863640625 0.9532217390625 0.11804545468750001 0.9669260875000001 0.13979545468750001 0.9956521734375 0.1602 0.9956521734375 0.21648636406250002 0.9956521734375 0.2594045453125 0.9956521734375 0.27699545468750003 0.9956521734375 0.27699545468750003 0.9801304343749999 0.27699545468750003 0.96398695625 0.2608136359375 0.939769565625 0.246740909375 0.92698695625
0 0.267690909375 0.7136782609375001 0.2621136359375 0.7012347828125 0.2305045453125 0.65768695625 0.22400000000000003 0.65768695625 0.20261818125 0.6514652171875001 0.1849545453125 0.6559086953125 0.16171818124999998 0.6639086953125 0.146840909375 0.6727956515625 0.130109090625 0.6959043484375 0.1143045453125 0.706569565625 0.1087272734375 0.7172347828125 0.10965909062500001 0.732343478125 0.1133772734375 0.750117390625 0.12825 0.777669565625 0.134759090625 0.785669565625 0.155209090625 0.7972217390624999 0.1830954546875 0.7892260875 0.20354999999999998 0.7892260875 0.22214090937500003 0.7874478265625 0.2305045453125 0.78211304375 0.2388727265625 0.7758913046875 0.250959090625 0.7661173906250001 0.26118181875 0.7572260875 0.2649 0.742117390625 0.267690909375 0.7225652171875 0.267690909375 0.7136782609375001
0 0 0.8665478265625 0.0036818187500000004 0.8798782609375 0.0315727265625 0.89498695625 0.052022726562499996 0.8976521734375 0.07526363593749999 0.89498695625 0.0929272734375 0.8923217390625 0.1133772734375 0.8798782609375 0.12918181875 0.8665478265625 0.1384772734375 0.8478826093749999 0.1394045453125 0.828330434375 0.134759090625 0.8114434781250001 0.12918181875 0.7954434781249999 0.105940909375 0.7643391296875001 0.09385454531250001 0.7438956515624999 0.0724727265625 0.7261217390625 0.0222772734375 0.733230434375 0.00371818125 0.736143478125 0 0.8016652171875001 0 0.82388695625 0 0.8336608703125 0 0.8514391296875001 0 0.8665478265625
0 0.4761454546875 0.5665086953125 0.49631818125000005 0.5628043484374999 0.5157136359375001 0.556869565625 0.5281227265624999 0.547969565625 0.5397590906249999 0.530169565625 0.5397590906249999 0.5108826093750001 0.53743181875 0.4945652171875 0.53433181875 0.4827 0.52191818125 0.46712173906250004 0.5164863640624999 0.45673912968749997 0.5183454546874999 0.4505608703125 0.5116454546875 0.439356521875 0.49155909062500003 0.4289521734375 0.46811818125000004 0.4209478265625 0.44300909062500005 0.4201478265625 0.42543181875 0.4257478265625 0.39948181875 0.437756521875 0.38776363593749996 0.4673652171875 0.387709090625 0.48047391250000004 0.38383181875 0.4960478265625 0.38228181875 0.5108826093750001 0.38228181875 0.5220086953124999 0.3977954546875 0.530169565625 0.41253636406250005 0.5427782609375 0.43348181874999997 0.55538695625 0.4489954546875 0.5657695656249999 0.4761454546875 0.5665086953125
0 0.1625551890625 0.1397534328125 0.139847 0.147685 0.500775 0.711761 0.1625551890625 0.1397534328125
0 0.0671875 0.82421875 0.134375 0.165625
0 0.184375 0.95390625 0.1296875 0.0921875
0 0.1875 0.7296875 0.159375 0.1578125
0 0.46484375 0.49765625 0.1640625 0.1421875
0 0.92734375 0.4609375 0.1453125 0.2046875
0 0.053125 0.53984375 0.10625 0.16875
0 0.40078125 0.53984375 0.596875 0.68125